9.83568e-23 1.3867e-22 1.95277e-22 2.74675e-22 3.85926e-22 5.4165e-22 7.59418e-22 1.06367e-21 1.48839e-21 2.08079e-21 2.90648e-21 4.0565e-21 5.65726e-21 7.88418e-21 1.09806e-20 1.52842e-20 2.12633e-20 2.95677e-20 4.10989e-20 5.71076e-20 7.93293e-20 1.10173e-19 1.52982e-19 2.12398e-19 2.94867e-19 4.0934e-19 5.68248e-19 7.88859e-19 1.09515e-18 1.52044e-18 2.11097e-18 2.93095e-18 4.0695e-18 5.65021e-18 7.84447e-18 1.08897e-17 1.51146e-17 2.09737e-17 2.90949e-17 4.03448e-17 5.59173e-17 7.74552e-17 1.07215e-16 1.48292e-16 2.04921e-16 2.82887e-16 3.90077e-16 5.37212e-16 7.38843e-16 1.01466e-15 1.39124e-15 1.90436e-15 2.60206e-15 3.54865e-15 4.82995e-15 6.56018e-15 8.89085e-15 1.20223e-14 1.62187e-14 2.18269e-14 2.93012e-14 3.92343e-14 5.23968e-14 6.9787e-14 9.26934e-14 1.22773e-13 1.62147e-13 2.13522e-13 2.80339e-13 3.66949e-13 4.78835e-13 6.22877e-13 8.07671e-13 1.04391e-12 1.34486e-12 1.72689e-12 2.21015e-12 2.81942e-12 3.58506e-12 4.54437e-12 5.74313e-12 7.23785e-12 9.09866e-12 1.14133e-11 1.42929e-11 1.78796e-11 2.23582e-11 2.79723e-11 3.50471e-11 4.40219e-11 5.54964e-11 7.02945e-11 8.95537e-11 1.14847e-10 1.48351e-10 1.93066e-10 2.53122e-10 3.34167e-10 4.43885e-10 5.92657e-10 7.94404e-10 1.06764e-09 1.43679e-09 1.93374e-09 2.59978e-09 3.48777e-09 4.66466e-09 6.2143e-09 8.24042e-09 1.08697e-08 1.42546e-08 1.85763e-08 2.40462e-08 3.09071e-08 3.94328e-08 4.99257e-08 6.27125e-08 7.81374e-08 9.65526e-08 1.18307e-07 1.43734e-07 1.73133e-07 2.06762e-07 2.44821e-07 2.87447e-07 3.34718e-07 3.86662e-07 4.43291e-07 5.04652e-07 5.70897e-07 6.42396e-07 7.19866e-07 8.04546e-07 8.98386e-07 1.00427e-06 1.12622e-06 1.26963e-06 1.44139e-06 1.65e-06 1.9055e-06 2.21926e-06 2.60352e-06 3.0707e-06 3.6324e-06 4.29813e-06 5.07388e-06 5.96055e-06 6.95259e-06 8.037e-06 9.19301e-06 1.03928e-05 1.16035e-05 1.27904e-05 1.39214e-05 1.49734e-05 1.59383e-05 1.68305e-05 1.76946e-05 1.86131e-05 1.97144e-05 2.11819e-05 2.32633e-05 2.62805e-05 3.06404e-05 3.68423e-05 4.54805e-05 5.72372e-05 7.28579e-05 9.31038e-05 0.000118676 0.00015011 0.000187645 0.000231087 0.000279699 0.000332151 0.000386595 0.000440883 0.00049297 0.00054148 0.000586386 0.000629749 0.00067642 0.00073468 0.000816769 0.000939302 0.00112351 0.00139516 0.00178374 0.00232045 0.00303419 0.00394494 0.0050546 0.00633658 0.00772734 0.00912489 0.0103986 0.0114121 0.0120533 0.0122633 0.0120511 0.0114919 0.0107094 0.00985069 0.00906226 0.00847144 0.00817716 0.00824879 0.00873165 0.00965637 0.0110501 0.0129467 0.0153937 0.0184493 0.0221626 0.0265278 0.0314151 0.0365007 0.0412589 0.0450814 0.0475251 0.0485486 0.0485386 0.048062 0.0475048 0.0468417 0.0456815 0.0435641 0.0403194 0.0362508 0.0320359 0.0284595 0.026171 0.025559 0.026711 0.0293902 0.0330091 0.0366563 0.0392731 0.0399993 0.0385318 0.0352382 0.03094 0.0265486 0.0228012 0.0201834 0.0189738 0.0193107 0.0212184 0.0245737 0.029027 0.033927 0.0383375 0.0412355 0.0418712 0.0401022 0.0364529 0.0318542 0.0272647 0.0234068 0.0206863 0.0192369 0.0189987 0.019781 0.0212981 0.0231907 0.0250552 0.0264932 0.0271758 0.0269059 0.0256564 0.0235697 0.0209136 0.0180098 0.0151573 0.0125776 0.0103929 0.0086343 0.00726819 0.00622841 0.00544466 0.0048626 0.00445367 0.0042157 0.0041668 0.00433531 0.00474817 0.00541891 0.00633603 0.00745385 0.00868868 0.00992451 0.0110293 0.0118784 0.0123775 0.0124756 0.0121676 0.0114892 0.0105094 0.00932187 0.00803297 0.00674619 0.00554714 0.00449341 0.00361198 0.00290335 0.00234957 0.00192312 0.00159429 0.00133641 0.00112846 0.000955821 0.00080949 0.00068472 0.000579425 0.000492828 0.000424497 0.000373776 0.000339542 0.000320167 0.000313585 0.000317405 0.000329027 0.000345765 0.000364969 0.000384163 0.000401179 0.00041429 0.00042229 0.000424531 0.000420883 0.000411635 0.000397363 0.000378797 0.000356715 0.000331877 0.000305013 0.000276823 0.000247997 0.000219216 0.00019114 0.000164377 0.000139448 0.000116752 9.65444e-05 7.89369e-05 6.3905e-05 5.13144e-05 4.09505e-05 3.25503e-05 2.58306e-05 2.05111e-05 1.63308e-05 1.30583e-05 1.04966e-05 8.48386e-06 6.89145e-06 5.6197e-06 4.59337e-06 3.75669e-06 3.06888e-06 2.50019e-06 2.02873e-06 1.63801e-06 1.3152e-06 1.0499e-06 8.33354e-07 6.57995e-07 5.17185e-07 4.05078e-07 3.16553e-07 2.47174e-07 1.93152e-07 1.51304e-07 1.18997e-07 9.40923e-08 7.48803e-08 6.00146e-08 4.8451e-08 3.93904e-08 3.22285e-08 2.65127e-08 2.19066e-08 1.81609e-08 1.50907e-08 1.25581e-08 1.04593e-08 8.71436e-09 7.26115e-09 6.04993e-09 5.04028e-09 4.19883e-09 3.49775e-09 2.91365e-09 2.42689e-09 2.02102e-09 1.68227e-09 1.39924e-09 1.16246e-09 9.64192e-10 7.98047e-10 6.58802e-10 5.42158e-10 4.44569e-10 3.63086e-10 2.95239e-10 2.38945e-10 1.92428e-10 1.54171e-10 1.22868e-10 9.73961e-11 7.67882e-11 6.02143e-11 4.69652e-11 3.64383e-11 2.81247e-11 2.15985e-11 1.65055e-11 1.25538e-11 9.50458e-12 7.16453e-12 5.37801e-12 4.02085e-12 2.99478e-12 2.22253e-12 1.64382e-12 1.21191e-12 8.90801e-13 6.52933e-13 4.77329e-13 3.48105e-13 2.53295e-13 1.83927e-13 1.33306e-13 9.64529e-14 6.96833e-14 5.02773e-14 3.62352e-14 2.60914e-14 1.87743e-14 1.35031e-14 9.70981e-15 6.98243e-15 5.02273e-15 3.6152e-15 2.60443e-15 1.8785e-15 1.35693e-15 9.81917e-16 7.12011e-16 5.17488e-16 3.7706e-16 2.75481e-16 2.01834e-16 1.48302e-16 1.09281e-16 8.07534e-17 5.98325e-17 4.44417e-17 3.3084e-17 2.46771e-17 1.84367e-17 1.37924e-17 1.03279e-17 7.73833e-18 5.79958e-18 4.34628e-18 3.25593e-18 2.43749e-18 1.82308e-18 1.36195e-18 1.01606e-18 7.5682e-19 5.62752e-19 4.17668e-19 3.09374e-19 2.28684e-19 1.68675e-19 1.24138e-19 9.11551e-20 6.67825e-20 4.88139e-20 3.55976e-20 2.58998e-20 1.88008e-20 1.36166e-20 9.8398e-21 7.09485e-21 5.10455e-21 3.66479e-21 2.62567e-21 1.87739e-21 1.33972e-21 9.54229e-22 6.78411e-22 4.81467e-22 3.41117e-22 2.41288e-22 1.70411e-22 1.20176e-22 8.46319e-23 
1.39769e-22 1.97252e-22 2.78037e-22 3.91442e-22 5.50465e-22 7.73219e-22 1.08493e-21 1.52071e-21 2.12937e-21 2.97876e-21 4.16316e-21 5.81346e-21 8.11133e-21 1.13089e-20 1.5756e-20 2.19378e-20 3.05274e-20 4.24582e-20 5.90252e-20 8.20245e-20 1.13948e-19 1.58254e-19 2.19742e-19 3.05073e-19 4.23496e-19 5.87855e-19 8.15987e-19 1.13267e-18 1.57233e-18 2.18276e-18 3.0304e-18 4.20748e-18 5.84209e-18 8.11201e-18 1.12639e-17 1.56398e-17 2.17136e-17 3.01415e-17 4.1831e-17 5.80359e-17 8.04862e-17 1.11566e-16 1.54555e-16 2.13958e-16 2.95951e-16 4.08985e-16 5.64601e-16 7.7852e-16 1.07212e-15 1.47437e-15 2.02448e-15 2.77533e-15 3.79805e-15 5.18806e-15 7.07299e-15 9.62302e-15 1.30644e-14 1.76969e-14 2.39166e-14 3.22447e-14 4.33653e-14 5.81728e-14 7.78323e-14 1.03857e-13 1.38203e-13 1.83392e-13 2.4266e-13 3.20145e-13 4.21113e-13 5.52245e-13 7.21972e-13 9.40894e-13 1.22227e-12 1.58264e-12 2.0425e-12 2.6272e-12 3.36793e-12 4.30297e-12 5.47923e-12 6.95404e-12 8.79759e-12 1.10959e-11 1.39552e-11 1.75069e-11 2.19161e-11 2.7392e-11 3.4204e-11 4.27039e-11 5.33581e-11 6.67937e-11 8.38636e-11 1.05739e-10 1.34037e-10 1.70999e-10 2.19737e-10 2.84563e-10 3.71435e-10 4.88549e-10 6.4712e-10 8.62386e-10 1.15491e-09 1.5522e-09 2.09077e-09 2.81861e-09 3.79823e-09 5.11015e-09 6.85705e-09 9.1683e-09 1.2205e-08 1.6165e-08 2.12883e-08 2.78614e-08 3.62209e-08 4.67562e-08 5.99083e-08 7.61677e-08 9.60671e-08 1.20171e-07 1.49059e-07 1.83309e-07 2.23472e-07 2.70048e-07 3.23459e-07 3.84026e-07 4.51959e-07 5.27343e-07 6.10162e-07 7.00334e-07 7.97787e-07 9.02571e-07 1.01503e-06 1.136e-06 1.2671e-06 1.41108e-06 1.57212e-06 1.75628e-06 1.97183e-06 2.22958e-06 2.54306e-06 2.92853e-06 3.40469e-06 3.99201e-06 4.71168e-06 5.58394e-06 6.62601e-06 7.84957e-06 9.25803e-06 1.08439e-05 1.2587e-05 1.44531e-05 1.63951e-05 1.83561e-05 2.02738e-05 2.20892e-05 2.37554e-05 2.52487e-05 2.65806e-05 2.78097e-05 2.90542e-05 3.0504e-05 3.24347e-05 3.52231e-05 3.93642e-05 4.54911e-05 5.43916e-05 6.70206e-05 8.44962e-05 0.000108072 0.000139066 0.000178744 0.00022814 0.000287818 0.000357612 0.000436381 0.00052186 0.0006107 0.000698778 0.000781831 0.000856391 0.000920927 0.000977051 0.00103064 0.00109273 0.00118024 0.00131642 0.00153125 0.00186144 0.00234977 0.00304302 0.0039871 0.00521845 0.00675087 0.00855932 0.0105645 0.0126264 0.0145539 0.0161362 0.0171894 0.0176029 0.0173695 0.0165877 0.0154389 0.0141485 0.0129445 0.0120246 0.0115376 0.0115796 0.0122009 0.0134204 0.0152417 0.0176691 0.0207201 0.0244284 0.0288298 0.0339184 0.0395692 0.0454511 0.051003 0.0555632 0.0586649 0.0603276 0.0610811 0.0616256 0.0623344 0.0629275 0.0625527 0.0602911 0.0558015 0.0496283 0.0429496 0.0370384 0.0328498 0.0308853 0.0312192 0.0335401 0.037155 0.0410225 0.0439373 0.044907 0.0435512 0.0402332 0.0358222 0.0313006 0.0274904 0.0249855 0.0242062 0.0254626 0.0289579 0.0347002 0.042324 0.0508815 0.0587704 0.0640472 0.0651987 0.0619452 0.0553897 0.0473753 0.0396422 0.0333515 0.0290429 0.0268023 0.0264421 0.027611 0.029839 0.0325558 0.0351335 0.0369737 0.0376205 0.0368523 0.0347129 0.0314756 0.0275584 0.0234176 0.0194511 0.0159359 0.0130105 0.0106935 0.0089229 0.00759913 0.00662284 0.00592005 0.00545428 0.00522681 0.00526829 0.00562545 0.00634469 0.00745349 0.00894001 0.0107339 0.0126956 0.0146241 0.016289 0.0174816 0.0180628 0.0179869 0.0172941 0.0160846 0.014494 0.0126751 0.0107828 0.00895683 0.00730469 0.0058913 0.00473848 0.00383299 0.00313906 0.00261116 0.00220417 0.0018801 0.00161109 0.00137956 0.00117644 0.000998501 0.000845695 0.000719057 0.000619333 0.000546313 0.000498658 0.00047401 0.000469213 0.000480531 0.000503856 0.000534891 0.000569348 0.000603172 0.00063279 0.000655352 0.000668914 0.000672505 0.000666066 0.000650264 0.000626237 0.00059534 0.000558947 0.000518351 0.000474744 0.000429247 0.00038296 0.000336969 0.00029233 0.000250016 0.000210847 0.000175434 0.000144147 0.000117111 9.42332e-05 7.52452e-05 5.97598e-05 4.73236e-05 3.74628e-05 2.97197e-05 2.3677e-05 1.89715e-05 1.52996e-05 1.24166e-05 1.0131e-05 8.29753e-06 6.8086e-06 5.58597e-06 4.57347e-06 3.73073e-06 3.02828e-06 2.44387e-06 1.95992e-06 1.56188e-06 1.23717e-06 9.74661e-07 7.64416e-07 5.97569e-07 4.66302e-07 3.63819e-07 2.84321e-07 2.22948e-07 1.757e-07 1.39346e-07 1.11321e-07 8.96209e-08 7.27031e-08 5.9398e-08 4.88284e-08 4.03428e-08 3.34606e-08 2.78279e-08 2.31831e-08 1.93313e-08 1.6125e-08 1.34502e-08 1.12169e-08 9.35213e-09 7.79595e-09 6.49812e-09 5.41628e-09 4.51462e-09 3.76292e-09 3.13575e-09 2.61189e-09 2.17372e-09 1.80673e-09 1.49901e-09 1.2408e-09 1.02411e-09 8.42408e-10 6.9026e-10 5.63162e-10 4.57325e-10 3.69535e-10 2.97046e-10 2.37494e-10 1.8884e-10 1.49321e-10 1.17417e-10 9.18195e-11 7.14109e-11 5.52412e-11 4.25095e-11 3.2546e-11 2.47953e-11 1.88011e-11 1.41912e-11 1.06651e-11 7.98199e-12 5.95042e-12 4.41941e-12 3.27079e-12 2.4127e-12 1.77421e-12 1.3009e-12 9.51279e-13 6.93874e-13 5.04948e-13 3.66679e-13 2.65755e-13 1.92272e-13 1.38889e-13 1.0019e-13 7.21894e-14 5.19638e-14 3.73769e-14 2.68707e-14 1.93123e-14 1.38797e-14 9.97782e-15 7.1767e-15 5.16626e-15 3.72327e-15 2.68722e-15 1.94287e-15 1.40758e-15 1.02214e-15 7.44139e-16 5.43242e-16 3.97729e-16 2.92059e-16 2.15105e-16 1.58893e-16 1.17702e-16 8.74179e-17 6.50814e-17 4.85543e-17 3.62888e-17 2.71607e-17 2.03505e-17 1.52587e-17 1.14449e-17 8.58441e-18 6.43676e-18 4.82339e-18 3.61114e-18 2.70043e-18 2.01662e-18 1.50359e-18 1.11912e-18 8.31382e-19 6.16384e-19 4.56021e-19 3.36639e-19 2.47951e-19 1.82207e-19 1.33583e-19 9.77049e-20 7.12944e-20 5.19005e-20 3.76938e-20 2.73124e-20 1.97448e-20 1.42418e-20 1.02498e-20 7.36075e-21 5.27485e-21 3.77226e-21 2.6923e-21 1.91781e-21 1.36356e-21 9.67743e-22 6.8564e-22 4.84969e-22 3.4249e-22 2.41508e-22 1.70059e-22 1.19588e-22 
1.98419e-22 2.80313e-22 3.9551e-22 5.57363e-22 7.8451e-22 1.10294e-21 1.54885e-21 2.17266e-21 3.04448e-21 4.26179e-21 5.96007e-21 8.3274e-21 1.16249e-20 1.62151e-20 2.26005e-20 3.14785e-20 4.38163e-20 6.0955e-20 8.47545e-20 1.17794e-19 1.63653e-19 2.27293e-19 3.15602e-19 4.3814e-19 6.08174e-19 8.44127e-19 1.17158e-18 1.62608e-18 2.25699e-18 3.13291e-18 4.34913e-18 6.03806e-18 8.38363e-18 1.16413e-17 1.61656e-17 2.24488e-17 3.11732e-17 4.32848e-17 6.00932e-17 8.34098e-17 1.15738e-16 1.60531e-16 2.22547e-16 3.08335e-16 4.26883e-16 5.90516e-16 8.16093e-16 1.12663e-15 1.55346e-15 2.13917e-15 2.94148e-15 4.03839e-15 5.53506e-15 7.57286e-15 1.03412e-14 1.40934e-14 1.91665e-14 2.60085e-14 3.52122e-14 4.75597e-14 6.40793e-14 8.61185e-14 1.15437e-13 1.54323e-13 2.05743e-13 2.73531e-13 3.62613e-13 4.79305e-13 6.31664e-13 8.29929e-13 1.08705e-12 1.41935e-12 1.84728e-12 2.39636e-12 3.09833e-12 3.99242e-12 5.12695e-12 6.56123e-12 8.36777e-12 1.06351e-11 1.34711e-11 1.70076e-11 2.14057e-11 2.6864e-11 3.36288e-11 4.20097e-11 5.24006e-11 6.53111e-11 8.14109e-11 1.01594e-10 1.27073e-10 1.59503e-10 2.01177e-10 2.55274e-10 3.26219e-10 4.20169e-10 5.45677e-10 7.1457e-10 9.4312e-10 1.25358e-09 1.67615e-09 2.25151e-09 3.03398e-09 4.09542e-09 5.53e-09 7.4599e-09 1.00419e-08 1.34747e-08 1.80075e-08 2.39486e-08 3.1674e-08 4.16355e-08 5.43681e-08 7.04936e-08 9.07218e-08 1.15846e-07 1.46735e-07 1.84312e-07 2.29535e-07 2.83358e-07 3.46698e-07 4.20388e-07 5.05129e-07 6.01451e-07 7.09675e-07 8.29897e-07 9.62e-07 1.10571e-06 1.26068e-06 1.42669e-06 1.60389e-06 1.79312e-06 1.9964e-06 2.21742e-06 2.46218e-06 2.73964e-06 3.06239e-06 3.44723e-06 3.91556e-06 4.49354e-06 5.21175e-06 6.10425e-06 7.20694e-06 8.55496e-06 1.01792e-05 1.21021e-05 1.43327e-05 1.6862e-05 1.96588e-05 2.2668e-05 2.58104e-05 2.8988e-05 3.20914e-05 3.50129e-05 3.76619e-05 3.99838e-05 4.19785e-05 4.372e-05 4.53754e-05 4.72236e-05 4.96762e-05 5.33013e-05 5.8853e-05 6.73053e-05 7.98881e-05 9.81173e-05 0.000123807 0.000159042 0.000206087 0.000267207 0.00034437 0.000438844 0.000550694 0.000678283 0.000817899 0.000963676 0.001108 0.00124252 0.00135968 0.00145475 0.0015278 0.00158555 0.00164265 0.00172246 0.00185742 0.00208929 0.00246927 0.00305757 0.00392159 0.00513076 0.0067461 0.00880289 0.0112869 0.0141091 0.017089 0.0199609 0.0224103 0.0241404 0.0249465 0.0247727 0.0237325 0.0220843 0.0201733 0.0183598 0.0169571 0.0161942 0.0162065 0.0170471 0.0187082 0.0211457 0.0243021 0.0281256 0.0325819 0.0376521 0.0433019 0.0494123 0.0556885 0.0616223 0.0666142 0.07028 0.0727597 0.0747261 0.0769713 0.0797814 0.0824825 0.0835262 0.0812815 0.0751504 0.0660905 0.0560686 0.0470464 0.0403353 0.0365045 0.0355507 0.0370511 0.0402216 0.0439595 0.0470154 0.0483459 0.047494 0.0447207 0.0407936 0.036638 0.0331045 0.0309216 0.030744 0.0331921 0.0388171 0.0479444 0.0603468 0.0747676 0.0885539 0.0980246 0.100065 0.0941028 0.0824872 0.0688562 0.0562663 0.0464459 0.0399801 0.0367688 0.0363795 0.0382139 0.0415367 0.0454666 0.0490284 0.051315 0.051702 0.0499898 0.0463962 0.0414306 0.035732 0.0299235 0.0245067 0.019805 0.0159588 0.0129592 0.0107023 0.00904505 0.00785164 0.00702443 0.00651824 0.00634041 0.0065408 0.00719525 0.00838401 0.0101637 0.0125319 0.0153871 0.0185003 0.0215196 0.0240321 0.0256729 0.0262341 0.02571 0.0242593 0.0221248 0.0195647 0.0168199 0.0141018 0.0115814 0.00937748 0.00754941 0.00610083 0.00499285 0.00416175 0.00353606 0.00304997 0.00265149 0.00230569 0.00199368 0.00170894 0.00145263 0.00122923 0.00104332 0.000897783 0.000793158 0.000727735 0.000697978 0.000699007 0.000725 0.000769496 0.000825655 0.000886542 0.0009455 0.000996598 0.00103509 0.00105781 0.0010633 0.00105174 0.00102456 0.000983993 0.000932528 0.000872588 0.000806344 0.000735723 0.000662503 0.000588413 0.000515179 0.000444488 0.000377883 0.00031665 0.000261713 0.000213584 0.000172371 0.000137826 0.000109436 8.65109e-05 6.8278e-05 5.39537e-05 4.27985e-05 3.41524e-05 2.74519e-05 2.2235e-05 1.81357e-05 1.48739e-05 1.22408e-05 1.00853e-05 8.30012e-06 6.80953e-06 5.56011e-06 4.51307e-06 3.63888e-06 2.9137e-06 2.31715e-06 1.8311e-06 1.43907e-06 1.12609e-06 8.78652e-07 6.84771e-07 5.34035e-07 4.17568e-07 3.27963e-07 2.59162e-07 2.06304e-07 1.65559e-07 1.3396e-07 1.09246e-07 8.97163e-08 7.41081e-08 6.14919e-08 5.11873e-08 4.2696e-08 3.56513e-08 2.97791e-08 2.4871e-08 2.07641e-08 1.73278e-08 1.44549e-08 1.20556e-08 1.00539e-08 8.38498e-09 6.99374e-09 5.83344e-09 4.86477e-09 4.05493e-09 3.37678e-09 2.80801e-09 2.33038e-09 1.92901e-09 1.59174e-09 1.30859e-09 1.07132e-09 8.73033e-10 7.07919e-10 5.71023e-10 4.58087e-10 3.65428e-10 2.89854e-10 2.28594e-10 1.79253e-10 1.39769e-10 1.08377e-10 8.35801e-11 6.41168e-11 4.8935e-11 3.71644e-11 2.80919e-11 2.11384e-11 1.58377e-11 1.18179e-11 8.78437e-12 6.50574e-12 4.8017e-12 3.53263e-12 2.59118e-12 1.89533e-12 1.38275e-12 1.00639e-12 7.30853e-13 5.29692e-13 3.83202e-13 2.76774e-13 1.99619e-13 1.43794e-13 1.03475e-13 7.44008e-14 5.34645e-14 3.84064e-14 2.7587e-14 1.98191e-14 1.42453e-14 1.02469e-14 7.37883e-15 5.32099e-15 3.84367e-15 2.78216e-15 2.01848e-15 1.46821e-15 1.07094e-15 7.8348e-16 5.74938e-16 4.23215e-16 3.12486e-16 2.31412e-16 1.7185e-16 1.27944e-16 9.54714e-17 7.1378e-17 5.34489e-17 4.00714e-17 3.00668e-17 2.257e-17 1.69439e-17 1.27169e-17 9.53879e-18 7.14868e-18 5.35134e-18 4.00038e-18 2.98573e-18 2.22451e-18 1.65419e-18 1.22758e-18 9.0903e-19 6.7164e-19 4.95102e-19 3.6411e-19 2.67137e-19 1.95521e-19 1.42759e-19 1.03985e-19 7.55603e-20 5.47757e-20 3.96154e-20 2.85849e-20 2.05791e-20 1.47827e-20 1.0596e-20 7.57906e-21 5.41004e-21 3.85414e-21 2.74047e-21 1.94502e-21 1.37803e-21 9.7468e-22 6.88284e-22 4.85301e-22 3.41688e-22 2.40247e-22 1.68707e-22 
2.81384e-22 3.97948e-22 5.62074e-22 7.92886e-22 1.11709e-21 1.57196e-21 2.20943e-21 3.10186e-21 4.34993e-21 6.09366e-21 8.52766e-21 1.19222e-20 1.66527e-20 2.32398e-20 3.24061e-20 4.51536e-20 6.28721e-20 8.74883e-20 1.21674e-19 1.69133e-19 2.35004e-19 3.2641e-19 4.53234e-19 6.29191e-19 8.7331e-19 1.21201e-18 1.68198e-18 2.33416e-18 3.23934e-18 4.49586e-18 6.24038e-18 8.66278e-18 1.2027e-17 1.66996e-17 2.319e-17 3.22053e-17 4.47272e-17 6.21172e-17 8.62626e-17 1.19777e-16 1.66275e-16 2.30754e-16 3.20105e-16 4.43828e-16 6.14988e-16 8.51523e-16 1.17802e-15 1.6281e-15 2.24764e-15 3.0991e-15 4.26729e-15 5.86711e-15 8.05373e-15 1.10362e-14 1.50953e-14 2.06069e-14 2.80731e-14 3.81617e-14 5.17588e-14 7.00357e-14 9.4536e-14 1.27286e-13 1.70939e-13 2.28952e-13 3.05817e-13 4.07347e-13 5.41038e-13 7.16512e-13 9.4608e-13 1.24541e-12 1.63438e-12 2.13808e-12 2.78802e-12 3.62363e-12 4.69394e-12 6.05973e-12 7.79589e-12 9.99438e-12 1.27676e-11 1.62525e-11 2.06156e-11 2.60595e-11 3.28304e-11 4.12294e-11 5.16267e-11 6.44825e-11 8.0376e-11 1.00048e-10 1.24462e-10 1.54895e-10 1.93062e-10 2.41306e-10 3.02856e-10 3.82199e-10 4.85596e-10 6.21791e-10 8.02984e-10 1.04614e-09 1.37474e-09 1.82107e-09 2.42928e-09 3.25915e-09 4.39108e-09 5.93211e-09 8.02347e-09 1.08496e-08 1.46486e-08 1.97248e-08 2.64619e-08 3.5338e-08 4.69401e-08 6.1979e-08 8.13012e-08 1.05898e-07 1.36908e-07 1.75614e-07 2.23426e-07 2.81858e-07 3.52484e-07 4.36889e-07 5.36599e-07 6.53008e-07 7.87293e-07 9.40335e-07 1.11265e-06 1.30435e-06 1.51512e-06 1.7443e-06 1.99103e-06 2.25448e-06 2.53424e-06 2.83087e-06 3.14661e-06 3.48625e-06 3.85814e-06 4.27537e-06 4.75684e-06 5.32841e-06 6.0237e-06 6.88449e-06 7.96045e-06 9.30791e-06 1.09873e-05 1.30593e-05 1.55789e-05 1.85883e-05 2.21086e-05 2.61308e-05 3.06088e-05 3.54539e-05 4.0535e-05 4.56845e-05 5.07117e-05 5.54233e-05 5.96502e-05 6.32774e-05 6.62763e-05 6.87351e-05 7.08874e-05 7.31402e-05 7.61043e-05 8.06296e-05 8.78525e-05 9.92545e-05 0.000116731 0.000142657 0.000179939 0.000232003 0.000302692 0.000396008 0.000515653 0.000664331 0.000842845 0.00104911 0.00127728 0.00151739 0.00175578 0.00197664 0.00216475 0.00230886 0.00240536 0.00246128 0.00249614 0.00254259 0.00264617 0.00286483 0.00326878 0.00394038 0.00497304 0.00646664 0.00851647 0.0111922 0.0145061 0.0183749 0.0225871 0.0267953 0.0305508 0.0333853 0.034923 0.0349895 0.03368 0.0313524 0.0285417 0.0258284 0.0237176 0.0225673 0.0225707 0.0237769 0.0261275 0.0294942 0.033712 0.0386049 0.0440075 0.0497821 0.0558189 0.0619972 0.0681097 0.0738146 0.0787251 0.082673 0.0859772 0.0894242 0.0938236 0.099302 0.104702 0.1076 0.10542 0.0972327 0.0846062 0.0705796 0.0579447 0.0483474 0.0423385 0.0397677 0.0400832 0.0424502 0.0457984 0.0489514 0.0508998 0.0510993 0.0495826 0.046825 0.0435281 0.0405007 0.0386501 0.0389984 0.04266 0.0507567 0.0642045 0.0832238 0.106431 0.129742 0.146381 0.149925 0.139173 0.119144 0.0968552 0.0773508 0.0628843 0.0538168 0.0496174 0.0494531 0.0523938 0.0573724 0.0630832 0.0680244 0.0707998 0.0705496 0.067192 0.0613062 0.0538053 0.0456403 0.0376255 0.0303547 0.0241745 0.0192029 0.0153822 0.01255 0.0105072 0.00907352 0.00812318 0.00760127 0.0075245 0.00797066 0.00906056 0.0109319 0.0136996 0.017396 0.0218928 0.0268266 0.0315845 0.0354103 0.0376383 0.0379446 0.0364443 0.0335728 0.0298667 0.0258002 0.0217336 0.0179261 0.0145547 0.0117212 0.00945414 0.00771817 0.00643208 0.0054911 0.00478818 0.00423061 0.00375004 0.00330558 0.00288079 0.00247676 0.00210408 0.00177578 0.00150261 0.00129093 0.00114231 0.00105429 0.00102143 0.00103616 0.00108951 0.00117141 0.00127107 0.0013773 0.00147913 0.00156665 0.00163187 0.00166953 0.00167747 0.00165644 0.00160946 0.00154081 0.00145506 0.00135646 0.00124861 0.00113458 0.00101713 0.000898979 0.000782838 0.000671392 0.000567089 0.000471923 0.00038726 0.000313774 0.000251465 0.000199774 0.000157739 0.000124151 9.77109e-05 7.71365e-05 6.12482e-05 4.90146e-05 3.95729e-05 3.22289e-05 2.6444e-05 2.1814e-05 1.8045e-05 1.49293e-05 1.23231e-05 1.01276e-05 8.274e-06 6.71271e-06 5.40524e-06 4.31946e-06 3.4268e-06 2.70089e-06 2.11717e-06 1.65291e-06 1.28744e-06 1.00237e-06 7.81714e-07 6.1192e-07 4.8173e-07 3.82e-07 3.05453e-07 2.46405e-07 2.00495e-07 1.6443e-07 1.35761e-07 1.12685e-07 9.38895e-08 7.84212e-08 6.55855e-08 5.48721e-08 4.58984e-08 3.83706e-08 3.20557e-08 2.67636e-08 2.23355e-08 1.86363e-08 1.55499e-08 1.29767e-08 1.08314e-08 9.04154e-09 7.54627e-09 6.29487e-09 5.24556e-09 4.36411e-09 3.62268e-09 2.99863e-09 2.4735e-09 2.03214e-09 1.66201e-09 1.3526e-09 1.09499e-09 8.81551e-10 7.05657e-10 5.61565e-10 4.44263e-10 3.49394e-10 2.73178e-10 2.12358e-10 1.64149e-10 1.26189e-10 9.64928e-11 7.34077e-11 5.55715e-11 4.18718e-11 3.14086e-11 2.34603e-11 1.74533e-11 1.29353e-11 9.55296e-12 7.03161e-12 5.15969e-12 3.7752e-12 2.75482e-12 2.00528e-12 1.45636e-12 1.05552e-12 7.63561e-13 5.51431e-13 3.97641e-13 2.86371e-13 2.06013e-13 1.48075e-13 1.06362e-13 7.63683e-14 5.48241e-14 3.93623e-14 2.82726e-14 2.03217e-14 1.46217e-14 1.05348e-14 7.60301e-15 5.49815e-15 3.98522e-15 2.89612e-15 2.11063e-15 1.54284e-15 1.13135e-15 8.32286e-16 6.14236e-16 4.54722e-16 3.37626e-16 2.51364e-16 1.87595e-16 1.40297e-16 1.05105e-16 7.88459e-17 5.92028e-17 4.44777e-17 3.34206e-17 2.51073e-17 1.88518e-17 1.4143e-17 1.05984e-17 7.93123e-18 5.92585e-18 4.41964e-18 3.28988e-18 2.44383e-18 1.81138e-18 1.33955e-18 9.88301e-19 7.27406e-19 5.34081e-19 3.91174e-19 2.858e-19 2.08298e-19 1.51442e-19 1.09838e-19 7.94725e-20 5.73664e-20 4.13136e-20 2.96855e-20 2.12832e-20 1.52263e-20 1.08704e-20 7.74494e-21 5.50739e-21 3.90894e-21 2.76944e-21 1.95875e-21 1.38311e-21 9.75123e-22 6.86475e-22 4.82604e-22 3.38841e-22 2.37616e-22 
3.98599e-22 5.64351e-22 7.97973e-22 1.12684e-21 1.5892e-21 2.23847e-21 3.14915e-21 4.42503e-21 6.21064e-21 8.70706e-21 1.21938e-20 1.70592e-20 2.38426e-20 3.32923e-20 4.64467e-20 6.47458e-20 9.01865e-20 1.25537e-19 1.74635e-19 2.42801e-19 3.3741e-19 4.68688e-19 6.50818e-19 9.0347e-19 1.25394e-18 1.7401e-18 2.41455e-18 3.3503e-18 4.64878e-18 6.45092e-18 8.95255e-18 1.24259e-17 1.72491e-17 2.39482e-17 3.32537e-17 4.6181e-17 6.41401e-17 8.90886e-17 1.23742e-16 1.71866e-16 2.38674e-16 3.31381e-16 4.59955e-16 6.38153e-16 8.84927e-16 1.22635e-15 1.6982e-15 2.34951e-15 3.24733e-15 4.48309e-15 6.18122e-15 8.51059e-15 1.16998e-14 1.60574e-14 2.19989e-14 3.00814e-14 4.10508e-14 5.59015e-14 7.59555e-14 1.02964e-13 1.39241e-13 1.87829e-13 2.5272e-13 3.39129e-13 4.53846e-13 6.05677e-13 8.06003e-13 1.06947e-12 1.41484e-12 1.86608e-12 2.45365e-12 3.21605e-12 4.20182e-12 5.47174e-12 7.10163e-12 9.18555e-12 1.18396e-11 1.52066e-11 1.94608e-11 2.48147e-11 3.15262e-11 3.99076e-11 5.03373e-11 6.32742e-11 7.92782e-11 9.90378e-11 1.2341e-10 1.53476e-10 1.90628e-10 2.36688e-10 2.9409e-10 3.66132e-10 4.57351e-10 5.7405e-10 7.25035e-10 9.22648e-10 1.18419e-09 1.53383e-09 2.00525e-09 2.64504e-09 3.51728e-09 4.70939e-09 6.33965e-09 8.56667e-09 1.16011e-08 1.57199e-08 2.12832e-08 2.87544e-08 3.87219e-08 5.19239e-08 6.92736e-08 9.18841e-08 1.21091e-07 1.58469e-07 2.0584e-07 2.65271e-07 3.39051e-07 4.29652e-07 5.39668e-07 6.71722e-07 8.28362e-07 1.01193e-06 1.2244e-06 1.46729e-06 1.74143e-06 2.04697e-06 2.38326e-06 2.74897e-06 3.14221e-06 3.56094e-06 4.00351e-06 4.46955e-06 4.96104e-06 5.48377e-06 6.04901e-06 6.67545e-06 7.39114e-06 8.23547e-06 9.26074e-06 1.05332e-05 1.2133e-05 1.41525e-05 1.6693e-05 1.98582e-05 2.37453e-05 2.84327e-05 3.39656e-05 4.03407e-05 4.74912e-05 5.52771e-05 6.34827e-05 7.18245e-05 7.99724e-05 8.75841e-05 9.43493e-05 0.000100042 0.000104571 0.000108031 0.000110747 0.000113311 0.000116623 0.000121946 0.000130975 0.000145933 0.000169699 0.000205943 0.000259248 0.000335163 0.000440117 0.000581084 0.00076489 0.000997083 0.00128034 0.00161255 0.00198501 0.00238124 0.00277729 0.00314408 0.00345199 0.00367716 0.00380803 0.00385068 0.00383164 0.00379777 0.00381428 0.00396222 0.00433705 0.00504863 0.00622154 0.00799264 0.0105014 0.0138678 0.0181538 0.0233116 0.0291274 0.0351863 0.0408815 0.0454932 0.0483409 0.0489897 0.0474355 0.044164 0.0400225 0.0359662 0.0328187 0.0311385 0.0311975 0.0330247 0.0364705 0.0412688 0.047085 0.0535489 0.0602832 0.0669454 0.0732807 0.079148 0.0844819 0.0892273 0.0933616 0.0970566 0.100848 0.105569 0.111928 0.119816 0.127604 0.132046 0.129632 0.119128 0.102816 0.0848596 0.0688069 0.0565051 0.0483913 0.0441437 0.043122 0.0445298 0.0474462 0.0508835 0.0539352 0.0559392 0.0565463 0.0556996 0.0536563 0.0510929 0.0491773 0.0494948 0.0538812 0.0642582 0.0824173 0.109453 0.144361 0.181612 0.209603 0.215561 0.196996 0.16429 0.130159 0.102072 0.0823832 0.0707506 0.0658956 0.066429 0.0710529 0.0783718 0.08658 0.0934193 0.0967156 0.0952581 0.0892513 0.0799409 0.0688774 0.0574189 0.0465725 0.0369923 0.0290115 0.0226932 0.0179049 0.0144053 0.0119253 0.010231 0.00916309 0.00865561 0.00873805 0.00952666 0.0112084 0.0140138 0.018166 0.0237881 0.0307583 0.0385387 0.0460843 0.051999 0.0550223 0.0546169 0.0511945 0.0457897 0.0395086 0.0331773 0.0272905 0.022109 0.0177553 0.0142606 0.0115823 0.0096173 0.00822109 0.00723202 0.00649573 0.00588539 0.00531434 0.00473898 0.00415245 0.0035723 0.00302676 0.00254362 0.00214359 0.00183805 0.00162974 0.0015147 0.0014844 0.00152732 0.00162979 0.00177643 0.00195037 0.00213365 0.00230818 0.00245719 0.00256706 0.00262891 0.00263951 0.00260098 0.00251945 0.00240311 0.00226033 0.00209845 0.00192339 0.00173993 0.00155231 0.00136468 0.00118134 0.00100656 0.000844184 0.000697274 0.000567799 0.000456554 0.00036324 0.000286688 0.000225135 0.000176502 0.000138628 0.000109447 8.71019e-05 7.00031e-05 5.68475e-05 4.66082e-05 3.85048e-05 3.19652e-05 2.65843e-05 2.20841e-05 1.82779e-05 1.50412e-05 1.22894e-05 9.96073e-06 8.00616e-06 6.38256e-06 5.04959e-06 3.96857e-06 3.10252e-06 2.41674e-06 1.87946e-06 1.46242e-06 1.14113e-06 8.94917e-07 7.06738e-07 5.62863e-07 4.52458e-07 3.67147e-07 3.00567e-07 2.47966e-07 2.05848e-07 1.7167e-07 1.43598e-07 1.2031e-07 1.00849e-07 8.45115e-08 7.07667e-08 5.92004e-08 4.94789e-08 4.13238e-08 3.44978e-08 2.87959e-08 2.40398e-08 2.00753e-08 1.67699e-08 1.40111e-08 1.17045e-08 9.77168e-09 8.14843e-09 6.78243e-09 5.63132e-09 4.66076e-09 3.84282e-09 3.15459e-09 2.57705e-09 2.09416e-09 1.69226e-09 1.35953e-09 1.0857e-09 8.61768e-10 6.79862e-10 5.33108e-10 4.15536e-10 3.21997e-10 2.48091e-10 1.90093e-10 1.44877e-10 1.09853e-10 8.28892e-11 6.22533e-11 4.65491e-11 3.46617e-11 2.5709e-11 1.89986e-11 1.39915e-11 1.0271e-11 7.51737e-12 5.48681e-12 3.99454e-12 2.90133e-12 2.1028e-12 1.52109e-12 1.09839e-12 7.91926e-13 5.70199e-13 4.10081e-13 2.94651e-13 2.11561e-13 1.51829e-13 1.08938e-13 7.81665e-14 5.61058e-14 4.0297e-14 2.89705e-14 2.08547e-14 1.5037e-14 1.08637e-14 7.8667e-15 5.71135e-15 4.15845e-15 3.03714e-15 2.22538e-15 1.63601e-15 1.20675e-15 8.93016e-16 6.62905e-16 4.9351e-16 3.68355e-16 2.75561e-16 2.06532e-16 1.55023e-16 1.16485e-16 8.75848e-17 6.58717e-17 4.95352e-17 3.72323e-17 2.79624e-17 2.09773e-17 1.57156e-17 1.17548e-17 8.77651e-18 6.53992e-18 4.86302e-18 3.60804e-18 2.67071e-18 1.97216e-18 1.45276e-18 1.06749e-18 7.82425e-19 5.72041e-19 4.17175e-19 3.03475e-19 2.20216e-19 1.59408e-19 1.15113e-19 8.29298e-20 5.96062e-20 4.27455e-20 3.05869e-20 2.184e-20 1.55624e-20 1.10671e-20 7.8553e-21 5.56538e-21 3.9361e-21 2.77915e-21 1.95917e-21 1.37907e-21 9.69365e-22 6.80485e-22 4.7711e-22 3.34138e-22 
5.63988e-22 7.99446e-22 1.13167e-21 1.59981e-21 2.25863e-21 3.18463e-21 4.48459e-21 6.30739e-21 8.8604e-21 1.24322e-20 1.74243e-20 2.43945e-20 3.41174e-20 4.76686e-20 6.65401e-20 9.28012e-20 1.29321e-19 1.80078e-19 2.50583e-19 3.48479e-19 4.84354e-19 6.72887e-19 9.3443e-19 1.2972e-18 1.80034e-18 2.49815e-18 3.46599e-18 4.8085e-18 6.67099e-18 9.2553e-18 1.28419e-17 1.78208e-17 2.47337e-17 3.43342e-17 4.76696e-17 6.61957e-17 9.1936e-17 1.27701e-16 1.77394e-16 2.46431e-16 3.4232e-16 4.75464e-16 6.60255e-16 9.16582e-16 1.27189e-15 1.76399e-15 2.44489e-15 3.38595e-15 4.68495e-15 6.47552e-15 8.93984e-15 1.23257e-14 1.69692e-14 2.33251e-14 3.20067e-14 4.38388e-14 5.99273e-14 8.17504e-14 1.11277e-13 1.51122e-13 2.04745e-13 2.7671e-13 3.73014e-13 5.01508e-13 6.72441e-13 8.99131e-13 1.19883e-12 1.59377e-12 2.11256e-12 2.79175e-12 3.67794e-12 4.83021e-12 6.32312e-12 8.25035e-12 1.0729e-11 1.39046e-11 1.79571e-11 2.31081e-11 2.96286e-11 3.78485e-11 4.81682e-11 6.10712e-11 7.71411e-11 9.70818e-11 1.21745e-10 1.52168e-10 1.89626e-10 2.3571e-10 2.92438e-10 3.62419e-10 4.49104e-10 5.57134e-10 6.92862e-10 8.65097e-10 1.08616e-09 1.37336e-09 1.75105e-09 2.2535e-09 2.92863e-09 3.84327e-09 5.08987e-09 6.79541e-09 9.13293e-09 1.2336e-08 1.67171e-08 2.26899e-08 3.07963e-08 4.17379e-08 5.64131e-08 7.59563e-08 1.01782e-07 1.35625e-07 1.79586e-07 2.36157e-07 3.08245e-07 3.99169e-07 5.12638e-07 6.52682e-07 8.23563e-07 1.02963e-06 1.27513e-06 1.564e-06 1.89961e-06 2.28452e-06 2.72021e-06 3.20688e-06 3.74335e-06 4.32708e-06 4.95436e-06 5.62086e-06 6.32242e-06 7.05641e-06 7.82342e-06 8.62965e-06 9.48959e-06 1.04293e-05 1.14896e-05 1.273e-05 1.42309e-05 1.60965e-05 1.84551e-05 2.14572e-05 2.5271e-05 3.00727e-05 3.60321e-05 4.32932e-05 5.19485e-05 6.20124e-05 7.33933e-05 8.5874e-05 9.91025e-05 0.000112603 0.000125809 0.000138119 0.000148974 0.000157944 0.000164816 0.000169674 0.000172962 0.000175542 0.000178739 0.000184416 0.000195071 0.000214 0.000245506 0.000295159 0.000370067 0.000479065 0.000632727 0.000842988 0.00112219 0.00148131 0.00192724 0.00245927 0.00306534 0.00371914 0.00437955 0.00499406 0.00550657 0.0058689 0.00605328 0.0060622 0.00593293 0.00573561 0.00556693 0.00554271 0.00579307 0.00646178 0.00770885 0.0097126 0.0126651 0.0167533 0.0221196 0.0287979 0.0366314 0.0451874 0.0537026 0.0611055 0.0661927 0.0679996 0.0662544 0.0616155 0.055466 0.0494011 0.0447572 0.042388 0.0426585 0.0455398 0.050724 0.057725 0.0659562 0.0747725 0.0834942 0.0914671 0.0981943 0.103477 0.10744 0.110426 0.112902 0.115476 0.118922 0.124029 0.131223 0.140026 0.148458 0.152874 0.149361 0.13665 0.117557 0.0969272 0.0786423 0.0645189 0.0548262 0.0491359 0.0468477 0.0473559 0.0500381 0.054219 0.0591628 0.0640526 0.0679584 0.0699384 0.069445 0.0668844 0.0638561 0.062843 0.0666839 0.0782503 0.10031 0.135075 0.182514 0.236338 0.279223 0.288545 0.259624 0.211574 0.164612 0.128232 0.104192 0.0910089 0.0864035 0.0883205 0.0951479 0.105326 0.116628 0.125837 0.129602 0.126174 0.116288 0.102268 0.0865558 0.0709679 0.0566702 0.0443317 0.0342346 0.0263558 0.0204612 0.0162097 0.0132474 0.0112768 0.0100997 0.0096368 0.009933 0.0111537 0.0135762 0.0175695 0.0235392 0.0318003 0.0423344 0.0544352 0.0664035 0.0756908 0.0798559 0.0779401 0.07102 0.0613534 0.0510707 0.0415041 0.0332386 0.0264237 0.021019 0.0169048 0.0139147 0.011844 0.0104613 0.00952989 0.00883353 0.00820203 0.00752869 0.00677356 0.00595168 0.00511139 0.00431135 0.00360311 0.00302223 0.00258681 0.00230032 0.00215602 0.00214067 0.00223705 0.002425 0.00268152 0.00298065 0.00329373 0.0035908 0.00384326 0.00402748 0.00412822 0.0041406 0.0040697 0.00392783 0.00373061 0.00349325 0.00322832 0.00294532 0.00265148 0.00235312 0.00205662 0.00176875 0.00149626 0.00124519 0.00102017 0.000823914 0.00065717 0.00051894 0.0004069 0.000317897 0.000248408 0.0001949 0.000154092 0.000123103 9.95219e-05 8.14107e-05 6.7275e-05 5.60047e-05 4.68075e-05 3.9139e-05 3.2639e-05 2.70751e-05 2.22988e-05 1.82107e-05 1.47378e-05 1.18187e-05 9.39544e-06 7.41045e-06 5.80632e-06 4.52686e-06 3.51876e-06 2.73313e-06 2.1265e-06 1.66142e-06 1.30646e-06 1.03596e-06 8.29417e-07 6.70812e-07 5.47897e-07 4.5147e-07 3.74741e-07 3.12777e-07 2.62031e-07 2.19973e-07 1.84796e-07 1.55199e-07 1.30217e-07 1.09119e-07 9.13215e-08 7.63426e-08 6.37719e-08 5.32519e-08 4.44684e-08 3.71458e-08 3.1044e-08 2.59565e-08 2.17081e-08 1.81523e-08 1.51684e-08 1.26577e-08 1.05407e-08 8.7531e-09 7.24306e-09 5.96852e-09 4.89493e-09 3.99347e-09 3.23974e-09 2.61275e-09 2.09424e-09 1.66816e-09 1.32043e-09 1.03863e-09 8.119e-10 6.30803e-10 4.87189e-10 3.74106e-10 2.85676e-10 2.16986e-10 1.63975e-10 1.23315e-10 9.23119e-11 6.88046e-11 5.10748e-11 3.77692e-11 2.78303e-11 2.04388e-11 1.49642e-11 1.09248e-11 7.95486e-12 5.77832e-12 4.18806e-12 3.02939e-12 2.18733e-12 1.57679e-12 1.13508e-12 8.16115e-13 5.862e-13 4.20729e-13 3.01803e-13 2.1643e-13 1.55202e-13 1.11325e-13 7.98972e-14 5.7393e-14 4.12783e-14 2.97353e-14 2.14617e-14 1.55255e-14 1.12606e-14 8.19087e-15 5.97672e-15 4.3756e-15 3.21442e-15 2.36958e-15 1.75276e-15 1.30075e-15 9.68264e-16 7.22769e-16 5.40831e-16 4.05521e-16 3.04561e-16 2.29012e-16 1.72337e-16 1.29734e-16 9.7658e-17 7.34814e-17 5.52477e-17 4.14936e-17 3.11213e-17 2.33044e-17 1.74192e-17 1.29943e-17 9.67268e-18 7.1838e-18 5.3227e-18 3.93412e-18 2.90052e-18 2.13304e-18 1.56461e-18 1.14471e-18 8.35342e-19 6.08025e-19 4.41444e-19 3.19699e-19 2.30959e-19 1.66448e-19 1.19672e-19 8.58428e-20 6.14383e-20 4.38761e-20 3.12681e-20 2.22378e-20 1.57847e-20 1.11832e-20 7.90898e-21 5.58388e-21 3.93598e-21 2.77018e-21 1.9469e-21 1.36647e-21 9.57891e-22 6.70708e-22 4.69129e-22 
7.97039e-22 1.13115e-21 1.6031e-21 2.26885e-21 3.20672e-21 4.52625e-21 6.38039e-21 8.98255e-21 1.26302e-20 1.77374e-20 2.48804e-20 3.48604e-20 4.87901e-20 6.82146e-20 9.52779e-20 1.32953e-19 1.85364e-19 2.58225e-19 3.59455e-19 5.00028e-19 6.9515e-19 9.65894e-19 1.34146e-18 1.86234e-18 2.58464e-18 3.58623e-18 4.97509e-18 6.90113e-18 9.57244e-18 1.32781e-17 1.84196e-17 2.55552e-17 3.54606e-17 4.92147e-17 6.83173e-17 9.48542e-17 1.31726e-16 1.82963e-16 2.54167e-16 3.53118e-16 4.90614e-16 6.81629e-16 9.46907e-16 1.31516e-15 1.82605e-15 2.53434e-15 3.51543e-15 4.87305e-15 6.7495e-15 9.33968e-15 1.29099e-14 1.78229e-14 2.45722e-14 3.38264e-14 4.64895e-14 6.378e-14 8.73351e-14 1.19348e-13 1.62746e-13 2.21425e-13 3.00554e-13 4.06962e-13 5.49644e-13 7.40405e-13 9.94682e-13 1.33258e-12 1.78021e-12 2.37131e-12 3.14934e-12 4.17001e-12 5.50449e-12 7.24325e-12 9.50074e-12 1.24211e-11 1.6185e-11 2.10174e-11 2.71972e-11 3.50683e-11 4.50518e-11 5.76611e-11 7.35187e-11 9.33758e-11 1.18136e-10 1.48885e-10 1.86926e-10 2.33833e-10 2.91518e-10 3.62337e-10 4.49231e-10 5.55958e-10 6.87416e-10 8.50132e-10 1.05298e-09 1.30821e-09 1.63297e-09 2.05138e-09 2.59753e-09 3.31955e-09 4.28529e-09 5.58984e-09 7.36571e-09 9.7962e-09 1.31328e-08 1.77174e-08 2.40106e-08 3.26268e-08 4.43763e-08 6.03168e-08 8.18113e-08 1.10595e-07 1.48848e-07 1.99265e-07 2.6513e-07 3.50375e-07 4.5962e-07 5.98183e-07 7.72048e-07 9.87775e-07 1.25235e-06 1.57298e-06 1.95673e-06 2.41026e-06 2.93929e-06 3.54824e-06 4.23972e-06 5.01416e-06 5.86955e-06 6.80131e-06 7.80257e-06 8.86481e-06 9.97909e-06 1.1138e-05 1.23384e-05 1.35852e-05 1.48957e-05 1.63049e-05 1.78715e-05 1.96835e-05 2.18638e-05 2.45746e-05 2.80191e-05 3.24409e-05 3.81167e-05 4.53433e-05 5.44152e-05 6.55923e-05 7.9058e-05 9.48708e-05 0.000112915 0.000132859 0.000154136 0.000175953 0.000197343 0.000217261 0.00023471 0.000248894 0.000259368 0.000266168 0.000269904 0.00027183 0.000273901 0.000278847 0.000290318 0.000313124 0.000353584 0.000419997 0.000523166 0.000676888 0.000898203 0.00120714 0.00162549 0.00217424 0.00286913 0.00371439 0.00469531 0.00577161 0.00687442 0.00791045 0.00877515 0.00937399 0.00964667 0.0095865 0.00924837 0.00874284 0.00822013 0.00785174 0.00781776 0.00830401 0.00950832 0.0116507 0.0149794 0.0197624 0.0262561 0.0346382 0.0449007 0.0566973 0.0691609 0.0807707 0.0894735 0.0933087 0.0914236 0.0847332 0.0755562 0.0665541 0.0598425 0.0566699 0.0574878 0.0621418 0.0700547 0.0803916 0.0921991 0.104476 0.116164 0.126181 0.133648 0.13823 0.140273 0.140604 0.140265 0.140381 0.142032 0.145917 0.151972 0.159147 0.165254 0.166984 0.161036 0.146596 0.126555 0.105512 0.0869854 0.072463 0.0620366 0.0553146 0.0519425 0.051717 0.0545008 0.0600884 0.0680316 0.0773684 0.0863422 0.0925365 0.0939061 0.0903241 0.0842134 0.0795962 0.080697 0.091309 0.114857 0.154252 0.210228 0.27637 0.331373 0.344012 0.307439 0.248613 0.193515 0.15278 0.127551 0.115296 0.112647 0.116752 0.125787 0.138452 0.152558 0.163995 0.167872 0.161651 0.146821 0.127131 0.106033 0.0857571 0.0675728 0.0521412 0.0396843 0.0300797 0.0229739 0.0179096 0.0144351 0.0121809 0.010904 0.0105089 0.0110563 0.0127677 0.0160318 0.0214019 0.029554 0.0411409 0.0564392 0.0747062 0.0934011 0.108047 0.113931 0.109247 0.0964627 0.0801684 0.0641474 0.0503164 0.0391808 0.0305812 0.0241655 0.0195705 0.0164518 0.0144716 0.0132893 0.0125723 0.0120234 0.011416 0.0106211 0.00961298 0.00844824 0.00722821 0.00606065 0.00503305 0.00420159 0.0035923 0.00320824 0.00303781 0.00306106 0.00325322 0.00358565 0.00402508 0.00453237 0.00506215 0.0055647 0.00599072 0.00629854 0.00646135 0.00647174 0.00634108 0.00609392 0.00575994 0.00536656 0.00493497 0.00447988 0.00401181 0.00353993 0.00307399 0.00262467 0.00220274 0.0018176 0.00147605 0.00118161 0.000934535 0.000732319 0.000570537 0.000443675 0.000345865 0.000271435 0.000215261 0.000172948 0.000140897 0.000116279 9.69581e-05 8.13878e-05 6.8497e-05 5.75774e-05 4.81819e-05 4.00384e-05 3.29824e-05 2.6907e-05 2.17308e-05 1.73781e-05 1.37706e-05 1.0825e-05 8.45491e-06 6.57418e-06 5.1006e-06 3.95876e-06 3.08194e-06 2.41302e-06 1.9045e-06 1.51792e-06 1.22288e-06 9.95897e-07 8.19211e-07 6.79654e-07 5.67631e-07 4.76267e-07 4.00686e-07 3.37452e-07 2.84132e-07 2.38974e-07 2.00677e-07 1.68231e-07 1.40811e-07 1.17721e-07 9.83457e-08 8.21422e-08 6.86248e-08 5.7364e-08 4.79843e-08 4.01631e-08 3.36273e-08 2.81501e-08 2.35454e-08 1.96628e-08 1.63814e-08 1.36043e-08 1.12539e-08 9.26692e-09 7.59151e-09 6.1841e-09 5.00753e-09 4.02954e-09 3.2218e-09 2.55928e-09 2.0198e-09 1.58376e-09 1.23399e-09 9.55511e-10 7.35432e-10 5.62763e-10 4.2824e-10 3.24142e-10 2.4411e-10 1.8296e-10 1.3651e-10 1.01422e-10 7.50537e-11 5.53357e-11 4.06578e-11 2.97781e-11 2.17455e-11 1.58366e-11 1.15047e-11 8.33876e-12 6.03157e-12 4.35463e-12 3.1387e-12 2.25899e-12 1.62379e-12 1.16597e-12 8.36528e-13 5.99803e-13 4.29912e-13 3.0811e-13 2.20857e-13 1.58391e-13 1.13685e-13 8.16924e-14 5.87924e-14 4.23917e-14 3.0635e-14 2.21963e-14 1.61291e-14 1.17576e-14 8.6001e-15 6.31282e-15 4.65055e-15 3.43821e-15 2.55069e-15 1.89841e-15 1.41713e-15 1.06064e-15 7.95599e-16 5.97861e-16 4.49877e-16 3.38828e-16 2.55308e-16 1.92383e-16 1.44915e-16 1.0908e-16 8.20203e-17 6.159e-17 4.61743e-17 3.45538e-17 2.58056e-17 1.92302e-17 1.42972e-17 1.06039e-17 7.84509e-18 5.78919e-18 4.26096e-18 3.12793e-18 2.29013e-18 1.67232e-18 1.21798e-18 8.8477e-19 6.41073e-19 4.63328e-19 3.34037e-19 2.40241e-19 1.72375e-19 1.23397e-19 8.81386e-20 6.28193e-20 4.46805e-20 3.17158e-20 2.24701e-20 1.58907e-20 1.12183e-20 7.90673e-21 5.5641e-21 3.90987e-21 2.74371e-21 1.92295e-21 1.34614e-21 9.4135e-22 6.57639e-22 
1.12497e-21 1.59854e-21 2.26826e-21 3.21404e-21 4.54785e-21 6.42639e-21 9.06863e-21 1.27803e-20 1.79878e-20 2.52852e-20 3.54994e-20 4.97803e-20 6.97263e-20 9.75565e-20 1.36351e-19 1.90383e-19 2.65576e-19 3.7014e-19 5.15454e-19 7.17279e-19 9.97453e-19 1.38623e-18 1.92551e-18 2.67338e-18 3.71033e-18 5.14795e-18 7.14101e-18 9.90422e-18 1.37356e-17 1.90489e-17 2.64188e-17 3.66441e-17 5.08348e-17 7.05344e-17 9.78894e-17 1.35885e-16 1.88675e-16 2.62033e-16 3.63989e-16 5.05704e-16 7.02681e-16 9.76445e-16 1.35685e-15 1.88526e-15 2.61892e-15 3.63696e-15 5.04855e-15 7.00409e-15 9.71036e-15 1.34511e-14 1.86146e-14 2.57314e-14 3.55241e-14 4.89742e-14 6.74118e-14 9.26333e-14 1.27058e-13 1.73934e-13 2.37606e-13 3.23871e-13 4.40433e-13 5.97496e-13 8.08529e-13 1.09125e-12 1.46887e-12 1.97171e-12 2.63919e-12 3.52241e-12 4.6873e-12 6.21865e-12 8.22495e-12 1.08445e-11 1.42527e-11 1.86711e-11 2.43778e-11 3.17204e-11 4.11307e-11 5.31421e-11 6.84094e-11 8.77317e-11 1.12079e-10 1.4262e-10 1.80759e-10 2.28178e-10 2.86886e-10 3.59284e-10 4.48266e-10 5.57343e-10 6.9084e-10 8.54191e-10 1.05438e-09 1.30059e-09 1.60519e-09 1.98518e-09 2.46425e-09 3.07581e-09 3.8672e-09 4.90562e-09 6.28629e-09 8.14362e-09 1.06662e-08 1.41166e-08 1.8858e-08 2.53875e-08 3.438e-08 4.67417e-08 6.36778e-08 8.67721e-08 1.18082e-07 1.60248e-07 2.16609e-07 2.91332e-07 3.89531e-07 5.1738e-07 6.8219e-07 8.92449e-07 1.15778e-06 1.48885e-06 1.89707e-06 2.39432e-06 2.99243e-06 3.70257e-06 4.53454e-06 5.49598e-06 6.5916e-06 7.82243e-06 9.1852e-06 1.06721e-05 1.22708e-05 1.39655e-05 1.57385e-05 1.7573e-05 1.94575e-05 2.13918e-05 2.33937e-05 2.55084e-05 2.78179e-05 3.04508e-05 3.35921e-05 3.74918e-05 4.24693e-05 4.89141e-05 5.72781e-05 6.80565e-05 8.17543e-05 9.88351e-05 0.000119652 0.000144361 0.000172836 0.000204585 0.000238705 0.000273886 0.000308489 0.000340707 0.000368781 0.000391268 0.000407298 0.000416785 0.000420573 0.000420508 0.00041948 0.000421485 0.000431804 0.000457348 0.000507221 0.000593521 0.000732311 0.000944641 0.00125736 0.00170326 0.00231988 0.00314599 0.0042148 0.00554329 0.00711817 0.00888145 0.0107212 0.0124744 0.0139488 0.0149615 0.0153875 0.0151988 0.0144804 0.0134163 0.0122524 0.0112544 0.0106782 0.0107625 0.0117415 0.0138694 0.017444 0.0228191 0.0303918 0.0405482 0.0535434 0.0692738 0.0869043 0.104423 0.118525 0.125542 0.123521 0.113791 0.100253 0.0872299 0.0779102 0.0740101 0.0760386 0.0836231 0.0957538 0.111032 0.127961 0.145125 0.161087 0.174244 0.18311 0.187044 0.186615 0.1832 0.178429 0.174027 0.171605 0.171948 0.174412 0.177142 0.177841 0.174237 0.164605 0.149024 0.129978 0.11092 0.0942821 0.0808839 0.0706016 0.0632292 0.0588941 0.0580343 0.0612053 0.0688706 0.0810908 0.0969209 0.113577 0.126236 0.129993 0.123647 0.111322 0.0998198 0.095263 0.102082 0.123579 0.162236 0.218214 0.28451 0.339811 0.353959 0.320133 0.263882 0.21112 0.173443 0.152558 0.145519 0.147667 0.154789 0.164786 0.177435 0.191775 0.20358 0.206506 0.197005 0.177164 0.151984 0.125689 0.10079 0.0786643 0.0600347 0.045118 0.0337156 0.025356 0.0194587 0.0154668 0.012933 0.0115654 0.011248 0.0120533 0.0142583 0.0183693 0.0251491 0.0356109 0.0508895 0.0718141 0.0979234 0.12588 0.148416 0.156838 0.147725 0.126198 0.100795 0.0775357 0.0587597 0.044571 0.0342621 0.0270319 0.0222035 0.0192223 0.0175989 0.0168662 0.0165731 0.0163155 0.0157902 0.0148426 0.0134767 0.0118204 0.01006 0.00837801 0.00691279 0.00574708 0.00491499 0.00441692 0.0042338 0.00433695 0.00469269 0.0052625 0.00600034 0.00684884 0.00773701 0.00858228 0.0092988 0.00981177 0.010073 0.0100709 0.00983029 0.00939989 0.00883591 0.00818725 0.00748869 0.00676191 0.00602123 0.00527958 0.00455192 0.00385537 0.00320713 0.00262169 0.00210874 0.00167227 0.00131099 0.00101941 0.000789379 0.00061147 0.000476116 0.000374378 0.000298402 0.000241612 0.000198737 0.00016572 0.000139572 0.000118188 0.000100163 8.46119e-05 7.10127e-05 5.90761e-05 4.86433e-05 3.96158e-05 3.19103e-05 2.54355e-05 2.00835e-05 1.57315e-05 1.22478e-05 9.49938e-06 7.35919e-06 5.71093e-06 4.45247e-06 3.49712e-06 2.77347e-06 2.22432e-06 1.80495e-06 1.48123e-06 1.22769e-06 1.02569e-06 8.61852e-07 7.26734e-07 6.13746e-07 5.18303e-07 4.37186e-07 3.68076e-07 3.09227e-07 2.5925e-07 2.16975e-07 1.81377e-07 1.51531e-07 1.26598e-07 1.05823e-07 8.85318e-08 7.4135e-08 6.21273e-08 5.20836e-08 4.36528e-08 3.65497e-08 3.05455e-08 2.5458e-08 2.1142e-08 1.74815e-08 1.43822e-08 1.17666e-08 9.56869e-09 7.73204e-09 6.20692e-09 4.94931e-09 3.91997e-09 3.08391e-09 2.41015e-09 1.87142e-09 1.44399e-09 1.10744e-09 8.44387e-10 6.40244e-10 4.82894e-10 3.62398e-10 2.7069e-10 2.01298e-10 1.49078e-10 1.0998e-10 8.08472e-11 5.92353e-11 4.32686e-11 3.15172e-11 2.28986e-11 1.65979e-11 1.20053e-11 8.6668e-12 6.24597e-12 4.49451e-12 3.22993e-12 2.31857e-12 1.66287e-12 1.1918e-12 8.53801e-13 6.11555e-13 4.38087e-13 3.13951e-13 2.25157e-13 1.61651e-13 1.16227e-13 8.37194e-14 6.04375e-14 4.37427e-14 3.1752e-14 2.31225e-14 1.68967e-14 1.23922e-14 9.12245e-15 6.74045e-15 4.99849e-15 3.71946e-15 2.77648e-15 2.07841e-15 1.55961e-15 1.17263e-15 8.82999e-16 6.65599e-16 5.02014e-16 3.78684e-16 2.8557e-16 2.15207e-16 1.62015e-16 1.21808e-16 9.14312e-17 6.85035e-17 5.12202e-17 3.82127e-17 2.84414e-17 2.11165e-17 1.56382e-17 1.15508e-17 8.5091e-18 6.25155e-18 4.58056e-18 3.34717e-18 2.43933e-18 1.773e-18 1.28531e-18 9.29356e-19 6.7028e-19 4.8223e-19 3.461e-19 2.47816e-19 1.77038e-19 1.26197e-19 8.97654e-20 6.37212e-20 4.51452e-20 3.1925e-20 2.25362e-20 1.5882e-20 1.11749e-20 7.85124e-21 5.50851e-21 3.85988e-21 2.70147e-21 1.88867e-21 1.31912e-21 9.20513e-22 
1.58573e-21 2.25618e-21 3.20544e-21 4.54758e-21 6.4425e-21 9.1142e-21 1.2876e-20 1.81656e-20 2.55939e-20 3.60127e-20 5.0608e-20 7.10303e-20 9.95739e-20 1.39426e-19 1.95012e-19 2.72468e-19 3.80308e-19 5.30328e-19 7.38873e-19 1.02859e-18 1.43083e-18 1.98904e-18 2.76336e-18 3.83713e-18 5.32579e-18 7.38933e-18 1.02495e-17 1.42139e-17 1.97092e-17 2.73277e-17 3.78916e-17 5.25435e-17 7.28709e-17 1.01081e-16 1.40244e-16 1.94629e-16 2.70177e-16 3.75152e-16 5.21051e-16 7.23864e-16 1.00582e-15 1.39782e-15 1.94274e-15 2.70009e-15 3.75234e-15 5.21364e-15 7.24172e-15 1.00543e-14 1.39512e-14 1.93446e-14 2.67999e-14 3.7091e-14 5.12741e-14 7.07874e-14 9.75837e-14 1.34307e-13 1.84524e-13 2.53038e-13 3.46286e-13 4.72875e-13 6.4427e-13 8.75691e-13 1.18727e-12 1.60556e-12 2.16539e-12 2.9124e-12 3.90604e-12 5.22353e-12 6.96478e-12 9.25849e-12 1.22698e-11 1.62098e-11 2.13469e-11 2.80207e-11 3.66591e-11 4.77983e-11 6.21058e-11 8.04087e-11 1.03724e-10 1.33297e-10 1.70638e-10 2.17573e-10 2.76289e-10 3.49402e-10 4.40021e-10 5.51845e-10 6.89278e-10 8.57603e-10 1.06323e-09 1.31409e-09 1.62016e-09 1.99443e-09 2.45411e-09 3.0227e-09 3.7328e-09 4.63035e-09 5.78061e-09 7.27663e-09 9.25106e-09 1.18923e-08 1.54667e-08 2.03479e-08 2.70561e-08 3.63094e-08 4.90893e-08 6.67246e-08 9.09952e-08 1.24259e-07 1.69602e-07 2.31016e-07 3.13593e-07 4.23733e-07 5.69363e-07 7.60128e-07 1.00755e-06 1.32512e-06 1.72827e-06 2.23423e-06 2.86165e-06 3.63009e-06 4.55922e-06 5.66784e-06 6.97267e-06 8.48706e-06 1.02195e-05 1.21725e-05 1.43411e-05 1.67122e-05 1.92649e-05 2.19707e-05 2.47961e-05 2.77071e-05 3.06751e-05 3.36867e-05 3.67549e-05 3.99337e-05 4.33338e-05 4.71399e-05 5.16271e-05 5.71759e-05 6.4283e-05 7.35654e-05 8.57529e-05 0.000101663 0.000122153 0.000148038 0.000179981 0.000218344 0.000263033 0.000313341 0.00036785 0.000424415 0.000480278 0.000532332 0.000577501 0.000613206 0.000637811 0.000650986 0.000653917 0.000649365 0.00064164 0.000636597 0.000641814 0.000667066 0.000725193 0.000833411 0.001015 0.00130127 0.0017334 0.00236365 0.00325476 0.00447589 0.00609298 0.00815153 0.0106514 0.0135173 0.0165743 0.0195443 0.0220774 0.0238236 0.0245277 0.024113 0.0227176 0.0206632 0.0183725 0.0162771 0.014753 0.0141054 0.0145955 0.016489 0.02011 0.0258825 0.0343488 0.0461432 0.0618794 0.0818623 0.105496 0.13037 0.151609 0.163011 0.160827 0.147022 0.127906 0.110065 0.0979748 0.0938516 0.0982612 0.110556 0.129087 0.151526 0.175514 0.199227 0.221103 0.239004 0.250364 0.253783 0.250104 0.241423 0.229853 0.217736 0.207736 0.201353 0.197562 0.193552 0.186867 0.176549 0.162796 0.146667 0.130006 0.114673 0.101559 0.0904881 0.0810007 0.0731663 0.0678042 0.0662048 0.0697863 0.0798686 0.0973272 0.121652 0.149142 0.171457 0.178479 0.166883 0.144244 0.122173 0.109145 0.109604 0.125764 0.158577 0.206557 0.262066 0.307494 0.321387 0.29875 0.256855 0.216628 0.190169 0.180749 0.185443 0.197219 0.208438 0.215964 0.222411 0.230656 0.238204 0.238122 0.225696 0.202573 0.173796 0.143689 0.114948 0.0892453 0.0675685 0.0502594 0.0371011 0.0275224 0.0208222 0.0163376 0.0135419 0.0120911 0.0118439 0.0128761 0.015506 0.0203391 0.0283268 0.0408085 0.0594366 0.0857476 0.119919 0.158231 0.190328 0.201931 0.187114 0.155064 0.119602 0.0890027 0.0655916 0.0487737 0.0371714 0.0295058 0.0247919 0.0222773 0.0213278 0.0213423 0.0217269 0.0219363 0.0215616 0.0204154 0.0185538 0.0162167 0.0137185 0.0113477 0.0093102 0.00771999 0.00661798 0.00599873 0.00583327 0.00608325 0.00670639 0.00765491 0.00886902 0.0102679 0.0117425 0.013156 0.0143577 0.015211 0.0156268 0.0155875 0.0151453 0.0143974 0.01345 0.0123888 0.0112684 0.0101181 0.00895537 0.00779795 0.00666944 0.00559788 0.00461088 0.0037304 0.00296949 0.00233147 0.00181126 0.00139774 0.00107638 0.000831449 0.000647696 0.00051134 0.000410594 0.000335817 0.000279443 0.000235776 0.000200724 0.0001715 0.000146324 0.000124152 0.000104434 8.69129e-05 7.14813e-05 5.80785e-05 4.66322e-05 3.70324e-05 2.9127e-05 2.27312e-05 1.76418e-05 1.36527e-05 1.05669e-05 8.20573e-06 6.41351e-06 5.05943e-06 4.03695e-06 3.26166e-06 2.66841e-06 2.20812e-06 1.84464e-06 1.55195e-06 1.31169e-06 1.11111e-06 9.41484e-07 7.96829e-07 6.72975e-07 5.66903e-07 4.76291e-07 3.99224e-07 3.34025e-07 2.79166e-07 2.33234e-07 1.94925e-07 1.63049e-07 1.36546e-07 1.14486e-07 9.60785e-08 8.06613e-08 6.76935e-08 5.67395e-08 4.74536e-08 3.95627e-08 3.28512e-08 2.71469e-08 2.23102e-08 1.82249e-08 1.47919e-08 1.19251e-08 9.54764e-09 7.59091e-09 5.9932e-09 4.69919e-09 3.65971e-09 2.83146e-09 2.17676e-09 1.66326e-09 1.2635e-09 9.54525e-10 7.17341e-10 5.36445e-10 3.9932e-10 2.95969e-10 2.18491e-10 1.60697e-10 1.17787e-10 8.60626e-11 6.27012e-11 4.55605e-11 3.30258e-11 2.38873e-11 1.72435e-11 1.24254e-11 8.93961e-12 6.42288e-12 4.6093e-12 3.30464e-12 2.36751e-12 1.69527e-12 1.21361e-12 8.68822e-13 6.22191e-13 4.45861e-13 3.19825e-13 2.29733e-13 1.6531e-13 1.1921e-13 8.61856e-14 6.24914e-14 4.54585e-14 3.31848e-14 2.43154e-14 1.78852e-14 1.32066e-14 9.78893e-15 7.2821e-15 5.4355e-15 4.06945e-15 3.0547e-15 2.29795e-15 1.73159e-15 1.30637e-15 9.8626e-16 7.44766e-16 5.62287e-16 4.24256e-16 3.19793e-16 2.40733e-16 1.80928e-16 1.35727e-16 1.01607e-16 7.58937e-17 5.65516e-17 4.2033e-17 3.11604e-17 2.30385e-17 1.69872e-17 1.24909e-17 9.15936e-18 6.69787e-18 4.88444e-18 3.55229e-18 2.57653e-18 1.86386e-18 1.34481e-18 9.67855e-19 6.94838e-19 4.97637e-19 3.55574e-19 2.53495e-19 1.80329e-19 1.28014e-19 9.06952e-20 6.41335e-20 4.5269e-20 3.18989e-20 2.24415e-20 1.57643e-20 1.10582e-20 7.74694e-21 5.4207e-21 3.78883e-21 2.64559e-21 1.84567e-21 1.28659e-21 
2.23216e-21 3.18012e-21 4.52401e-21 6.4264e-21 9.1155e-21 1.29113e-20 1.82616e-20 2.57928e-20 3.63797e-20 5.12426e-20 7.20821e-20 1.01266e-19 1.42087e-19 1.99121e-19 2.78722e-19 3.89709e-19 5.44308e-19 7.5947e-19 1.05868e-18 1.47446e-18 2.05186e-18 2.85324e-18 3.96496e-18 5.5066e-18 7.64374e-18 1.06058e-17 1.47105e-17 2.03986e-17 2.82809e-17 3.92051e-17 5.43476e-17 7.53421e-17 1.04459e-16 1.44852e-16 2.00909e-16 2.78733e-16 3.86815e-16 5.36969e-16 7.4564e-16 1.03571e-15 1.43901e-15 1.99981e-15 2.77965e-15 3.86397e-15 5.37137e-15 7.4662e-15 1.0376e-14 1.44152e-14 2.00178e-14 2.77814e-14 3.85275e-14 5.33825e-14 7.38875e-14 1.02145e-13 1.41018e-13 1.94387e-13 2.67506e-13 3.67459e-13 5.03766e-13 6.89184e-13 9.40745e-13 1.28111e-12 1.74032e-12 2.35807e-12 3.18661e-12 4.29444e-12 5.77108e-12 7.73303e-12 1.03314e-11 1.37612e-11 1.82735e-11 2.41896e-11 3.19193e-11 4.1983e-11 5.50374e-11 7.1908e-11 9.36258e-11 1.21471e-10 1.57025e-10 2.02223e-10 2.59422e-10 3.31472e-10 4.21794e-10 5.34466e-10 6.74329e-10 8.47106e-10 1.05956e-09 1.31971e-09 1.63716e-09 2.02354e-09 2.49328e-09 3.06476e-09 3.76201e-09 4.61741e-09 5.67561e-09 6.99936e-09 8.67793e-09 1.08391e-08 1.3666e-08 1.74207e-08 2.2476e-08 2.93594e-08 3.88108e-08 5.1859e-08 6.99219e-08 9.49333e-08 1.29504e-07 1.7712e-07 2.42381e-07 3.31285e-07 4.51542e-07 6.12935e-07 8.27673e-07 1.11075e-06 1.48023e-06 1.95745e-06 2.56706e-06 3.3368e-06 4.29701e-06 5.47982e-06 6.91787e-06 8.64274e-06 1.06829e-05 1.30617e-05 1.57947e-05 1.88872e-05 2.23325e-05 2.61099e-05 3.0184e-05 3.45054e-05 3.90136e-05 4.36431e-05 4.83327e-05 5.30403e-05 5.77616e-05 6.25528e-05 6.75577e-05 7.30352e-05 7.93881e-05 8.71886e-05 9.72e-05 0.000110389 0.00012792 0.000151128 0.000181449 0.000220299 0.000268894 0.000328006 0.000397679 0.000476949 0.000563626 0.000654228 0.000744149 0.000828079 0.000900676 0.000957378 0.000995202 0.00101336 0.00101358 0.00100009 0.000979389 0.000960111 0.000953056 0.000971824 0.00103411 0.00116376 0.00139358 0.00176875 0.0023506 0.0032198 0.00447771 0.00624301 0.00863961 0.011771 0.0156778 0.0202802 0.0253218 0.0303419 0.0347147 0.037774 0.0390016 0.0382091 0.0356253 0.0318354 0.0275996 0.0236487 0.0205525 0.0186961 0.0183389 0.019711 0.0231106 0.0289855 0.037987 0.0509789 0.0689458 0.0926729 0.121968 0.154249 0.183125 0.19947 0.197248 0.179194 0.154479 0.132158 0.118007 0.114818 0.12338 0.142892 0.170888 0.20349 0.236827 0.268841 0.298778 0.324204 0.340042 0.342686 0.333743 0.317131 0.295256 0.270733 0.248127 0.230845 0.218034 0.205903 0.191584 0.175066 0.158026 0.142204 0.12879 0.118118 0.10946 0.101437 0.0931014 0.0848196 0.078233 0.0755891 0.079202 0.0912854 0.113728 0.146969 0.187048 0.221663 0.232819 0.213598 0.177441 0.142766 0.120185 0.113277 0.122485 0.146874 0.183463 0.225018 0.258887 0.271895 0.260909 0.236328 0.213589 0.204512 0.2143 0.240402 0.270933 0.288674 0.286619 0.275247 0.267019 0.263545 0.257979 0.243912 0.220616 0.191203 0.159239 0.127687 0.0988981 0.0744281 0.0548922 0.0401062 0.0294107 0.0219853 0.0170613 0.0140336 0.0125054 0.0123045 0.0134967 0.0164158 0.0217191 0.030467 0.0441985 0.0649032 0.094629 0.134136 0.179739 0.219025 0.233081 0.213698 0.173726 0.131205 0.0957797 0.0695178 0.0512486 0.0391262 0.0315595 0.0273677 0.0256694 0.0257213 0.026794 0.0281281 0.0289955 0.0288435 0.0274418 0.0249256 0.0216973 0.0182497 0.0150107 0.0122687 0.0101719 0.00876539 0.0080353 0.00794216 0.00843989 0.00948163 0.0110153 0.0129707 0.0152407 0.0176624 0.0200113 0.022021 0.0234381 0.0240949 0.0239629 0.0231532 0.0218598 0.0202819 0.018566 0.016792 0.0149924 0.0131843 0.0113923 0.00965545 0.00802114 0.00653388 0.00522609 0.00411359 0.00319602 0.0024602 0.00188482 0.00144478 0.00111457 0.000870456 0.000691711 0.000561054 0.000464664 0.000391915 0.000334986 0.000288413 0.000248615 0.000213448 0.000181781 0.000153137 0.000127393 0.000104576 8.47122e-05 6.77625e-05 5.35918e-05 4.19784e-05 3.26388e-05 2.52567e-05 1.95115e-05 1.50988e-05 1.1745e-05 9.21426e-06 7.31073e-06 5.87676e-06 4.78902e-06 3.95355e-06 3.30057e-06 2.77948e-06 2.3545e-06 2.00087e-06 1.70178e-06 1.44595e-06 1.22578e-06 1.03601e-06 8.72797e-07 7.33058e-07 6.14141e-07 5.13604e-07 4.29141e-07 3.58559e-07 2.99806e-07 2.51001e-07 2.10462e-07 1.76726e-07 1.48552e-07 1.24914e-07 1.0498e-07 8.80896e-08 7.37246e-08 6.14793e-08 5.10355e-08 4.21403e-08 3.45876e-08 2.82045e-08 2.28419e-08 1.83679e-08 1.46636e-08 1.16217e-08 9.14468e-09 7.14483e-09 5.54395e-09 4.27317e-09 3.27265e-09 2.4911e-09 1.88522e-09 1.4189e-09 1.06243e-09 7.91689e-10 5.87295e-10 4.33856e-10 3.19271e-10 2.34116e-10 1.71113e-10 1.24691e-10 9.06158e-11 6.56891e-11 4.75122e-11 3.42953e-11 2.471e-11 1.7775e-11 1.27681e-11 9.16045e-12 6.56546e-12 4.70182e-12 3.36525e-12 2.40784e-12 1.72272e-12 1.23284e-12 8.82759e-13 6.32669e-13 4.54017e-13 3.26364e-13 2.35095e-13 1.69774e-13 1.22959e-13 8.93433e-14 6.51501e-14 4.76896e-14 3.50473e-14 2.58604e-14 1.91577e-14 1.42467e-14 1.06326e-14 7.96114e-15 5.97775e-15 4.49913e-15 3.39257e-15 2.56164e-15 1.93586e-15 1.46345e-15 1.1062e-15 8.35688e-16 6.30731e-16 4.75423e-16 3.57781e-16 2.68745e-16 2.01443e-16 1.5065e-16 1.12389e-16 8.36298e-17 6.20642e-17 4.59338e-17 3.3901e-17 2.49499e-17 1.83103e-17 1.33996e-17 9.77834e-18 7.11584e-18 5.16405e-18 3.73747e-18 2.6978e-18 1.94229e-18 1.39482e-18 9.99203e-19 7.1409e-19 5.09157e-19 3.62232e-19 2.57156e-19 1.82189e-19 1.28826e-19 9.09253e-20 6.40632e-20 4.50631e-20 3.16494e-20 2.21967e-20 1.55467e-20 1.08757e-20 7.59971e-21 5.30517e-21 3.70008e-21 2.57855e-21 1.79572e-21 
3.13762e-21 4.47623e-21 6.37638e-21 9.06962e-21 1.28813e-20 1.8268e-20 2.58696e-20 3.65816e-20 5.16557e-20 7.28394e-20 1.0257e-19 1.44242e-19 2.02579e-19 2.8415e-19 3.98077e-19 5.57024e-19 7.78558e-19 1.08703e-18 1.51617e-18 2.11271e-18 2.94136e-18 4.09169e-18 5.68766e-18 7.9009e-18 1.0969e-17 1.52208e-17 2.1112e-17 2.92738e-17 4.05808e-17 5.62463e-17 7.79531e-17 1.08037e-16 1.49743e-16 2.07579e-16 2.87811e-16 3.99157e-16 5.53743e-16 7.68449e-16 1.06677e-15 1.48141e-15 2.0579e-15 2.85959e-15 3.97461e-15 5.52551e-15 7.6825e-15 1.06818e-14 1.4851e-14 2.06435e-14 2.8686e-14 3.98434e-14 5.53065e-14 7.6712e-14 1.06303e-13 1.47149e-13 2.03434e-13 2.80848e-13 3.8711e-13 5.32648e-13 7.31517e-13 1.00259e-12 1.37112e-12 1.87078e-12 2.54633e-12 3.45703e-12 4.68103e-12 6.32107e-12 8.51166e-12 1.14283e-11 1.5299e-11 2.04189e-11 2.71686e-11 3.60367e-11 4.76477e-11 6.27967e-11 8.24905e-11 1.07997e-10 1.40907e-10 1.832e-10 2.37325e-10 3.06296e-10 3.93789e-10 5.04255e-10 6.43046e-10 8.16545e-10 1.03232e-09 1.29927e-09 1.62786e-09 2.03039e-09 2.52133e-09 3.118e-09 3.8414e-09 4.71772e-09 5.78061e-09 7.07467e-09 8.6608e-09 1.06242e-08 1.30858e-08 1.62197e-08 2.02764e-08 2.56169e-08 3.27589e-08 4.24404e-08 5.57049e-08 7.40153e-08 9.94033e-08 1.34662e-07 1.83594e-07 2.51315e-07 3.44633e-07 4.72494e-07 6.46504e-07 8.8151e-07 1.19621e-06 1.61376e-06 2.16234e-06 2.87553e-06 3.79248e-06 4.9577e-06 6.42033e-06 8.23295e-06 1.04496e-05 1.31231e-05 1.6302e-05 2.00268e-05 2.43257e-05 2.92108e-05 3.46735e-05 4.0682e-05 4.71785e-05 5.40793e-05 6.12782e-05 6.86545e-05 7.6087e-05 8.34764e-05 9.07753e-05 9.80254e-05 0.000105401 0.000113256 0.00012217 0.000132991 0.000146878 0.000165325 0.000190169 0.000223561 0.000267873 0.000325529 0.000398717 0.000488989 0.00059677 0.000720833 0.000857867 0.00100229 0.00114646 0.00128137 0.00139777 0.0014877 0.00154582 0.00157055 0.00156451 0.00153435 0.0014901 0.00144455 0.00141304 0.00141419 0.00147173 0.00161773 0.00189694 0.00237251 0.00313264 0.00429745 0.00602445 0.0085086 0.0119703 0.0166216 0.0225993 0.0298633 0.038074 0.0465045 0.0540632 0.059495 0.0617446 0.0603569 0.0557069 0.0488943 0.0413382 0.0343194 0.0287168 0.0249928 0.0233361 0.0238476 0.0267069 0.0322991 0.0413004 0.0547087 0.0737646 0.0996114 0.132404 0.169573 0.203832 0.22402 0.222345 0.201974 0.174068 0.149473 0.135116 0.134614 0.149446 0.179142 0.220474 0.267074 0.312185 0.35397 0.395287 0.434509 0.459485 0.458966 0.437983 0.407555 0.370411 0.327829 0.287037 0.254687 0.23063 0.210176 0.18969 0.169214 0.150892 0.136616 0.127018 0.121297 0.117364 0.112669 0.1057 0.0970731 0.0892198 0.0852419 0.0881555 0.100823 0.12592 0.164832 0.213968 0.258379 0.272868 0.24681 0.199566 0.155315 0.125616 0.112796 0.115674 0.131874 0.157695 0.187054 0.211471 0.223229 0.220786 0.21104 0.205847 0.216971 0.252748 0.313727 0.381602 0.412904 0.386144 0.337385 0.300316 0.28013 0.26803 0.254299 0.233865 0.206198 0.173556 0.139553 0.107751 0.0805611 0.058928 0.0426694 0.0310005 0.0229618 0.0176739 0.0144536 0.0128522 0.0126621 0.0139249 0.0169574 0.0224049 0.0313178 0.0452207 0.0660761 0.0958819 0.135326 0.180663 0.219549 0.233325 0.213939 0.174053 0.131545 0.0960928 0.0698835 0.0518406 0.0401667 0.0332837 0.0300056 0.0294293 0.030758 0.0331519 0.0356711 0.0373657 0.0374998 0.0357886 0.0324739 0.0281709 0.0235968 0.0193467 0.0158018 0.0131451 0.0114249 0.0106198 0.0106837 0.0115703 0.0132383 0.015644 0.018719 0.0223349 0.0262604 0.0301331 0.0334827 0.0358331 0.0368601 0.0365182 0.0350433 0.0328242 0.030231 0.0275046 0.0247452 0.0219715 0.0191907 0.01644 0.0137891 0.0113208 0.00910675 0.00719254 0.0055935 0.00429873 0.00327914 0.00249582 0.00190686 0.00147208 0.00115561 0.0009271 0.000761849 0.000640515 0.00054852 0.000475373 0.00041397 0.000359887 0.000310703 0.000265374 0.000223695 0.000185862 0.000152169 0.000122817 9.78275e-05 7.70262e-05 6.00789e-05 4.65429e-05 3.59237e-05 2.77221e-05 2.147e-05 1.67508e-05 1.32102e-05 1.05577e-05 8.56218e-06 7.04539e-06 5.87342e-06 4.94834e-06 4.20044e-06 3.58138e-06 3.05853e-06 2.61029e-06 2.22257e-06 1.88608e-06 1.59441e-06 1.34273e-06 1.127e-06 9.4349e-07 7.88581e-07 6.58726e-07 5.50481e-07 4.60586e-07 3.86045e-07 3.24187e-07 2.72702e-07 2.29651e-07 1.93447e-07 1.6282e-07 1.36777e-07 1.14545e-07 9.55292e-08 7.9265e-08 6.53836e-08 5.35829e-08 4.36065e-08 3.52294e-08 2.82494e-08 2.24819e-08 1.77579e-08 1.39229e-08 1.08374e-08 8.37684e-09 6.43149e-09 4.90628e-09 3.72e-09 2.80436e-09 2.10269e-09 1.56863e-09 1.16473e-09 8.61071e-10 6.34026e-10 4.65126e-10 3.40066e-10 2.47864e-10 1.80153e-10 1.30604e-10 9.44648e-11 6.8183e-11 4.91212e-11 3.53296e-11 2.53729e-11 1.81992e-11 1.30397e-11 9.33494e-12 6.67847e-12 4.77605e-12 3.41508e-12 2.44231e-12 1.74745e-12 1.25132e-12 8.9712e-13 6.44216e-13 4.63545e-13 3.34363e-13 2.41875e-13 1.75541e-13 1.2786e-13 9.34929e-14 6.86427e-14 5.06086e-14 3.7468e-14 2.78516e-14 2.07822e-14 1.5561e-14 1.16872e-14 8.8005e-15 6.64049e-15 5.0183e-15 3.79616e-15 2.873e-15 2.17429e-15 1.6447e-15 1.24298e-15 9.38186e-16 7.06995e-16 5.31771e-16 3.99125e-16 2.9887e-16 2.23241e-16 1.66312e-16 1.23564e-16 9.15465e-17 6.76319e-17 4.98204e-17 3.65934e-17 2.68002e-17 1.95712e-17 1.42514e-17 1.03483e-17 7.49333e-18 5.41125e-18 3.8973e-18 2.79965e-18 2.00609e-18 1.43395e-18 1.02258e-18 7.27564e-19 5.16536e-19 3.65952e-19 2.58754e-19 1.82613e-19 1.28648e-19 9.0479e-20 6.3535e-20 4.45498e-20 3.11957e-20 2.18176e-20 1.52416e-20 1.06368e-20 7.41653e-21 5.16703e-21 3.59732e-21 2.50298e-21 
4.40385e-21 6.2915e-21 8.97462e-21 1.27826e-20 1.81789e-20 2.58144e-20 3.66023e-20 5.18221e-20 7.32635e-20 1.03427e-19 1.45804e-19 2.05258e-19 2.88563e-19 4.05143e-19 5.68093e-19 7.95595e-19 1.11288e-18 1.55492e-18 2.17019e-18 3.02581e-18 4.21474e-18 5.86561e-18 8.15645e-18 1.13336e-17 1.5738e-17 2.18413e-17 3.02968e-17 4.20088e-17 5.823e-17 8.06968e-17 1.11817e-16 1.54929e-16 2.14672e-16 2.97483e-16 4.12313e-16 5.71605e-16 7.92671e-16 1.0996e-15 1.52594e-15 2.11838e-15 2.94196e-15 4.08723e-15 5.68025e-15 7.89643e-15 1.09797e-14 1.52691e-14 2.12352e-14 2.95304e-14 4.10581e-14 5.70672e-14 7.92807e-14 1.10071e-13 1.52698e-13 2.11629e-13 2.92971e-13 4.05047e-13 5.59171e-13 7.70672e-13 1.06025e-12 1.45577e-12 1.99461e-12 2.72674e-12 3.71868e-12 5.05874e-12 6.86366e-12 9.28722e-12 1.25312e-11 1.68594e-11 2.26154e-11 3.0245e-11 4.0324e-11 5.35939e-11 7.10048e-11 9.37688e-11 1.23426e-10 1.61922e-10 2.11702e-10 2.75822e-10 3.58078e-10 4.63149e-10 5.96764e-10 7.65878e-10 9.78872e-10 1.24575e-09 1.57838e-09 1.99068e-09 2.49896e-09 3.12219e-09 3.8825e-09 4.80587e-09 5.92322e-09 7.27227e-09 8.90032e-09 1.08689e-08 1.32608e-08 1.6191e-08 1.98221e-08 2.43888e-08 3.02305e-08 3.78396e-08 4.7928e-08 6.15187e-08 8.00707e-08 1.05646e-07 1.41133e-07 1.90533e-07 2.59339e-07 3.55003e-07 4.87521e-07 6.70145e-07 9.20213e-07 1.2601e-06 1.71824e-06 2.33019e-06 3.13961e-06 4.19906e-06 5.57038e-06 7.32462e-06 9.54104e-06 1.23053e-05 1.57064e-05 1.98328e-05 2.47666e-05 3.05779e-05 3.7318e-05 4.50119e-05 5.36515e-05 6.31893e-05 7.35335e-05 8.45459e-05 9.60448e-05 0.000107815 0.000119627 0.000131274 0.000142616 0.000153643 0.000164544 0.000175784 0.00018818 0.000202975 0.000221901 0.000247237 0.00028184 0.000329121 0.000392947 0.000477397 0.00058633 0.000722743 0.000887926 0.00108051 0.00129563 0.00152446 0.00175442 0.0019703 0.00215627 0.00229845 0.00238749 0.00242049 0.00240166 0.00234178 0.00225663 0.00216538 0.00208979 0.00205485 0.0020915 0.00224135 0.00256336 0.00314265 0.0041013 0.00561098 0.00790573 0.0112903 0.0161344 0.0228356 0.0317274 0.0429118 0.0560236 0.0700023 0.0830256 0.0927757 0.0970949 0.0948623 0.086646 0.0745765 0.0613997 0.0494144 0.0399645 0.0335256 0.0300584 0.0293656 0.0313585 0.0362317 0.0445647 0.0573449 0.0758636 0.10134 0.133996 0.17131 0.206073 0.227259 0.227033 0.208163 0.181527 0.158298 0.14626 0.150181 0.172858 0.214987 0.273186 0.337665 0.396232 0.447909 0.505812 0.57433 0.622506 0.609322 0.555507 0.498332 0.440113 0.375974 0.314762 0.266342 0.231152 0.203809 0.179812 0.158411 0.141196 0.129691 0.124102 0.122981 0.1234 0.121971 0.116703 0.108318 0.0997224 0.0944779 0.0958903 0.106994 0.130596 0.168179 0.216208 0.259756 0.27364 0.247172 0.199513 0.154578 0.123603 0.108466 0.107407 0.117507 0.135038 0.155179 0.172404 0.18243 0.185119 0.185975 0.194978 0.224387 0.287284 0.394243 0.53246 0.598528 0.511186 0.399134 0.326358 0.289787 0.273716 0.263389 0.248196 0.223101 0.18922 0.151762 0.116236 0.0860598 0.0623638 0.0447901 0.0323185 0.023803 0.0182409 0.0148726 0.0132009 0.0129821 0.0142229 0.0171955 0.0224751 0.0309909 0.0440509 0.0632424 0.0899789 0.124258 0.162215 0.193605 0.204607 0.189562 0.157372 0.121609 0.0906956 0.0672729 0.0510019 0.0406323 0.0349131 0.032833 0.0335675 0.036321 0.0401687 0.0439921 0.0466023 0.0470575 0.0450119 0.0408307 0.0353711 0.0295978 0.0242843 0.0199074 0.0166867 0.0146785 0.0138625 0.0141985 0.0156546 0.0182141 0.0218651 0.0265687 0.0321994 0.0384548 0.0447712 0.0503252 0.0542147 0.0558005 0.0550088 0.0523434 0.0485843 0.0444091 0.040186 0.0359988 0.0318039 0.027581 0.0233973 0.0193884 0.0157024 0.0124535 0.00970013 0.00744746 0.00566051 0.00428084 0.00324061 0.00247242 0.00191503 0.00151594 0.00123199 0.00102886 0.000880164 0.000766362 0.000673724 0.000593286 0.000519828 0.000450895 0.00038587 0.000325169 0.000269617 0.000219999 0.000176814 0.000140181 0.000109858 8.53237e-05 6.58781e-05 5.07462e-05 3.91545e-05 3.03868e-05 2.38149e-05 1.89114e-05 1.52494e-05 1.24944e-05 1.03917e-05 8.75287e-06 7.44264e-06 6.36659e-06 5.46088e-06 4.68366e-06 4.00822e-06 3.41777e-06 2.90151e-06 2.45198e-06 2.0633e-06 1.7301e-06 1.44706e-06 1.2087e-06 1.00947e-06 8.43886e-07 7.06729e-07 5.93206e-07 4.99068e-07 4.20675e-07 3.55002e-07 2.99607e-07 2.52568e-07 2.12402e-07 1.77973e-07 1.48418e-07 1.23067e-07 1.01387e-07 8.29392e-08 6.73428e-08 5.42583e-08 4.33742e-08 3.44021e-08 2.70749e-08 2.1147e-08 1.63958e-08 1.26224e-08 9.65185e-09 7.33315e-09 5.53783e-09 4.15835e-09 3.10597e-09 2.30853e-09 1.70803e-09 1.25844e-09 9.23636e-10 6.75528e-10 4.92488e-10 3.58002e-10 2.59557e-10 1.87736e-10 1.35498e-10 9.76075e-11 7.01926e-11 5.04015e-11 3.6143e-11 2.58892e-11 1.85274e-11 1.32496e-11 9.47085e-12 6.7683e-12 4.83725e-12 3.45844e-12 2.47444e-12 1.77237e-12 1.27141e-12 9.13824e-13 6.58379e-13 4.75683e-13 3.44804e-13 2.50844e-13 1.8321e-13 1.34374e-13 9.89824e-14 7.32296e-14 5.44075e-14 4.05864e-14 3.03888e-14 2.28286e-14 1.71974e-14 1.29849e-14 9.82112e-15 7.43678e-15 5.63471e-15 4.26966e-15 3.23398e-15 2.44744e-15 1.84989e-15 1.396e-15 1.05148e-15 7.90281e-16 5.92563e-16 4.43184e-16 3.30575e-16 2.45892e-16 1.82378e-16 1.34874e-16 9.94492e-17 7.31107e-17 5.35881e-17 3.91624e-17 2.85363e-17 2.07332e-17 1.50211e-17 1.08523e-17 7.81911e-18 5.61875e-18 4.02717e-18 2.87922e-18 2.05353e-18 1.46123e-18 1.03745e-18 7.35005e-19 5.19676e-19 3.66724e-19 2.58319e-19 1.81649e-19 1.27531e-19 8.94034e-20 6.2589e-20 4.3762e-20 3.05633e-20 2.13235e-20 1.48635e-20 1.03522e-20 7.2051e-21 5.01176e-21 3.48438e-21 
6.17161e-21 8.82969e-21 1.26132e-20 1.79901e-20 2.56198e-20 3.64294e-20 5.17212e-20 7.33212e-20 1.03786e-19 1.46693e-19 2.07036e-19 2.91783e-19 4.10644e-19 5.7713e-19 8.10031e-19 1.13545e-18 1.5896e-18 2.22273e-18 3.10446e-18 4.33123e-18 6.03655e-18 8.40521e-18 1.16929e-17 1.62532e-17 2.25754e-17 3.13364e-17 4.34727e-17 6.02803e-17 8.35538e-17 1.15778e-16 1.60399e-16 2.2219e-16 3.07778e-16 4.26361e-16 5.90714e-16 8.18597e-16 1.13471e-15 1.57341e-15 2.18255e-15 3.02874e-15 4.20478e-15 5.83993e-15 8.11425e-15 1.12785e-14 1.56816e-14 2.18092e-14 3.03362e-14 4.21996e-14 5.8699e-14 8.1634e-14 1.13492e-13 1.57705e-13 2.18999e-13 3.03864e-13 4.21191e-13 5.8313e-13 8.06233e-13 1.11298e-12 1.5338e-12 2.10976e-12 2.89606e-12 3.96668e-12 5.42038e-12 7.38849e-12 1.00451e-11 1.36199e-11 1.84151e-11 2.48265e-11 3.3371e-11 4.47204e-11 5.97447e-11 7.95664e-11 1.05628e-10 1.39774e-10 1.84354e-10 2.42347e-10 3.17507e-10 4.14542e-10 5.39317e-10 6.99092e-10 9.02783e-10 1.16125e-09 1.48763e-09 1.89761e-09 2.40983e-09 3.04619e-09 3.83218e-09 4.79738e-09 5.97588e-09 7.40718e-09 9.13737e-09 1.12213e-08 1.37261e-08 1.6737e-08 2.03664e-08 2.47684e-08 3.016e-08 3.68542e-08 4.53058e-08 5.61794e-08 7.04437e-08 8.95029e-08 1.15377e-07 1.50947e-07 2.00281e-07 2.69065e-07 3.65166e-07 4.99348e-07 6.86174e-07 9.45113e-07 1.30186e-06 1.78989e-06 2.45212e-06 3.34275e-06 4.52897e-06 6.09249e-06 8.13046e-06 1.07556e-05 1.40951e-05 1.82879e-05 2.34802e-05 2.98185e-05 3.7442e-05 4.64716e-05 5.69991e-05 6.90751e-05 8.2697e-05 9.77975e-05 0.000114235 0.000131785 0.000150146 0.000168942 0.000187759 0.000206189 0.00022391 0.000240783 0.000256968 0.000273047 0.000290147 0.000310056 0.00033533 0.000369393 0.000416614 0.000482319 0.000572702 0.000694505 0.000854402 0.00105798 0.00130833 0.00160435 0.00193914 0.00229896 0.00266333 0.00300676 0.00330226 0.0035259 0.00366151 0.00370406 0.00366077 0.00354957 0.0033958 0.0032286 0.00307871 0.00297903 0.00296844 0.0030988 0.0034448 0.00411674 0.00527676 0.00715918 0.0100944 0.0145325 0.0210539 0.0303435 0.0430845 0.0597178 0.0800391 0.102706 0.124908 0.142548 0.151223 0.148062 0.13371 0.112459 0.089846 0.0700317 0.0549476 0.044835 0.0390993 0.0369582 0.0378324 0.0415622 0.0485027 0.0595035 0.0757321 0.098239 0.127071 0.159822 0.190282 0.209482 0.211089 0.196877 0.175489 0.156927 0.149241 0.158288 0.188413 0.242085 0.316789 0.39951 0.470184 0.528706 0.607327 0.734341 0.854425 0.795043 0.659865 0.558211 0.47645 0.395239 0.320124 0.261171 0.218895 0.18794 0.163458 0.143767 0.129437 0.121341 0.119369 0.12188 0.125741 0.127328 0.124433 0.117605 0.109575 0.103695 0.103051 0.110439 0.128265 0.157383 0.194074 0.226113 0.235472 0.215001 0.177621 0.141042 0.114951 0.101615 0.0997329 0.106606 0.118847 0.132652 0.144438 0.152146 0.156804 0.163407 0.18069 0.220665 0.299069 0.435895 0.643124 0.76962 0.591092 0.427063 0.333725 0.290973 0.277609 0.275117 0.267397 0.244539 0.207421 0.164551 0.124229 0.0907797 0.0651365 0.0464859 0.0334355 0.0246073 0.0188708 0.0153997 0.0136582 0.0133726 0.0145128 0.0172932 0.0221891 0.029951 0.0415742 0.0581327 0.0803106 0.107411 0.135853 0.15831 0.166271 0.156451 0.13389 0.107183 0.082747 0.0634401 0.0497516 0.0411464 0.0368344 0.0360619 0.0381294 0.0422713 0.0475029 0.0525546 0.0560248 0.0567856 0.0544364 0.0494593 0.0429358 0.0360575 0.0297611 0.0246151 0.0208828 0.0186445 0.0179016 0.0186428 0.0208752 0.0246336 0.0299728 0.0369326 0.0454492 0.0551864 0.0653212 0.0744466 0.0808532 0.0832604 0.0815465 0.0767909 0.0705527 0.0640369 0.0577367 0.0515965 0.0454003 0.0390762 0.0327752 0.0267755 0.0213458 0.0166607 0.0127827 0.00968386 0.00728051 0.00546371 0.00412073 0.00314744 0.002454 0.00196621 0.00162467 0.00138306 0.00120632 0.00106887 0.000953185 0.000848303 0.000748444 0.000651596 0.000558164 0.000469788 0.00038841 0.000315649 0.000252484 0.000199175 0.000155345 0.000120159 9.2507e-05 7.11762e-05 5.4976e-05 4.28207e-05 3.37723e-05 2.70547e-05 2.20486e-05 1.82752e-05 1.53756e-05 1.30889e-05 1.12311e-05 9.67699e-06 8.34465e-06 7.18239e-06 6.15889e-06 5.2555e-06 4.4607e-06 3.76639e-06 3.16558e-06 2.65107e-06 2.21503e-06 1.84901e-06 1.54415e-06 1.29164e-06 1.08306e-06 9.10733e-07 7.67891e-07 6.48807e-07 5.48787e-07 4.64102e-07 3.91865e-07 3.29887e-07 2.76525e-07 2.30542e-07 1.90988e-07 1.57102e-07 1.28248e-07 1.03863e-07 8.3431e-08 6.6471e-08 5.25293e-08 4.11815e-08 3.20358e-08 2.47357e-08 1.89633e-08 1.44398e-08 1.09253e-08 8.21691e-09 6.14552e-09 4.57259e-09 3.38605e-09 2.49643e-09 1.83318e-09 1.34124e-09 9.7806e-10 7.11085e-10 5.15586e-10 3.72923e-10 2.69145e-10 1.93864e-10 1.39396e-10 1.00075e-10 7.17489e-11 5.13803e-11 3.67584e-11 2.62775e-11 1.87748e-11 1.34102e-11 9.57828e-12 6.8432e-12 4.89216e-12 3.50087e-12 2.50878e-12 1.80116e-12 1.29612e-12 9.35285e-13 6.77084e-13 4.91952e-13 3.58874e-13 2.62919e-13 1.93481e-13 1.43027e-13 1.06203e-13 7.91964e-14 5.92917e-14 4.45476e-14 3.35724e-14 2.53647e-14 1.92005e-14 1.45538e-14 1.10399e-14 8.37606e-15 6.35295e-15 4.81468e-15 3.64444e-15 2.75427e-15 2.07756e-15 1.5637e-15 1.17412e-15 8.79311e-16 6.56727e-16 4.89089e-16 3.63173e-16 2.68867e-16 1.98447e-16 1.46024e-16 1.07122e-16 7.83455e-17 5.71271e-17 4.15319e-17 3.01059e-17 2.1761e-17 1.56853e-17 1.12751e-17 8.08354e-18 5.78056e-18 4.12348e-18 2.93444e-18 2.08351e-18 1.47611e-18 1.04361e-18 7.3639e-19 5.18644e-19 3.64648e-19 2.55959e-19 1.79396e-19 1.25559e-19 8.77667e-20 6.12787e-20 4.27404e-20 2.97829e-20 2.07369e-20 1.44284e-20 1.00331e-20 6.97339e-21 4.84486e-21 
8.63521e-21 1.23726e-20 1.77e-20 2.52816e-20 3.60545e-20 5.13379e-20 7.29866e-20 1.03605e-19 1.46842e-19 2.07808e-19 2.93647e-19 4.1433e-19 5.83766e-19 8.21321e-19 1.15394e-18 1.61908e-18 2.26873e-18 3.17504e-18 4.43799e-18 6.19613e-18 8.64125e-18 1.20388e-17 1.67559e-17 2.33005e-17 3.23748e-17 4.49502e-17 6.23696e-17 8.64912e-17 1.19886e-16 1.66112e-16 2.30099e-16 3.18674e-16 4.41307e-16 6.11135e-16 8.46393e-16 1.17242e-15 1.62444e-15 2.25144e-15 3.12162e-15 4.32995e-15 6.00869e-15 8.34216e-15 1.15872e-14 1.61017e-14 2.23843e-14 3.11292e-14 4.33026e-14 6.02476e-14 8.383e-14 1.16637e-13 1.62254e-13 2.25632e-13 3.13608e-13 4.35589e-13 6.04495e-13 8.38018e-13 1.16032e-12 1.60429e-12 2.21458e-12 3.05157e-12 4.19664e-12 5.75912e-12 7.88528e-12 1.07701e-11 1.46727e-11 1.99356e-11 2.70107e-11 3.64908e-11 4.91518e-11 6.60045e-11 8.83606e-11 1.17917e-10 1.56857e-10 2.07984e-10 2.74874e-10 3.62076e-10 4.75341e-10 6.21905e-10 8.10815e-10 1.05331e-09 1.36324e-09 1.75756e-09 2.2568e-09 2.88563e-09 3.67337e-09 4.65449e-09 5.86915e-09 7.36368e-09 9.19117e-09 1.14123e-08 1.40967e-08 1.73254e-08 2.11945e-08 2.58229e-08 3.13634e-08 3.80216e-08 4.60847e-08 5.59653e-08 6.82658e-08 8.38724e-08 1.04088e-07 1.30819e-07 1.66834e-07 2.16118e-07 2.84347e-07 3.79528e-07 5.12829e-07 6.99661e-07 9.61055e-07 1.32537e-06 1.83038e-06 2.52571e-06 3.47565e-06 4.76215e-06 6.48785e-06 8.77886e-06 1.17867e-05 1.56893e-05 2.06893e-05 2.70109e-05 3.48927e-05 4.45773e-05 5.62981e-05 7.02628e-05 8.66345e-05 0.000105512 0.000126911 0.00015074 0.000176788 0.000204702 0.000233987 0.000264009 0.000294033 0.000323298 0.000351136 0.000377132 0.000401317 0.000424365 0.000447793 0.000474131 0.000507095 0.000551743 0.000614636 0.00070394 0.00082938 0.00100189 0.00123276 0.00153208 0.00190646 0.00235605 0.00287159 0.00343207 0.00400452 0.00454665 0.00501274 0.00536186 0.0055664 0.00561816 0.00553 0.00533249 0.00506703 0.0047784 0.00450992 0.0043037 0.00420629 0.0042792 0.00461298 0.00534485 0.00668092 0.00892546 0.0125192 0.0180844 0.026467 0.0387436 0.0561336 0.0797147 0.109837 0.145248 0.182228 0.214208 0.232421 0.229149 0.204124 0.166622 0.128378 0.0967394 0.0739657 0.0593742 0.0512125 0.0476734 0.0473792 0.0496201 0.0544339 0.0625048 0.0748612 0.0923551 0.114873 0.140321 0.163956 0.17943 0.182282 0.173378 0.158697 0.146236 0.143469 0.156638 0.19097 0.250086 0.332383 0.423592 0.498838 0.558261 0.647891 0.827883 1.13587 0.926224 0.690934 0.553716 0.458129 0.373472 0.298359 0.239311 0.196761 0.166485 0.144233 0.127905 0.117216 0.112414 0.1132 0.118102 0.124392 0.128879 0.129441 0.126091 0.120533 0.115072 0.112108 0.11413 0.123305 0.140192 0.161692 0.179605 0.183629 0.169979 0.14549 0.120775 0.102936 0.0943949 0.0945375 0.101114 0.111025 0.121015 0.128632 0.133275 0.136936 0.144384 0.162977 0.202531 0.275293 0.393384 0.54783 0.623106 0.517939 0.391748 0.313501 0.280066 0.276727 0.285803 0.287146 0.26606 0.224305 0.175232 0.130218 0.0940361 0.0670372 0.0477847 0.0344824 0.0255413 0.0197358 0.0162011 0.014384 0.0139947 0.0149756 0.0174901 0.0219199 0.0288502 0.0389977 0.0530118 0.0710513 0.0920844 0.113126 0.129225 0.135313 0.129445 0.114261 0.0949351 0.0761285 0.0605961 0.0493804 0.0425119 0.0395835 0.0400533 0.043317 0.0486282 0.0549607 0.0609469 0.0650534 0.0660397 0.0634771 0.0579279 0.050623 0.0429084 0.0358407 0.0300691 0.0259155 0.0235123 0.022918 0.0241852 0.0273925 0.0326574 0.040141 0.0500282 0.0624241 0.0770785 0.0929195 0.107656 0.1181 0.121668 0.118155 0.109862 0.0998486 0.0901536 0.081263 0.0726732 0.0637788 0.0544495 0.0450634 0.0362006 0.0283403 0.0217309 0.016407 0.012263 0.00912618 0.0068069 0.00512726 0.00393359 0.00309948 0.00252408 0.00212847 0.00185203 0.0016493 0.00148762 0.00134506 0.00120871 0.00107271 0.000936349 0.000802052 0.000673631 0.000554914 0.000448864 0.000357186 0.000280305 0.00021759 0.00016768 0.000128815 9.91113e-05 7.6753e-05 6.01135e-05 4.78095e-05 3.87139e-05 3.19398e-05 2.68119e-05 2.28317e-05 1.96435e-05 1.70022e-05 1.47461e-05 1.27736e-05 1.10245e-05 9.46501e-06 8.07693e-06 6.84984e-06 5.77591e-06 4.847e-06 4.05325e-06 3.38282e-06 2.82227e-06 2.35733e-06 1.97369e-06 1.65772e-06 1.39708e-06 1.18102e-06 1.00056e-06 8.48465e-07 7.19082e-07 6.08128e-07 5.12422e-07 4.29625e-07 3.58001e-07 2.96222e-07 2.43217e-07 1.98069e-07 1.59943e-07 1.28054e-07 1.01651e-07 8.00167e-08 6.24735e-08 4.83933e-08 3.72047e-08 2.83989e-08 2.15315e-08 1.62219e-08 1.215e-08 9.05071e-09 6.70832e-09 4.94937e-09 3.63637e-09 2.66155e-09 1.94136e-09 1.41167e-09 1.02363e-09 7.40404e-10 5.3434e-10 3.84853e-10 2.7669e-10 1.98611e-10 1.42366e-10 1.01926e-10 7.28988e-11 5.20952e-11 3.72057e-11 2.65618e-11 1.89607e-11 1.35373e-11 9.67005e-12 6.91371e-12 4.94946e-12 3.54946e-12 2.55111e-12 1.83853e-12 1.32922e-12 9.64496e-13 7.02684e-13 5.14182e-13 3.77979e-13 2.79164e-13 2.07147e-13 1.54404e-13 1.15576e-13 8.68435e-14 6.54706e-14 4.9494e-14 3.74965e-14 2.84507e-14 2.1607e-14 1.64148e-14 1.24675e-14 9.46253e-15 7.1734e-15 5.4295e-15 4.1017e-15 3.0918e-15 2.32486e-15 1.74355e-15 1.30394e-15 9.72325e-16 7.22866e-16 5.35758e-16 3.95846e-16 2.91558e-16 2.14073e-16 1.56692e-16 1.14337e-16 8.31778e-17 6.03289e-17 4.36282e-17 3.14604e-17 2.26229e-17 1.62238e-17 1.16043e-17 8.27912e-18 5.89238e-18 4.18392e-18 2.96419e-18 2.0956e-18 1.47855e-18 1.04121e-18 7.31929e-19 5.13663e-19 3.5993e-19 2.51849e-19 1.75996e-19 1.22844e-19 8.5654e-20 5.96675e-20 4.15314e-20 2.88876e-20 2.00814e-20 1.3953e-20 9.69118e-21 6.72919e-21 
1.20624e-20 1.73092e-20 2.47991e-20 3.54739e-20 5.06634e-20 7.22424e-20 1.0285e-19 1.46196e-19 2.07485e-19 2.94012e-19 4.15984e-19 5.87664e-19 8.28958e-19 1.16761e-18 1.64225e-18 2.30658e-18 3.23522e-18 4.53173e-18 6.33971e-18 8.85812e-18 1.23625e-17 1.72341e-17 2.40003e-17 3.33905e-17 4.6413e-17 6.44618e-17 8.94638e-17 1.24083e-16 1.72004e-16 2.38323e-16 3.30095e-16 4.57086e-16 6.32829e-16 8.76089e-16 1.2129e-15 1.67939e-15 2.3258e-15 3.22194e-15 4.46497e-15 6.19015e-15 8.58588e-15 1.19147e-14 1.65426e-14 2.29796e-14 3.19371e-14 4.44059e-14 6.17668e-14 8.59416e-14 1.19603e-13 1.66465e-13 2.31678e-13 3.22376e-13 4.48424e-13 6.23428e-13 8.66112e-13 1.20219e-12 1.66684e-12 2.30809e-12 3.1913e-12 4.40506e-12 6.06912e-12 8.34468e-12 1.1448e-11 1.56681e-11 2.13897e-11 2.9123e-11 3.95419e-11 5.35334e-11 7.22597e-11 9.72389e-11 1.30445e-10 1.74437e-10 2.32517e-10 3.08929e-10 4.09109e-10 5.39986e-10 7.10348e-10 9.31288e-10 1.21673e-09 1.58402e-09 2.05466e-09 2.65503e-09 3.41725e-09 4.38002e-09 5.58951e-09 7.10014e-09 8.97532e-09 1.12881e-08 1.41218e-08 1.75708e-08 2.17417e-08 2.67556e-08 3.27526e-08 3.99e-08 4.84066e-08 5.85459e-08 7.06946e-08 8.53904e-08 1.0342e-07 1.2595e-07 1.5471e-07 1.92256e-07 2.42341e-07 3.10419e-07 4.04333e-07 5.35243e-07 7.18856e-07 9.77032e-07 1.33986e-06 1.84828e-06 2.55729e-06 3.53984e-06 4.89137e-06 6.7347e-06 9.22533e-06 1.25563e-05 1.69623e-05 2.27218e-05 3.01559e-05 3.9624e-05 5.15132e-05 6.62228e-05 8.41425e-05 0.000105626 0.00013096 0.000160333 0.000193801 0.000231255 0.000272388 0.00031666 0.000363278 0.000411193 0.000459139 0.00050574 0.000549692 0.000590035 0.000626466 0.000659669 0.000691621 0.000725849 0.000767666 0.000824418 0.000905763 0.00102394 0.0011939 0.00143298 0.00175982 0.00219213 0.00274302 0.00341602 0.00419955 0.00506237 0.00595216 0.0067994 0.00752732 0.00806662 0.00837078 0.00842712 0.00825929 0.0079202 0.00747826 0.00700273 0.00655423 0.0061844 0.00594508 0.00590444 0.00616708 0.00689688 0.0083447 0.0108857 0.0150721 0.0217044 0.0319136 0.0472282 0.069551 0.100908 0.142773 0.194872 0.253719 0.310995 0.350832 0.351516 0.306932 0.239982 0.176732 0.128631 0.096553 0.0774156 0.0674135 0.0631458 0.0620282 0.0625597 0.064436 0.0683372 0.0753874 0.0864628 0.101493 0.118859 0.135217 0.146377 0.149393 0.144593 0.135825 0.128961 0.130185 0.145146 0.1787 0.233995 0.309072 0.390954 0.458911 0.513164 0.588785 0.719014 0.849 0.76738 0.603523 0.482418 0.394146 0.320141 0.256677 0.206448 0.169743 0.143921 0.125907 0.113752 0.10673 0.104683 0.1073 0.113591 0.121724 0.129454 0.134972 0.137403 0.136536 0.132653 0.127049 0.1223 0.121246 0.125209 0.132564 0.13865 0.138128 0.129057 0.114631 0.100507 0.0912331 0.0888523 0.0931144 0.101996 0.112279 0.120572 0.124814 0.125442 0.125433 0.129558 0.143676 0.174263 0.227248 0.30319 0.383192 0.416991 0.379134 0.316324 0.271478 0.255809 0.264584 0.284067 0.293067 0.274197 0.230334 0.178433 0.131697 0.0948984 0.0678865 0.0488255 0.0357122 0.0268833 0.021105 0.0175272 0.0156118 0.0150745 0.0158487 0.0180695 0.0220622 0.0283141 0.0373877 0.0497215 0.0652647 0.0829668 0.100353 0.113721 0.119457 0.11599 0.104804 0.0894969 0.0738741 0.0606331 0.0511 0.0455867 0.0438505 0.0454074 0.0496504 0.0558069 0.0628208 0.0692996 0.0736946 0.0747656 0.0720994 0.0662867 0.0585959 0.0504184 0.042862 0.0366363 0.0321372 0.029589 0.0291555 0.0310006 0.0353114 0.0423136 0.0522995 0.0656563 0.0827968 0.103791 0.127509 0.150529 0.167156 0.17227 0.165511 0.151646 0.136433 0.12303 0.111485 0.100219 0.0878713 0.0743339 0.0605485 0.0476941 0.0365826 0.02752 0.0204394 0.0150815 0.0111271 0.00826871 0.00624121 0.00482919 0.00386306 0.00321141 0.00277322 0.0024715 0.0022488 0.0020641 0.0018906 0.00171355 0.00152796 0.00133576 0.00114301 0.000957149 0.000785049 0.000631739 0.000499962 0.000390295 0.000301622 0.000231722 0.000177822 0.000137024 0.000106596 8.41341e-05 6.7629e-05 5.54668e-05 4.63965e-05 3.94795e-05 3.40348e-05 2.9586e-05 2.58146e-05 2.25183e-05 1.95777e-05 1.69285e-05 1.454e-05 1.23994e-05 1.05009e-05 8.83867e-06 7.40337e-06 6.18094e-06 5.15285e-06 4.29736e-06 3.59114e-06 3.01079e-06 2.53421e-06 2.14158e-06 1.81587e-06 1.54307e-06 1.3121e-06 1.11449e-06 9.43984e-07 7.96041e-07 6.67404e-07 5.55695e-07 4.59099e-07 3.76129e-07 3.05467e-07 2.45872e-07 1.96137e-07 1.55083e-07 1.21566e-07 9.45012e-08 7.28772e-08 5.57767e-08 4.23847e-08 3.19934e-08 2.4e-08 1.79006e-08 1.3281e-08 9.80618e-09 7.20884e-09 5.27848e-09 3.85123e-09 2.80089e-09 2.03116e-09 1.46918e-09 1.06025e-09 7.63573e-10 5.4891e-10 3.93957e-10 2.82342e-10 2.02098e-10 1.44506e-10 1.03235e-10 7.37014e-11 5.25928e-11 3.75221e-11 2.6772e-11 1.91095e-11 1.36506e-11 9.76262e-12 6.99339e-12 5.02026e-12 3.61328e-12 2.60877e-12 1.89034e-12 1.37534e-12 1.00509e-12 7.37988e-13 5.44512e-13 4.03726e-13 3.00769e-13 2.25076e-13 1.69124e-13 1.27539e-13 9.64695e-14 7.31436e-14 5.55544e-14 4.22411e-14 3.21333e-14 2.44413e-14 1.85785e-14 1.41061e-14 1.06936e-14 8.0912e-15 6.10848e-15 4.60018e-15 3.45498e-15 2.58746e-15 1.93198e-15 1.43811e-15 1.06711e-15 7.89299e-16 5.81936e-16 4.27674e-16 3.133e-16 2.28786e-16 1.66549e-16 1.20869e-16 8.74548e-17 6.30917e-17 4.53854e-17 3.25576e-17 2.32927e-17 1.66211e-17 1.18308e-17 8.40101e-18 5.95189e-18 4.2076e-18 2.96839e-18 2.09009e-18 1.46899e-18 1.03071e-18 7.22054e-19 5.05099e-19 3.52867e-19 2.46223e-19 1.71627e-19 1.19518e-19 8.31621e-20 5.78251e-20 4.01843e-20 2.7912e-20 1.93807e-20 1.34533e-20 9.33715e-21 
1.6821e-20 2.41751e-20 3.4689e-20 4.96958e-20 7.10808e-20 1.01505e-19 1.4472e-19 2.06002e-19 2.92769e-19 4.15422e-19 5.88535e-19 8.32489e-19 1.17576e-18 1.65806e-18 2.33472e-18 3.28274e-18 4.60915e-18 6.46255e-18 9.04909e-18 1.26545e-17 1.76745e-17 2.46567e-17 3.43588e-17 4.78283e-17 6.65131e-17 9.24143e-17 1.28297e-16 1.77982e-16 2.46752e-16 3.41908e-16 4.73548e-16 6.55647e-16 9.07551e-16 1.25606e-15 1.73835e-15 2.40596e-15 3.33049e-15 4.61143e-15 6.38712e-15 8.85012e-15 1.22686e-14 1.70161e-14 2.36136e-14 3.27874e-14 4.55503e-14 6.3315e-14 8.80508e-14 1.22502e-13 1.70491e-13 2.37335e-13 3.30422e-13 4.60005e-13 6.40283e-13 8.90889e-13 1.2389e-12 1.72158e-12 2.39006e-12 3.3143e-12 4.58973e-12 6.34609e-12 8.75913e-12 1.20661e-11 1.65861e-11 2.27466e-11 3.11179e-11 4.24583e-11 5.77717e-11 7.83817e-11 1.06027e-10 1.42984e-10 1.92217e-10 2.57577e-10 3.44046e-10 4.58042e-10 6.07803e-10 8.03857e-10 1.0596e-09 1.392e-09 1.82241e-09 2.37758e-09 3.09074e-09 4.0029e-09 5.16419e-09 6.6353e-09 8.48889e-09 1.08109e-08 1.37018e-08 1.72773e-08 2.16691e-08 2.70253e-08 3.35112e-08 4.1311e-08 5.06323e-08 6.17139e-08 7.48432e-08 9.03845e-08 1.08828e-07 1.30864e-07 1.57508e-07 1.90267e-07 2.31405e-07 2.84305e-07 3.53989e-07 4.47836e-07 5.76565e-07 7.55576e-07 1.00673e-06 1.36075e-06 1.86024e-06 2.56371e-06 3.5505e-06 4.9268e-06 6.83287e-06 9.45112e-06 1.30149e-05 1.78172e-05 2.42182e-05 3.26503e-05 4.36186e-05 5.7695e-05 7.55037e-05 9.76971e-05 0.000124922 0.000157775 0.000196756 0.000242214 0.000294294 0.000352883 0.000417553 0.000487502 0.000561495 0.000637834 0.000714387 0.000788728 0.000858426 0.000921484 0.000976876 0.0010251 0.00106863 0.00111233 0.00116367 0.00123312 0.00133459 0.00148596 0.00170962 0.00203237 0.00248422 0.00309528 0.00389017 0.00487982 0.00605162 0.00736049 0.00872487 0.0100319 0.0111541 0.0119754 0.0124187 0.0124658 0.0121606 0.0115953 0.0108834 0.0101318 0.009424 0.00881891 0.00836705 0.00813643 0.00824141 0.00887084 0.0103184 0.013024 0.0176361 0.0251052 0.0368073 0.0546775 0.0812872 0.119715 0.17298 0.242926 0.329011 0.426614 0.515683 0.535367 0.4494 0.328672 0.229508 0.162112 0.121138 0.0990575 0.0891953 0.0859948 0.0850947 0.0838167 0.0815913 0.0795964 0.0796534 0.0831068 0.0901555 0.0996341 0.109201 0.116077 0.118301 0.11592 0.11131 0.108481 0.112025 0.126311 0.154926 0.19959 0.257686 0.319551 0.372599 0.416475 0.46676 0.529789 0.570466 0.538268 0.457983 0.378325 0.311915 0.255711 0.208294 0.170681 0.143036 0.123928 0.111366 0.10375 0.100184 0.10032 0.104048 0.111148 0.121051 0.132827 0.145196 0.156167 0.162633 0.161466 0.152308 0.13879 0.126038 0.117308 0.112647 0.109631 0.10534 0.0985246 0.0904867 0.0840824 0.0820536 0.0859244 0.0955206 0.108729 0.121658 0.129946 0.131224 0.126836 0.121083 0.119141 0.125664 0.144229 0.176321 0.218436 0.257854 0.275369 0.264036 0.239409 0.221675 0.221092 0.23732 0.260404 0.272082 0.256927 0.217767 0.170384 0.12729 0.0931584 0.0679667 0.0500579 0.0376017 0.0290838 0.0233876 0.0197469 0.0176771 0.0169231 0.017431 0.0193373 0.022963 0.0287892 0.0373807 0.0492055 0.0643014 0.0817928 0.0994345 0.113653 0.120643 0.118365 0.107929 0.092956 0.077548 0.0646828 0.0558107 0.0512133 0.0505181 0.0530734 0.0581227 0.0648055 0.072056 0.0785449 0.0828347 0.0838012 0.0810977 0.0753028 0.0676161 0.0593523 0.0515781 0.0450207 0.0401596 0.0373569 0.036946 0.0392617 0.0446392 0.0534197 0.0660056 0.0829739 0.105129 0.133141 0.166257 0.200022 0.225141 0.232111 0.220303 0.198886 0.177772 0.161239 0.148036 0.13449 0.117988 0.0987456 0.0789429 0.0608222 0.0456409 0.0336745 0.0246227 0.017968 0.013178 0.00979121 0.00743765 0.00583247 0.00475969 0.00405581 0.00359637 0.00328648 0.00305493 0.00285096 0.00264214 0.00241231 0.00215869 0.00188806 0.00161247 0.00134525 0.00109794 0.000878632 0.000691468 0.000537066 0.000413427 0.000316953 0.00024332 0.000188141 0.00014737 0.000117513 9.56971e-05 7.96499e-05 6.76346e-05 5.83677e-05 5.09344e-05 4.47107e-05 3.92936e-05 3.44416e-05 3.00256e-05 2.59884e-05 2.23136e-05 1.90031e-05 1.60621e-05 1.34897e-05 1.12751e-05 9.39729e-06 7.82623e-06 6.52617e-06 5.45856e-06 4.58504e-06 3.86975e-06 3.28088e-06 2.79157e-06 2.38013e-06 2.02976e-06 1.72795e-06 1.4657e-06 1.23669e-06 1.03653e-06 8.62064e-07 7.10871e-07 5.80918e-07 4.70316e-07 3.77204e-07 2.99714e-07 2.35974e-07 1.84153e-07 1.42499e-07 1.09382e-07 8.33262e-08 6.30285e-08 4.7362e-08 3.53739e-08 2.62734e-08 1.94154e-08 1.42816e-08 1.04618e-08 7.63524e-09 5.55384e-09 4.02788e-09 2.91348e-09 2.10247e-09 1.51405e-09 1.0883e-09 7.80979e-10 5.59628e-10 4.00501e-10 2.86305e-10 2.0448e-10 1.45933e-10 1.04093e-10 7.42276e-11 5.29294e-11 3.77531e-11 2.69457e-11 1.92522e-11 1.37761e-11 9.87723e-12 7.09966e-12 5.11877e-12 3.70379e-12 2.69088e-12 1.96379e-12 1.44008e-12 1.06137e-12 7.86246e-13 5.85364e-13 4.37891e-13 3.29013e-13 2.48171e-13 1.87812e-13 1.42511e-13 1.08349e-13 8.24831e-14 6.28313e-14 4.78617e-14 3.64379e-14 2.77109e-14 2.10418e-14 1.59471e-14 1.20587e-14 9.09552e-15 6.84163e-15 5.13122e-15 3.83664e-15 2.85961e-15 2.12449e-15 1.57318e-15 1.1611e-15 8.54128e-16 6.26252e-16 4.57679e-16 3.33409e-16 2.42115e-16 1.75276e-16 1.26506e-16 9.10385e-17 6.53278e-17 4.6749e-17 3.33649e-17 2.37517e-17 1.6867e-17 1.19498e-17 8.44733e-18 5.95886e-18 4.19513e-18 2.94794e-18 2.06795e-18 1.44833e-18 1.01287e-18 7.07386e-19 4.93441e-19 3.43832e-19 2.39357e-19 1.6649e-19 1.15726e-19 8.03936e-20 5.58231e-20 3.87484e-20 2.68897e-20 1.86574e-20 1.29445e-20 
2.34158e-20 3.37061e-20 4.84408e-20 6.95043e-20 9.95653e-20 1.42396e-19 2.03321e-19 2.89842e-19 4.1251e-19 5.86148e-19 8.31538e-19 1.17778e-18 1.66557e-18 2.35172e-18 3.31544e-18 4.66705e-18 6.55997e-18 9.20738e-18 1.29051e-17 1.80634e-17 2.52504e-17 3.52529e-17 4.91591e-17 6.84735e-17 9.52757e-17 1.32439e-16 1.83932e-16 2.55237e-16 3.53927e-16 4.90468e-16 6.79322e-16 9.40487e-16 1.30163e-15 1.80105e-15 2.49181e-15 3.44745e-15 4.77005e-15 6.60132e-15 9.13824e-15 1.26548e-14 1.75324e-14 2.43024e-14 3.37055e-14 4.67744e-14 6.49501e-14 9.02429e-14 1.25458e-13 1.74507e-13 2.42844e-13 3.38067e-13 4.70751e-13 6.55594e-13 9.12993e-13 1.2712e-12 1.76929e-12 2.46113e-12 3.42084e-12 4.75008e-12 6.58788e-12 9.12376e-12 1.26151e-11 1.74104e-11 2.39794e-11 3.29531e-11 4.51754e-11 6.17711e-11 8.42326e-11 1.14532e-10 1.55267e-10 2.09841e-10 2.82701e-10 3.79632e-10 5.08134e-10 6.7789e-10 9.01355e-10 1.19449e-09 1.57767e-09 2.07674e-09 2.72441e-09 3.56175e-09 4.64004e-09 6.02283e-09 7.7882e-09 1.00311e-08 1.28658e-08 1.64282e-08 2.08774e-08 2.63974e-08 3.31974e-08 4.15119e-08 5.16007e-08 6.37484e-08 7.82675e-08 9.55059e-08 1.15864e-07 1.39829e-07 1.68035e-07 2.01358e-07 2.4108e-07 2.89117e-07 3.48381e-07 4.23277e-07 5.20433e-07 6.49706e-07 8.25577e-07 1.06906e-06 1.41028e-06 1.8919e-06 2.57371e-06 3.53844e-06 4.89931e-06 6.8093e-06 9.47241e-06 1.31567e-05 1.82089e-05 2.50691e-05 3.42849e-05 4.65218e-05 6.2567e-05 8.33235e-05 0.00010979 0.000143026 0.000184095 0.000233998 0.000293595 0.000363515 0.000444079 0.000535209 0.000636343 0.000746325 0.000863288 0.000984552 0.00110661 0.00122528 0.00133617 0.00143538 0.00152044 0.00159125 0.00165082 0.00170573 0.00176638 0.0018474 0.00196825 0.00215434 0.0024382 0.00286007 0.00346685 0.00430813 0.00542795 0.00685177 0.00856952 0.0105188 0.0125751 0.0145582 0.0162592 0.0174866 0.0181152 0.0181212 0.0175868 0.0166712 0.0155615 0.0144217 0.0133628 0.0124429 0.011697 0.0111801 0.0110096 0.0113982 0.0126809 0.0153514 0.0201245 0.0280388 0.0406045 0.0599847 0.0891537 0.131906 0.192528 0.275199 0.384404 0.52833 0.71282 0.809007 0.611887 0.408726 0.272948 0.190641 0.145239 0.124415 0.118829 0.120421 0.122024 0.118872 0.11036 0.0994257 0.0898492 0.0840803 0.0826723 0.0846488 0.0881231 0.0910173 0.0918683 0.090512 0.0883102 0.0878104 0.0920888 0.104097 0.126031 0.158422 0.198796 0.24107 0.278574 0.310195 0.340393 0.36861 0.381284 0.364538 0.324398 0.277642 0.23394 0.195694 0.163617 0.138493 0.120523 0.108966 0.102485 0.09967 0.0994409 0.101325 0.105569 0.11299 0.124607 0.141167 0.162332 0.18511 0.20238 0.205232 0.190601 0.165081 0.138552 0.117145 0.102122 0.0919095 0.0843379 0.0781781 0.073701 0.072303 0.0756774 0.0849862 0.100067 0.11857 0.135552 0.144973 0.143569 0.133636 0.121235 0.112348 0.110897 0.118591 0.134878 0.156205 0.175637 0.185631 0.184205 0.177512 0.174753 0.181982 0.199229 0.219378 0.22954 0.219279 0.190339 0.153624 0.118793 0.0901898 0.0683938 0.0524172 0.0409467 0.0328276 0.0271811 0.0233896 0.0210547 0.0199684 0.0201051 0.021629 0.0249047 0.0304939 0.0391058 0.0514517 0.0679207 0.087997 0.109472 0.127975 0.137995 0.136006 0.123308 0.105136 0.0871353 0.0729591 0.064023 0.0602399 0.0607663 0.0644974 0.0703378 0.0772785 0.0843083 0.0902944 0.0940493 0.0946679 0.0919206 0.0863591 0.0790281 0.0710314 0.0632608 0.056382 0.0509557 0.0475452 0.0467429 0.049135 0.0552463 0.0655146 0.0803592 0.100395 0.12669 0.160581 0.202108 0.246413 0.280511 0.289287 0.271781 0.243028 0.217659 0.20057 0.188232 0.173704 0.152599 0.126133 0.0987785 0.074377 0.054632 0.0396021 0.028585 0.0207016 0.0151562 0.0113137 0.00869492 0.00694709 0.00581064 0.00509192 0.00464337 0.00435102 0.00412794 0.00391157 0.0036628 0.00336447 0.00301806 0.00263839 0.00224708 0.0018665 0.0015152 0.00120561 0.000943596 0.000729539 0.000559911 0.000428958 0.000330067 0.000256713 0.000203016 0.000163997 0.000135621 0.000114746 9.89995e-05 8.66567e-05 7.65115e-05 6.77654e-05 5.99273e-05 5.27279e-05 4.60484e-05 3.98614e-05 3.41864e-05 2.90567e-05 2.44992e-05 2.05226e-05 1.71137e-05 1.42389e-05 1.18486e-05 9.88299e-06 8.27808e-06 6.97085e-06 5.90311e-06 5.02408e-06 4.29162e-06 3.67242e-06 3.14131e-06 2.68013e-06 2.27625e-06 1.92118e-06 1.6092e-06 1.33632e-06 1.09944e-06 8.95815e-07 7.22725e-07 5.77359e-07 4.56783e-07 3.58006e-07 2.7807e-07 2.14138e-07 1.63578e-07 1.24015e-07 9.33652e-08 6.98382e-08 5.19326e-08 3.84113e-08 2.82733e-08 2.07208e-08 1.5127e-08 1.10052e-08 7.98211e-09 5.77377e-09 4.1664e-09 3.00014e-09 2.15629e-09 1.54721e-09 1.10853e-09 7.93202e-10 5.66924e-10 4.04803e-10 2.88813e-10 2.05934e-10 1.46782e-10 1.04607e-10 7.45631e-11 5.31754e-11 3.79572e-11 2.71312e-11 1.94291e-11 1.39469e-11 1.00413e-11 7.25481e-12 5.26288e-12 3.8352e-12 2.80858e-12 2.06747e-12 1.53001e-12 1.13824e-12 8.51084e-13 6.3937e-13 4.82347e-13 3.65202e-13 2.77319e-13 2.11054e-13 1.60864e-13 1.22707e-13 9.36143e-14 7.13854e-14 5.43793e-14 4.13624e-14 3.14011e-14 2.37847e-14 1.79695e-14 1.35381e-14 1.01691e-14 7.61446e-15 5.68311e-15 4.22756e-15 3.13422e-15 2.31576e-15 1.70524e-15 1.25143e-15 9.15328e-16 6.67286e-16 4.84884e-16 3.51224e-16 2.53619e-16 1.82587e-16 1.31065e-16 9.38148e-17 6.69685e-17 4.76793e-17 3.38609e-17 2.39897e-17 1.69574e-17 1.19608e-17 8.41934e-18 5.91521e-18 4.14852e-18 2.90473e-18 2.0308e-18 1.41787e-18 9.88712e-19 6.887e-19 4.79264e-19 3.33244e-19 2.31552e-19 1.608e-19 1.11617e-19 7.74512e-20 5.37312e-20 3.72707e-20 2.58517e-20 1.79318e-20 
3.25369e-20 4.6911e-20 6.75259e-20 9.70417e-20 1.39231e-19 1.99433e-19 2.85196e-19 4.07168e-19 5.80348e-19 8.25827e-19 1.17322e-18 1.66403e-18 2.35636e-18 3.33141e-18 4.7025e-18 6.62757e-18 9.32645e-18 1.31048e-17 1.83869e-17 2.57616e-17 3.60447e-17 5.03658e-17 7.02881e-17 9.79726e-17 1.36406e-16 1.89714e-16 2.63596e-16 3.65918e-16 5.07544e-16 7.03477e-16 9.74438e-16 1.34906e-15 1.86691e-15 2.58275e-15 3.57235e-15 4.94066e-15 6.8332e-15 9.45187e-15 1.30771e-14 1.80986e-14 2.50587e-14 3.47125e-14 4.81124e-14 6.67257e-14 9.25997e-14 1.28591e-13 1.78689e-13 2.48461e-13 3.45674e-13 4.81164e-13 6.70033e-13 9.33303e-13 1.3002e-12 1.8113e-12 2.52282e-12 3.51245e-12 4.88735e-12 6.79489e-12 9.43713e-12 1.30902e-11 1.81303e-11 2.50679e-11 3.45931e-11 4.76353e-11 6.5441e-11 8.96753e-11 1.22553e-10 1.67008e-10 2.2691e-10 3.07345e-10 4.14968e-10 5.58455e-10 7.49073e-10 1.0014e-09 1.33423e-09 1.7717e-09 2.34468e-09 3.09251e-09 4.06506e-09 5.32525e-09 6.95194e-09 9.04332e-09 1.17206e-08 1.51322e-08 1.94574e-08 2.49106e-08 3.17442e-08 4.02512e-08 5.07654e-08 6.36609e-08 7.93496e-08 9.82783e-08 1.20927e-07 1.47812e-07 1.79504e-07 2.16658e-07 2.60091e-07 3.10901e-07 3.70671e-07 4.41783e-07 5.27901e-07 6.34658e-07 7.7066e-07 9.48888e-07 1.18866e-06 1.51831e-06 1.97887e-06 2.62901e-06 3.55162e-06 4.86245e-06 6.72128e-06 9.34603e-06 1.30301e-05 1.8163e-05 2.52539e-05 3.49568e-05 4.80953e-05 6.56829e-05 8.89347e-05 0.000119264 0.000158254 0.00020761 0.000269071 0.000344299 0.000434752 0.000541546 0.000665325 0.00080613 0.000963271 0.00113515 0.00131904 0.00151083 0.00170488 0.00189417 0.00207092 0.00222785 0.00235974 0.00246514 0.00254754 0.00261583 0.0026844 0.00277318 0.00290863 0.00312549 0.00346939 0.00399875 0.00478455 0.00590561 0.00743715 0.00943085 0.0118868 0.0147232 0.0177553 0.0207004 0.0232228 0.0250119 0.0258704 0.0257728 0.0248697 0.0234328 0.0217651 0.0201126 0.0186146 0.0173095 0.0161893 0.0152747 0.0146783 0.0146398 0.0155397 0.0179175 0.0225178 0.0303852 0.0430097 0.0625102 0.0918082 0.134683 0.195577 0.279349 0.392491 0.548802 0.775109 0.952236 0.662186 0.432025 0.289551 0.207495 0.166506 0.153792 0.159434 0.172863 0.181735 0.176458 0.156926 0.13118 0.107519 0.090123 0.0795129 0.0742719 0.0723135 0.0716469 0.0708974 0.0696512 0.0685428 0.0690361 0.0729955 0.0821931 0.0977887 0.119728 0.146174 0.173628 0.198566 0.219656 0.237397 0.250544 0.254322 0.244686 0.223595 0.197222 0.170818 0.14715 0.127647 0.113213 0.104198 0.100226 0.100213 0.102591 0.105805 0.109078 0.113066 0.119866 0.132381 0.153377 0.18406 0.221146 0.25286 0.261198 0.238541 0.197523 0.155681 0.122149 0.0983708 0.0824625 0.0720632 0.0656338 0.0628186 0.0642486 0.0710488 0.0841765 0.103492 0.126466 0.1472 0.157967 0.154468 0.139854 0.121859 0.107249 0.0995208 0.0993626 0.105497 0.115108 0.124411 0.1302 0.131949 0.132437 0.135902 0.145269 0.160053 0.17542 0.183504 0.178264 0.160328 0.135737 0.110726 0.0888279 0.0711133 0.0573591 0.0469078 0.0390817 0.0333192 0.0291941 0.0264096 0.0248055 0.024385 0.0253521 0.0281468 0.0334679 0.0422623 0.0556264 0.0745025 0.0989625 0.126902 0.152612 0.167437 0.16507 0.147515 0.123357 0.100925 0.0847297 0.0759027 0.073649 0.0762862 0.0818803 0.0887143 0.0955737 0.101686 0.106401 0.109007 0.108938 0.106127 0.101082 0.0945869 0.0873305 0.0798048 0.0724739 0.0659838 0.0612141 0.0591651 0.0607894 0.0668477 0.0778322 0.0940195 0.115761 0.143968 0.180203 0.225127 0.274144 0.312671 0.322454 0.302469 0.271476 0.246831 0.23345 0.225373 0.211816 0.186356 0.152099 0.116819 0.08621 0.0622379 0.0445399 0.0319057 0.0230627 0.0169567 0.0127953 0.0100083 0.00818952 0.00704648 0.00636139 0.00596568 0.00572532 0.00553477 0.00531657 0.00502298 0.00463617 0.00416469 0.00363588 0.00308602 0.00255094 0.00205926 0.00162922 0.00126871 0.000977253 0.00074881 0.000574386 0.000444082 0.000348416 0.000279033 0.000228982 0.000192717 0.000165966 0.000145549 0.000129184 0.000115315 0.000102946 9.15096e-05 8.07394e-05 7.05681e-05 6.10418e-05 5.22537e-05 4.42978e-05 3.72401e-05 3.11055e-05 2.58754e-05 2.14936e-05 1.78761e-05 1.4922e-05 1.2525e-05 1.05814e-05 8.99723e-06 7.69165e-06 6.5991e-06 5.66894e-06 4.86407e-06 4.15867e-06 3.53561e-06 2.98398e-06 2.49684e-06 2.06944e-06 1.698e-06 1.37887e-06 1.10811e-06 8.81413e-07 6.94112e-07 5.41381e-07 4.1841e-07 3.20594e-07 2.43675e-07 1.83833e-07 1.37738e-07 1.02556e-07 7.59289e-08 5.59286e-08 4.1009e-08 2.99476e-08 2.17915e-08 1.58067e-08 1.14337e-08 8.2503e-09 5.94046e-09 4.2692e-09 3.06297e-09 2.19429e-09 1.5699e-09 1.12188e-09 8.00901e-10 5.71274e-10 4.0721e-10 2.90127e-10 2.0666e-10 1.47213e-10 1.04907e-10 7.48161e-11 5.34213e-11 3.82101e-11 2.73921e-11 1.96928e-11 1.42063e-11 1.02897e-11 7.48676e-12 5.47464e-12 4.02466e-12 2.97504e-12 2.21133e-12 1.6525e-12 1.24111e-12 9.36375e-13 7.09248e-13 5.38955e-13 4.10574e-13 3.13318e-13 2.39337e-13 1.82877e-13 1.39685e-13 1.06593e-13 8.12213e-14 6.17704e-14 4.68702e-14 3.54716e-14 2.67685e-14 2.0139e-14 1.51026e-14 1.12881e-14 8.4082e-15 6.24139e-15 4.61683e-15 3.40322e-15 2.49993e-15 1.83008e-15 1.33517e-15 9.70863e-16 7.03655e-16 5.08367e-16 3.66141e-16 2.62914e-16 1.88242e-16 1.34401e-16 9.57011e-17 6.79694e-17 4.8155e-17 3.40373e-17 2.40055e-17 1.68952e-17 1.18678e-17 8.32129e-18 5.82487e-18 4.07115e-18 2.84148e-18 1.98075e-18 1.37922e-18 9.59441e-19 6.66873e-19 4.63199e-19 3.21549e-19 2.23119e-19 1.5477e-19 1.07336e-19 7.44318e-20 5.16136e-20 3.57928e-20 2.48248e-20 
4.51264e-20 6.51691e-20 9.39602e-20 1.35249e-19 1.94359e-19 2.7884e-19 3.99376e-19 5.71062e-19 8.15187e-19 1.16173e-18 1.65284e-18 2.34765e-18 3.32904e-18 4.71296e-18 6.66139e-18 9.40028e-18 1.32444e-17 1.86317e-17 2.61706e-17 3.67057e-17 5.1408e-17 7.18993e-17 1.00424e-16 1.40087e-16 1.95178e-16 2.71622e-16 3.77601e-16 5.2441e-16 7.27636e-16 1.00879e-15 1.39758e-15 1.93501e-15 2.67772e-15 3.70399e-15 5.12209e-15 7.08183e-15 9.79072e-15 1.35364e-14 1.87181e-14 2.58902e-14 3.58236e-14 4.95909e-14 6.86864e-14 9.5193e-14 1.32016e-13 1.83212e-13 2.54444e-13 3.5362e-13 4.91787e-13 6.84364e-13 9.52872e-13 1.32731e-12 1.84946e-12 2.57744e-12 3.59192e-12 5.00469e-12 6.97026e-12 9.70168e-12 1.34918e-11 1.87422e-11 2.60009e-11 3.60142e-11 4.97937e-11 6.87052e-11 9.45858e-11 1.29896e-10 1.77915e-10 2.43e-10 3.30909e-10 4.49226e-10 6.07894e-10 8.19898e-10 1.10214e-09 1.47651e-09 1.97132e-09 2.62296e-09 3.47813e-09 4.59647e-09 6.05383e-09 7.94625e-09 1.03946e-08 1.35501e-08 1.76005e-08 2.27766e-08 2.93594e-08 3.76866e-08 4.81582e-08 6.12409e-08 7.7469e-08 9.7442e-08 1.21819e-07 1.51311e-07 1.86668e-07 2.28676e-07 2.78164e-07 3.36032e-07 4.03334e-07 4.81419e-07 5.72194e-07 6.78539e-07 8.04937e-07 9.58428e-07 1.14997e-06 1.39639e-06 1.72308e-06 2.16779e-06 2.78574e-06 3.65666e-06 4.89419e-06 6.65842e-06 9.17222e-06 1.27423e-05 1.77854e-05 2.48607e-05 3.47069e-05 4.82837e-05 6.6815e-05 9.18265e-05 0.000125173 0.000169041 0.000225921 0.000298528 0.000389679 0.000502111 0.000638269 0.000800086 0.000988778 0.00120466 0.00144696 0.00171358 0.00200068 0.00230217 0.00260927 0.0029104 0.00319216 0.00344126 0.00364751 0.00380676 0.00392287 0.00400806 0.00408211 0.00417167 0.00431114 0.00454591 0.00493716 0.00556651 0.00653754 0.00797095 0.00998931 0.012688 0.016091 0.0200988 0.0244459 0.0287011 0.0323364 0.0348616 0.0359757 0.0356647 0.0341977 0.0320253 0.0296239 0.0273497 0.0253617 0.0236407 0.0220898 0.0206623 0.0194588 0.0187606 0.0190124 0.0208016 0.0248726 0.0321976 0.044096 0.0623804 0.0894768 0.12842 0.182608 0.255388 0.349993 0.468912 0.598389 0.645655 0.531523 0.383421 0.274778 0.210716 0.183784 0.187055 0.213776 0.251927 0.278609 0.270205 0.228652 0.176952 0.132464 0.100487 0.0799307 0.0677949 0.0610622 0.05733 0.055012 0.0533927 0.0525642 0.0532267 0.0563815 0.0629768 0.0735423 0.0878431 0.104676 0.122082 0.138117 0.151658 0.162237 0.168976 0.170201 0.164779 0.153609 0.139276 0.124533 0.111444 0.101447 0.0955601 0.0943431 0.0976689 0.104458 0.11261 0.119583 0.123854 0.12641 0.130865 0.142184 0.165144 0.20263 0.251893 0.297553 0.311544 0.280532 0.224991 0.170461 0.127868 0.0979631 0.0781148 0.0655485 0.0584249 0.0560217 0.0585478 0.0667717 0.0814494 0.102378 0.126958 0.148985 0.160139 0.155744 0.139238 0.11888 0.101568 0.0904807 0.0858652 0.0863165 0.0896568 0.0936353 0.096739 0.0989096 0.101578 0.106773 0.115753 0.127827 0.139904 0.14745 0.146983 0.138307 0.124178 0.108061 0.0924499 0.0785637 0.0667615 0.0570042 0.0491235 0.0429172 0.0381684 0.0346688 0.0322766 0.0309987 0.0310715 0.0330214 0.0377046 0.0463222 0.0603694 0.0813753 0.110112 0.144811 0.178532 0.198878 0.19585 0.172534 0.141973 0.115548 0.0984716 0.0914356 0.0927812 0.0996448 0.108668 0.116937 0.122931 0.126603 0.128479 0.128806 0.127538 0.124789 0.120939 0.116282 0.110703 0.10387 0.095811 0.0873133 0.0798289 0.0750368 0.0744263 0.0790437 0.0893749 0.105378 0.126806 0.153862 0.187574 0.228468 0.272487 0.306901 0.31623 0.299949 0.274752 0.256673 0.250258 0.248267 0.237172 0.209095 0.169231 0.12838 0.0936453 0.0670335 0.0477734 0.0342526 0.024917 0.0185428 0.0142451 0.0114064 0.00959683 0.00850887 0.00791052 0.00761557 0.00746854 0.00734093 0.00713532 0.00679195 0.00629223 0.0056553 0.0049272 0.0041657 0.00342591 0.00275027 0.0021645 0.00167847 0.00128984 0.000988638 0.000761204 0.000593125 0.000470983 0.000383206 0.000320318 0.000274854 0.00024112 0.000214921 0.000193292 0.00017426 0.000156631 0.000139795 0.000123555 0.000107977 9.32552e-05 7.96245e-05 6.72872e-05 5.63765e-05 4.6942e-05 3.89522e-05 3.23095e-05 2.68692e-05 2.2461e-05 1.89076e-05 1.60392e-05 1.37043e-05 1.17754e-05 1.01513e-05 8.75598e-06 7.53584e-06 6.45523e-06 5.49199e-06 4.63311e-06 3.87101e-06 3.20072e-06 2.61792e-06 2.11781e-06 1.69463e-06 1.34162e-06 1.05128e-06 8.15746e-07 6.27166e-07 4.78041e-07 3.61476e-07 2.71338e-07 2.02321e-07 1.49952e-07 1.1054e-07 8.1095e-08 5.92411e-08 4.3115e-08 3.12762e-08 2.26235e-08 1.63239e-08 1.17528e-08 8.44564e-09 6.05887e-09 4.34012e-09 3.10481e-09 2.21848e-09 1.58353e-09 1.12929e-09 8.04759e-10 5.73173e-10 4.08094e-10 2.90539e-10 2.06897e-10 1.47426e-10 1.0516e-10 7.51286e-11 5.37869e-11 3.86122e-11 2.78113e-11 2.0111e-11 1.4609e-11 1.06659e-11 7.82965e-12 5.78044e-12 4.29225e-12 3.20528e-12 2.40644e-12 1.81555e-12 1.37562e-12 1.04602e-12 7.97621e-13 6.09424e-13 4.66193e-13 3.56787e-13 2.7299e-13 2.08693e-13 1.59312e-13 1.21384e-13 9.22732e-14 6.99584e-14 5.28855e-14 3.98541e-14 2.99347e-14 2.24074e-14 1.6714e-14 1.24229e-14 9.20042e-15 6.78939e-15 4.99231e-15 3.65792e-15 2.67086e-15 1.94347e-15 1.40944e-15 1.01881e-15 7.34104e-16 5.27326e-16 3.77663e-16 2.69699e-16 1.92068e-16 1.36421e-16 9.66522e-17 6.8313e-17 4.81739e-17 3.38997e-17 2.38076e-17 1.6689e-17 1.1679e-17 8.16019e-18 5.69352e-18 3.96744e-18 2.76155e-18 1.92031e-18 1.33422e-18 9.26369e-19 6.42833e-19 4.4589e-19 3.0919e-19 2.14359e-19 1.48601e-19 1.03016e-19 7.14221e-20 4.95258e-20 3.435e-20 
6.24668e-20 9.03615e-20 1.30499e-19 1.88153e-19 2.70828e-19 3.89178e-19 5.58305e-19 7.99576e-19 1.14318e-18 1.63166e-18 2.32492e-18 3.30715e-18 4.69642e-18 6.65815e-18 9.42364e-18 1.33159e-17 1.87852e-17 2.64588e-17 3.72084e-17 5.22453e-17 7.32492e-17 1.02548e-16 1.43365e-16 2.00158e-16 2.79087e-16 3.88665e-16 5.40641e-16 7.51231e-16 1.04281e-15 1.44624e-15 2.0041e-15 2.77516e-15 3.84052e-15 5.31216e-15 7.34483e-15 1.01525e-14 1.40311e-14 1.93907e-14 2.67995e-14 3.70464e-14 5.12268e-14 7.08641e-14 9.80791e-14 1.35826e-13 1.88227e-13 2.61031e-13 3.62269e-13 5.03162e-13 6.99385e-13 9.72844e-13 1.35414e-12 1.88599e-12 2.62798e-12 3.66314e-12 5.10695e-12 7.11978e-12 9.92387e-12 1.38264e-11 1.92508e-11 2.67789e-11 3.72079e-11 5.16255e-11 7.15108e-11 9.88669e-11 1.36395e-10 1.87722e-10 2.57698e-10 3.52778e-10 4.81516e-10 6.552e-10 8.88659e-10 1.2013e-09 1.61842e-09 2.17286e-09 2.90712e-09 3.876e-09 5.14991e-09 6.81903e-09 8.99835e-09 1.1834e-08 1.55106e-08 2.02601e-08 2.63722e-08 3.42049e-08 4.41967e-08 5.68786e-08 7.28834e-08 9.29541e-08 1.17946e-07 1.48825e-07 1.86652e-07 2.3257e-07 2.87772e-07 3.53481e-07 4.30936e-07 5.21404e-07 6.26255e-07 7.47124e-07 8.86234e-07 1.04692e-06 1.23449e-06 1.45746e-06 1.72948e-06 2.07191e-06 2.51764e-06 3.11622e-06 3.94108e-06 5.09927e-06 6.74478e-06 9.09632e-06 1.2461e-05 1.7265e-05 2.40929e-05 3.37365e-05 4.72531e-05 6.60324e-05 9.18684e-05 0.000127028 0.000174305 0.000237045 0.000319114 0.000424799 0.000558614 0.000725016 0.000928062 0.00117104 0.00145613 0.00178417 0.00215443 0.00256429 0.00300863 0.00347881 0.00396154 0.00443831 0.00488642 0.00528233 0.00560691 0.00585105 0.00601899 0.00612815 0.006206 0.00628715 0.00641382 0.00664121 0.0070468 0.00773962 0.00886522 0.0106012 0.0131377 0.0166374 0.0211692 0.0266239 0.0326361 0.0385697 0.0436202 0.047039 0.0483886 0.0476953 0.0454222 0.042286 0.0390032 0.036064 0.0336219 0.0315377 0.0295544 0.027513 0.0255006 0.0238731 0.0231795 0.0240751 0.02729 0.0336686 0.044258 0.0604028 0.0837911 0.116367 0.16 0.215847 0.283272 0.357017 0.418973 0.433234 0.384107 0.307673 0.242542 0.204266 0.196637 0.221315 0.279529 0.364063 0.434635 0.419552 0.329137 0.233227 0.160763 0.112408 0.0820894 0.063848 0.0531752 0.0469759 0.043309 0.0411538 0.0402028 0.0406421 0.0429079 0.0474328 0.0544057 0.0635813 0.0742116 0.0851929 0.0954166 0.104084 0.110684 0.114698 0.115538 0.112948 0.107461 0.100338 0.0931158 0.0872604 0.0840769 0.0847008 0.0899581 0.0999925 0.113668 0.128084 0.139136 0.14393 0.143613 0.143532 0.150667 0.171151 0.208505 0.260039 0.30929 0.325124 0.292227 0.233155 0.17541 0.13021 0.0981522 0.0765601 0.0627089 0.0547764 0.0519402 0.054189 0.0620021 0.0758424 0.0952978 0.117814 0.137743 0.147793 0.143944 0.129121 0.110458 0.0940326 0.0826712 0.0765596 0.0744746 0.0747411 0.0759042 0.0772108 0.0788352 0.0817108 0.0869736 0.0952211 0.105886 0.117045 0.125963 0.130297 0.129196 0.123419 0.114552 0.104149 0.0933246 0.0828016 0.0730844 0.0645497 0.0574086 0.0516578 0.0471213 0.0435919 0.0410146 0.0396344 0.0400716 0.0433396 0.0508421 0.0643315 0.0856838 0.116106 0.15413 0.192281 0.215958 0.212774 0.186636 0.153579 0.12691 0.112382 0.110641 0.119528 0.134764 0.150411 0.160885 0.16402 0.161786 0.15756 0.153494 0.150277 0.148089 0.146946 0.146208 0.14422 0.139018 0.129776 0.117649 0.105228 0.0953602 0.0903118 0.0914453 0.099158 0.112952 0.131787 0.154838 0.182104 0.213509 0.245884 0.270619 0.278209 0.26879 0.253558 0.244164 0.244073 0.246311 0.237619 0.210428 0.170594 0.129565 0.0947348 0.0681468 0.0489782 0.035562 0.0263132 0.0200016 0.0157532 0.0129683 0.0112335 0.0102502 0.00978445 0.00963624 0.009626 0.00959568 0.0094202 0.00902217 0.0083813 0.00753156 0.00654546 0.00551097 0.00450954 0.00360174 0.00282227 0.00218244 0.00167655 0.00128882 0.000999232 0.000787484 0.000635161 0.000526686 0.000449474 0.000393692 0.00035189 0.000318615 0.000290069 0.000263808 0.000238456 0.000213451 0.000188794 0.000164821 0.000142017 0.000120867 0.000101761 8.49416e-05 7.04924e-05 5.83524e-05 4.83473e-05 4.0227e-05 3.37031e-05 2.84804e-05 2.42822e-05 2.08657e-05 1.80314e-05 1.56246e-05 1.35333e-05 1.16818e-05 1.00229e-05 8.52994e-06 7.18949e-06 5.99506e-06 4.94265e-06 4.02792e-06 3.24456e-06 2.58395e-06 2.0353e-06 1.5864e-06 1.22431e-06 9.36151e-07 7.0971e-07 5.33831e-07 3.98681e-07 2.95839e-07 2.18268e-07 1.6022e-07 1.17085e-07 8.52291e-08 6.18307e-08 4.47246e-08 3.22691e-08 2.32313e-08 1.66927e-08 1.19744e-08 8.57694e-09 6.1353e-09 4.38352e-09 3.12859e-09 2.23084e-09 1.58943e-09 1.13172e-09 8.0547e-10 5.73158e-10 4.0789e-10 2.90411e-10 2.06952e-10 1.47682e-10 1.05591e-10 7.56901e-11 5.44307e-11 3.92943e-11 2.84953e-11 2.07694e-11 1.52225e-11 1.12228e-11 8.3239e-12 6.21074e-12 4.66056e-12 3.51574e-12 2.6645e-12 2.02731e-12 1.54732e-12 1.18367e-12 9.06787e-13 6.95119e-13 5.32804e-13 4.08073e-13 3.12112e-13 2.38267e-13 1.81471e-13 1.37844e-13 1.04394e-13 7.88075e-14 5.92912e-14 4.44513e-14 3.32056e-14 2.47141e-14 1.83262e-14 1.35393e-14 9.96599e-15 7.30907e-15 5.34126e-15 3.88949e-15 2.82255e-15 2.0414e-15 1.47161e-15 1.0575e-15 7.57586e-16 5.4113e-16 3.85424e-16 2.73778e-16 1.93969e-16 1.37089e-16 9.66635e-17 6.80105e-17 4.77534e-17 3.34665e-17 2.34131e-17 1.63536e-17 1.14063e-17 7.94532e-18 5.52822e-18 3.84265e-18 2.66878e-18 1.85222e-18 1.2848e-18 8.90839e-19 6.17501e-19 4.27962e-19 2.96584e-19 2.05546e-19 1.42471e-19 9.87718e-20 6.8494e-20 4.75123e-20 
8.62989e-20 1.25048e-19 1.80897e-19 2.61256e-19 3.7668e-19 5.42184e-19 7.79081e-19 1.11757e-18 1.60039e-18 2.28785e-18 3.265e-18 4.65148e-18 6.61536e-18 9.39236e-18 1.33124e-17 1.88369e-17 2.66095e-17 3.75275e-17 5.28397e-17 7.42813e-17 1.04262e-16 1.4612e-16 2.04484e-16 2.85752e-16 3.98774e-16 5.55774e-16 7.73627e-16 1.07562e-15 1.49387e-15 2.07267e-15 2.87311e-15 3.97941e-15 5.50775e-15 7.61842e-15 1.05327e-14 1.45562e-14 2.01115e-14 2.77831e-14 3.83803e-14 5.30253e-14 7.32753e-14 1.01293e-13 1.40089e-13 1.93851e-13 2.68419e-13 3.7194e-13 5.15789e-13 7.15858e-13 9.94364e-13 1.38237e-12 1.92329e-12 2.67783e-12 3.73075e-12 5.20038e-12 7.2516e-12 1.01139e-11 1.41059e-11 1.96694e-11 2.74147e-11 3.8183e-11 5.31299e-11 7.38373e-11 1.02462e-10 1.41935e-10 1.96218e-10 2.70647e-10 3.72378e-10 5.10958e-10 6.99069e-10 9.53485e-10 1.29629e-09 1.75643e-09 2.37171e-09 3.1913e-09 4.2789e-09 5.71681e-09 7.61097e-09 1.00973e-08 1.33496e-08 1.75895e-08 2.30977e-08 3.02291e-08 3.94282e-08 5.12486e-08 6.63723e-08 8.56306e-08 1.10023e-07 1.40729e-07 1.79121e-07 2.26752e-07 2.85342e-07 3.56742e-07 4.42879e-07 5.45697e-07 6.67104e-07 8.08938e-07 9.73018e-07 1.1613e-06 1.37626e-06 1.62155e-06 1.9031e-06 2.23083e-06 2.62115e-06 3.1006e-06 3.71096e-06 4.51631e-06 5.61297e-06 7.1429e-06 9.31224e-06 1.24162e-05 1.68726e-05 2.32659e-05 3.24048e-05 4.53946e-05 6.37268e-05 8.93836e-05 0.000124956 0.000173761 0.000239948 0.000328562 0.000445529 0.000597531 0.000791722 0.00103529 0.00133487 0.00169596 0.00212235 0.00261575 0.00317565 0.00379898 0.00447928 0.00520495 0.00595676 0.00670596 0.00741506 0.00804313 0.00855552 0.00893446 0.0091852 0.00933415 0.00942043 0.00948737 0.00958149 0.00976228 0.0101197 0.0107923 0.0119771 0.0139256 0.0169187 0.0212133 0.0269504 0.0340268 0.0419653 0.0498682 0.0565618 0.0609532 0.0624434 0.0611513 0.0578305 0.0535576 0.0493472 0.0458309 0.04311 0.0408389 0.0385078 0.0357911 0.0327722 0.0299387 0.0280079 0.0277403 0.029853 0.0350376 0.0440297 0.057669 0.0768979 0.10264 0.135487 0.175117 0.219331 0.262448 0.293613 0.299807 0.27803 0.24171 0.209242 0.193739 0.203814 0.248222 0.339303 0.490784 0.672912 0.636551 0.437445 0.283193 0.183299 0.121264 0.0834924 0.0608251 0.0473739 0.0394391 0.0347777 0.0321364 0.0309394 0.031048 0.0325529 0.0355871 0.0401674 0.0460858 0.0528828 0.0599286 0.0665848 0.0723438 0.076849 0.0798254 0.0810698 0.0805751 0.0786728 0.0760478 0.073636 0.0725299 0.073939 0.0791335 0.0892377 0.104717 0.124451 0.144736 0.159629 0.164419 0.160222 0.154112 0.154694 0.168445 0.198076 0.239951 0.279262 0.291803 0.266164 0.218013 0.16858 0.128076 0.0980536 0.0768779 0.0625829 0.0538056 0.0499114 0.0508404 0.0568383 0.0680371 0.0837788 0.101728 0.117401 0.125464 0.123087 0.112261 0.0980603 0.0850903 0.075686 0.0701114 0.0674545 0.066471 0.0662058 0.0663504 0.0672933 0.0698822 0.0750062 0.0831406 0.093988 0.106348 0.118335 0.127943 0.133706 0.135096 0.132428 0.126444 0.117963 0.107885 0.097279 0.0872417 0.0785499 0.071418 0.0655613 0.0605159 0.0560309 0.052337 0.0502024 0.0508396 0.0557934 0.0668457 0.0857872 0.113665 0.148914 0.184368 0.206562 0.204397 0.181612 0.153201 0.132201 0.125054 0.133489 0.156029 0.187153 0.216035 0.230242 0.225749 0.210204 0.193755 0.181836 0.175701 0.175133 0.179375 0.186235 0.191319 0.189491 0.178321 0.159944 0.139261 0.121082 0.108722 0.103832 0.106597 0.115982 0.130169 0.147377 0.166631 0.187357 0.207535 0.222546 0.227811 0.223824 0.216877 0.213847 0.216554 0.219355 0.212148 0.189375 0.155671 0.120291 0.0896674 0.0658996 0.0485199 0.0361896 0.0275658 0.0215915 0.0175183 0.0148371 0.0131958 0.0123307 0.0120184 0.0120477 0.0122107 0.0123104 0.0121831 0.0117256 0.0109137 0.00980059 0.00849439 0.0071232 0.0058026 0.00461545 0.00360635 0.00278697 0.00214615 0.00166025 0.00130113 0.00104122 0.000856132 0.000725557 0.000633224 0.000566459 0.000515664 0.000473834 0.000436158 0.000399665 0.000362872 0.000325434 0.000287778 0.000250767 0.000215406 0.000182619 0.000153106 0.000127281 0.000105269 8.69443e-05 7.19912e-05 5.99769e-05 5.04136e-05 4.2813e-05 3.67257e-05 3.17659e-05 2.76239e-05 2.40669e-05 2.09328e-05 1.81182e-05 1.55646e-05 1.3244e-05 1.11469e-05 9.27159e-06 7.61783e-06 6.18216e-06 4.95627e-06 3.92677e-06 3.07614e-06 2.38419e-06 1.82954e-06 1.39103e-06 1.04872e-06 7.84615e-07 5.82991e-07 4.30533e-07 3.16232e-07 2.31182e-07 1.68317e-07 1.22116e-07 8.83293e-08 6.37259e-08 4.5874e-08 3.296e-08 2.3642e-08 1.69334e-08 1.21124e-08 8.65376e-09 6.17606e-09 4.40349e-09 3.137e-09 2.23317e-09 1.5889e-09 1.13014e-09 8.03807e-10 5.71874e-10 4.07153e-10 2.90225e-10 2.07241e-10 1.48338e-10 1.06502e-10 7.67525e-11 5.55599e-11 4.04242e-11 2.9578e-11 2.17729e-11 1.6128e-11 1.20218e-11 9.01549e-12 6.79926e-12 5.15379e-12 3.92342e-12 2.99716e-12 2.29553e-12 1.76114e-12 1.35231e-12 1.03843e-12 7.96868e-13 6.10696e-13 4.67146e-13 3.56506e-13 2.71331e-13 2.05879e-13 1.55704e-13 1.17348e-13 8.81217e-14 6.59289e-14 4.91393e-14 3.64863e-14 2.69883e-14 1.98873e-14 1.45998e-14 1.06785e-14 7.78207e-15 5.65117e-15 4.08956e-15 2.94952e-15 2.12036e-15 1.51949e-15 1.08559e-15 7.73339e-16 5.49367e-16 3.89227e-16 2.75073e-16 1.93937e-16 1.36427e-16 9.57714e-17 6.71009e-17 4.69295e-17 3.27685e-17 2.28469e-17 1.59085e-17 1.10644e-17 7.68763e-18 5.33694e-18 3.70248e-18 2.56718e-18 1.77929e-18 1.23288e-18 8.54148e-19 5.91744e-19 4.09985e-19 2.84101e-19 1.96917e-19 1.3653e-19 9.46939e-20 6.57026e-20 
1.1898e-19 1.727e-19 2.50261e-19 3.62051e-19 5.22897e-19 7.53918e-19 1.08515e-18 1.55921e-18 2.23649e-18 3.20239e-18 4.57745e-18 6.53153e-18 9.30354e-18 1.3229e-17 1.8778e-17 2.66088e-17 3.76409e-17 5.31569e-17 7.49437e-17 1.05487e-16 1.48238e-16 2.07988e-16 2.91374e-16 4.07582e-16 5.6932e-16 7.9414e-16 1.10628e-15 1.53918e-15 2.13897e-15 2.96922e-15 4.11758e-15 5.70484e-15 7.89749e-15 1.09251e-14 1.51042e-14 2.08718e-14 2.88312e-14 3.9816e-14 5.49797e-14 7.59192e-14 1.04848e-13 1.44839e-13 2.0016e-13 2.7675e-13 3.8288e-13 5.30083e-13 7.34455e-13 1.01848e-12 1.4136e-12 1.96378e-12 2.73051e-12 3.79986e-12 5.29214e-12 7.37555e-12 1.02849e-11 1.43476e-11 2.00193e-11 2.79334e-11 3.8967e-11 5.43328e-11 7.57014e-11 1.05366e-10 1.46465e-10 2.03273e-10 2.81588e-10 3.89245e-10 5.36773e-10 7.38267e-10 1.0125e-09 1.38434e-09 1.88663e-09 2.56248e-09 3.4683e-09 4.67754e-09 6.28556e-09 8.41568e-09 1.12269e-08 1.49236e-08 1.97676e-08 2.60937e-08 3.43275e-08 4.5009e-08 5.88182e-08 7.66066e-08 9.94306e-08 1.28587e-07 1.65646e-07 2.12482e-07 2.71284e-07 3.44559e-07 4.35098e-07 5.45918e-07 6.80165e-07 8.40989e-07 1.03141e-06 1.25421e-06 1.51187e-06 1.80673e-06 2.14136e-06 2.51938e-06 2.94688e-06 3.43466e-06 4.00161e-06 4.67968e-06 5.52071e-06 6.60621e-06 8.06067e-06 1.007e-05 1.29067e-05 1.69644e-05 2.28042e-05 3.12169e-05 4.33051e-05 6.05891e-05 8.51394e-05 0.000119738 0.000168064 0.000234892 0.000326283 0.000449721 0.000614152 0.000829841 0.00110798 0.00146002 0.00189671 0.00242708 0.00305746 0.003791 0.00462753 0.00556361 0.0065916 0.00769695 0.00885337 0.0100179 0.0111303 0.0121211 0.0129291 0.0135222 0.0139092 0.0141338 0.0142539 0.0143205 0.014373 0.0144586 0.0146668 0.0151638 0.016209 0.0181481 0.0213776 0.0262748 0.0330782 0.0417112 0.0515854 0.0615065 0.0698606 0.0751461 0.0766016 0.0745087 0.0700035 0.0645862 0.059589 0.0557624 0.0530948 0.0509414 0.0484446 0.0450614 0.0408953 0.0366416 0.0332615 0.0316637 0.0325619 0.0364919 0.0438885 0.0551401 0.0705807 0.0903927 0.114399 0.141708 0.170215 0.19608 0.213884 0.21882 0.210721 0.19574 0.183358 0.182978 0.203738 0.25691 0.359437 0.537526 0.812641 0.747692 0.474439 0.298062 0.189184 0.122541 0.0819657 0.0573969 0.0426065 0.0337589 0.0285305 0.0255724 0.024167 0.0239926 0.0249438 0.0269897 0.0300652 0.0340031 0.0385198 0.0432571 0.0478593 0.0520421 0.0556128 0.0584517 0.0604987 0.0617793 0.0624539 0.0628646 0.0635779 0.065434 0.0695746 0.0773828 0.0902267 0.108845 0.1322 0.156093 0.173261 0.17754 0.169873 0.15837 0.152354 0.157873 0.176432 0.203946 0.229306 0.237679 0.222283 0.190763 0.155538 0.124205 0.0990043 0.0796436 0.0653128 0.0554656 0.0499278 0.0487692 0.0521043 0.0598049 0.0710678 0.0839316 0.0951886 0.101368 0.100679 0.0942376 0.0851424 0.0764469 0.0698809 0.0657494 0.0634487 0.0621141 0.0611707 0.0606398 0.0611319 0.0635919 0.0689523 0.0778106 0.0901778 0.105316 0.121728 0.13739 0.150269 0.158915 0.162658 0.161319 0.155013 0.144565 0.131843 0.119193 0.108328 0.0996707 0.0924955 0.0856584 0.0784535 0.0711237 0.0648005 0.0610941 0.06172 0.0683046 0.0821794 0.103768 0.131185 0.158378 0.175477 0.175116 0.160208 0.141909 0.131282 0.135559 0.158908 0.202802 0.262507 0.319072 0.340856 0.317216 0.273578 0.235275 0.211141 0.201227 0.203843 0.217077 0.236779 0.254301 0.258644 0.244362 0.215972 0.182749 0.152466 0.129662 0.116162 0.111782 0.114892 0.123032 0.133764 0.145464 0.157277 0.168095 0.175891 0.178864 0.17755 0.175116 0.174946 0.177512 0.178893 0.172829 0.156033 0.131339 0.104758 0.0809816 0.0619191 0.0475287 0.036968 0.0293002 0.0237745 0.0198677 0.0172303 0.0156143 0.0148144 0.0146275 0.0148315 0.0151827 0.015433 0.0153669 0.0148447 0.0138342 0.012412 0.0107305 0.00896786 0.00728066 0.00577717 0.0045119 0.00349505 0.00270784 0.00211676 0.00168408 0.00137402 0.00115552 0.00100299 0.000895959 0.000818413 0.000758112 0.000706102 0.000656318 0.000605213 0.000551348 0.000494907 0.000437157 0.000379921 0.000325113 0.000274398 0.000228982 0.000189537 0.000156225 0.00012878 0.000106636 8.90422e-05 7.51791e-05 6.42429e-05 5.5509e-05 4.83697e-05 4.23495e-05 3.71033e-05 3.24025e-05 2.81128e-05 2.4169e-05 2.05509e-05 1.7262e-05 1.43134e-05 1.17134e-05 9.46126e-06 7.54555e-06 5.94478e-06 4.62988e-06 3.56714e-06 2.72107e-06 2.05681e-06 1.54192e-06 1.1474e-06 8.48233e-07 6.2347e-07 4.55978e-07 3.32051e-07 2.40919e-07 1.74257e-07 1.25709e-07 9.04846e-08 6.5007e-08 4.66267e-08 3.33952e-08 2.38877e-08 1.70669e-08 1.21806e-08 8.68463e-09 6.18648e-09 4.40348e-09 3.13236e-09 2.22718e-09 1.58328e-09 1.12568e-09 8.00753e-10 5.70188e-10 4.06643e-10 2.90642e-10 2.08333e-10 1.49875e-10 1.08291e-10 7.86428e-11 5.74376e-11 4.22101e-11 3.12214e-11 2.32456e-11 1.74189e-11 1.3132e-11 9.95436e-12 7.58138e-12 5.79642e-12 4.44474e-12 3.41506e-12 2.62676e-12 2.02087e-12 1.55388e-12 1.19332e-12 9.14739e-13 6.99553e-13 5.33514e-13 4.05626e-13 3.07358e-13 2.32067e-13 1.74569e-13 1.30816e-13 9.76481e-14 7.26045e-14 5.37723e-14 3.96695e-14 2.91525e-14 2.13423e-14 1.55661e-14 1.13118e-14 8.1909e-15 5.91055e-15 4.25075e-15 3.04716e-15 2.17756e-15 1.55147e-15 1.10223e-15 7.80941e-16 5.51875e-16 3.89048e-16 2.73634e-16 1.92047e-16 1.34518e-16 9.40512e-17 6.56483e-17 4.57542e-17 3.18462e-17 2.21398e-17 1.53763e-17 1.067e-17 7.39903e-18 5.12807e-18 3.55275e-18 2.46075e-18 1.7042e-18 1.18025e-18 8.17476e-19 5.66325e-19 3.92445e-19 2.72047e-19 1.8866e-19 1.30888e-19 9.08478e-20 
1.63695e-19 2.38018e-19 3.45515e-19 5.00724e-19 7.24429e-19 1.04629e-18 1.50855e-18 2.17127e-18 3.11966e-18 4.47442e-18 6.40619e-18 9.15575e-18 1.30623e-17 1.86026e-17 2.64462e-17 3.75307e-17 5.31682e-17 7.51907e-17 1.06153e-16 1.49611e-16 2.10511e-16 2.95716e-16 4.14745e-16 5.80782e-16 8.12064e-16 1.1338e-15 1.58079e-15 2.20107e-15 3.06086e-15 4.25147e-15 5.89868e-15 8.17578e-15 1.13215e-14 1.56647e-14 2.16587e-14 2.99283e-14 4.13355e-14 5.70704e-14 7.8777e-14 1.08729e-13 1.50075e-13 2.07179e-13 2.86098e-13 3.95248e-13 5.46342e-13 7.55696e-13 1.04607e-12 1.44925e-12 2.00966e-12 2.78943e-12 3.87553e-12 5.3897e-12 7.50234e-12 1.04519e-11 1.4572e-11 2.03283e-11 2.83709e-11 3.96046e-11 5.52867e-11 7.71597e-11 1.07631e-10 1.50018e-10 2.08869e-10 2.90404e-10 4.03088e-10 5.5839e-10 7.71775e-10 1.064e-09 1.4628e-09 2.005e-09 2.73932e-09 3.7299e-09 5.06074e-09 6.84146e-09 9.21451e-09 1.23643e-08 1.65291e-08 2.20152e-08 2.92161e-08 3.86356e-08 5.09167e-08 6.68773e-08 8.7553e-08 1.14247e-07 1.48588e-07 1.92589e-07 2.48709e-07 3.19908e-07 4.09679e-07 5.22056e-07 6.61573e-07 8.33168e-07 1.04202e-06 1.2933e-06 1.59193e-06 1.94225e-06 2.34786e-06 2.81157e-06 3.33579e-06 3.92342e-06 4.57968e-06 5.31504e-06 6.14976e-06 7.12057e-06 8.29002e-06 9.75962e-06 1.16878e-05 1.43148e-05 1.79966e-05 2.32513e-05 3.08231e-05 4.17675e-05 5.7566e-05 8.02766e-05 0.000112726 0.000158751 0.000223481 0.000313661 0.000437976 0.000607327 0.000834976 0.00113643 0.00152892 0.00203045 0.00265821 0.00342685 0.00434673 0.00542305 0.00665593 0.00804127 0.00957049 0.0112269 0.0129769 0.0147598 0.016482 0.0180285 0.0192945 0.0202254 0.020841 0.0212203 0.0214536 0.0215936 0.0216427 0.0215945 0.0215067 0.0215665 0.0221149 0.0236238 0.026635 0.0316663 0.0390665 0.0487981 0.0601775 0.0717257 0.0813926 0.0872762 0.0884891 0.0855313 0.0799517 0.0736562 0.0682441 0.0645298 0.0623362 0.0606627 0.0582475 0.0543074 0.0489984 0.0432905 0.038445 0.0355438 0.0353036 0.0381155 0.0441528 0.0534465 0.0658981 0.0812392 0.0989454 0.118101 0.137225 0.154177 0.166466 0.17229 0.171975 0.168623 0.167428 0.174702 0.197742 0.245471 0.328257 0.450615 0.569702 0.543893 0.399552 0.26763 0.175204 0.114965 0.0767923 0.0529643 0.0382537 0.0292756 0.0239013 0.0208368 0.0193347 0.0189921 0.0196047 0.0210577 0.0232489 0.0260446 0.0292703 0.0327338 0.0362655 0.0397534 0.0431501 0.0464498 0.049651 0.0527289 0.0556459 0.0584241 0.061288 0.0648317 0.0701118 0.078567 0.091685 0.11031 0.133461 0.156946 0.173478 0.176805 0.167632 0.153632 0.143497 0.142498 0.151536 0.167241 0.182414 0.188788 0.182338 0.165745 0.144719 0.123528 0.103997 0.0866793 0.0719531 0.0603489 0.0524175 0.0485412 0.0488232 0.0529826 0.0601807 0.0688498 0.0767858 0.0817897 0.0826864 0.079923 0.0751436 0.0701512 0.066106 0.0633096 0.0614348 0.0599679 0.0586595 0.0577943 0.0581724 0.0608738 0.066965 0.0772457 0.0920296 0.110925 0.132664 0.155163 0.176011 0.193156 0.205059 0.210119 0.206745 0.195139 0.178616 0.161989 0.148644 0.1391 0.131444 0.122933 0.111896 0.098792 0.0857504 0.0753166 0.0695698 0.0698932 0.0769667 0.0904841 0.108398 0.126183 0.137707 0.139023 0.132289 0.124967 0.125793 0.1426 0.182795 0.253856 0.359018 0.47527 0.516584 0.443447 0.346285 0.276037 0.236999 0.223441 0.23081 0.256108 0.293712 0.329813 0.343912 0.32525 0.283082 0.233559 0.188032 0.152288 0.128268 0.115307 0.111133 0.112757 0.117338 0.122882 0.128337 0.133031 0.136192 0.137268 0.136686 0.135911 0.136347 0.137822 0.137942 0.133335 0.122308 0.106328 0.088721 0.0723716 0.0586637 0.0477423 0.0391783 0.0324659 0.0272354 0.0232703 0.0204446 0.018653 0.0177652 0.0176006 0.0179202 0.0184336 0.0188284 0.0188224 0.0182279 0.0169998 0.0152396 0.0131505 0.010967 0.00889079 0.00705637 0.00552671 0.00430857 0.00337369 0.00267756 0.00217232 0.00181375 0.00156403 0.00139206 0.00127277 0.00118616 0.00111669 0.00105287 0.000986981 0.000914869 0.000835416 0.000749889 0.000661107 0.000572587 0.000487801 0.000409639 0.00034011 0.000280256 0.000230239 0.000189519 0.000157076 0.000131622 0.000111786 9.62558e-05 8.38732e-05 7.36894e-05 6.49839e-05 5.7255e-05 5.01914e-05 4.36312e-05 3.75179e-05 3.18587e-05 2.66891e-05 2.20478e-05 1.79601e-05 1.4431e-05 1.14433e-05 8.96138e-06 6.9361e-06 5.31074e-06 4.02623e-06 3.02521e-06 2.25497e-06 1.669e-06 1.2277e-06 8.9829e-07 6.54287e-07 4.74739e-07 3.43359e-07 2.47673e-07 1.78255e-07 1.28053e-07 9.18432e-08 6.57806e-08 4.70552e-08 3.36219e-08 2.39978e-08 1.71113e-08 1.21896e-08 8.67609e-09 6.17078e-09 4.38642e-09 3.11696e-09 2.21479e-09 1.57426e-09 1.11986e-09 7.97684e-10 5.69321e-10 4.07426e-10 2.92577e-10 2.10996e-10 1.52928e-10 1.11476e-10 8.1773e-11 6.03871e-11 4.49015e-11 3.36147e-11 2.53284e-11 1.91979e-11 1.46267e-11 1.11917e-11 8.5918e-12 6.61117e-12 5.09395e-12 3.92657e-12 3.02547e-12 2.32846e-12 1.7888e-12 1.371e-12 1.04785e-12 7.98337e-13 6.06149e-13 4.58543e-13 3.45556e-13 2.59385e-13 1.93924e-13 1.44398e-13 1.07086e-13 7.9096e-14 5.81895e-14 4.26411e-14 3.11271e-14 2.26366e-14 1.64017e-14 1.18418e-14 8.5201e-15 6.10975e-15 4.36725e-15 3.11211e-15 2.21118e-15 1.56667e-15 1.10708e-15 7.80348e-16 5.48754e-16 3.85047e-16 2.6963e-16 1.88456e-16 1.31496e-16 9.16114e-17 6.37375e-17 4.42918e-17 3.07473e-17 2.13266e-17 1.47821e-17 1.02405e-17 7.09165e-18 4.9099e-18 3.39906e-18 2.35321e-18 1.62939e-18 1.12849e-18 7.81827e-19 5.4187e-19 3.75727e-19 2.60648e-19 1.80905e-19 1.2562e-19 
2.2473e-19 3.27342e-19 4.76021e-19 6.91073e-19 1.00158e-18 1.44912e-18 2.093e-18 3.0177e-18 4.34326e-18 6.24002e-18 8.94913e-18 1.28114e-17 1.83077e-17 2.61149e-17 3.71847e-17 5.28518e-17 7.49859e-17 1.06201e-16 1.50147e-16 2.11907e-16 2.9856e-16 4.19936e-16 5.89679e-16 8.26696e-16 1.15716e-15 1.61724e-15 2.25693e-15 3.1452e-15 4.37717e-15 6.08392e-15 8.44604e-15 1.17122e-14 1.62249e-14 2.24555e-14 3.10533e-14 4.29126e-14 5.92657e-14 8.18122e-14 1.12897e-13 1.55761e-13 2.14882e-13 2.96463e-13 4.09099e-13 5.64721e-13 7.79912e-13 1.07775e-12 1.49041e-12 2.06277e-12 2.85753e-12 3.96242e-12 5.50017e-12 7.6427e-12 1.06308e-11 1.48019e-11 2.06283e-11 2.8771e-11 4.01541e-11 5.60669e-11 7.83057e-11 1.09366e-10 1.52708e-10 2.1311e-10 2.9715e-10 4.13851e-10 5.75533e-10 7.98941e-10 1.10674e-09 1.52942e-09 2.10786e-09 2.8965e-09 3.96752e-09 5.41613e-09 7.3673e-09 9.98434e-09 1.34797e-08 1.81289e-08 2.42878e-08 3.24149e-08 4.30997e-08 5.70981e-08 7.5377e-08 9.91706e-08 1.30048e-07 1.69993e-07 2.21504e-07 2.87688e-07 3.72379e-07 4.80228e-07 6.16786e-07 7.8853e-07 1.00282e-06 1.26774e-06 1.59187e-06 1.9838e-06 2.45169e-06 3.00261e-06 3.64205e-06 4.37357e-06 5.19897e-06 6.11925e-06 7.13684e-06 8.25936e-06 9.50583e-06 1.09156e-05 1.25611e-05 1.45655e-05 1.71269e-05 2.05516e-05 2.52989e-05 3.20432e-05 4.17591e-05 5.58368e-05 7.62379e-05 0.000105704 0.000148028 0.000208401 0.000293835 0.000413662 0.000580067 0.00080859 0.00111848 0.00153269 0.0020773 0.00278011 0.00366828 0.00476529 0.00608784 0.00764398 0.00943344 0.01145 0.0136837 0.0161167 0.0187104 0.0213841 0.0239994 0.0263727 0.02833 0.0297849 0.0307869 0.0314892 0.0320413 0.0324788 0.0326955 0.0325357 0.0319554 0.0311546 0.0306049 0.0309729 0.0329959 0.0373477 0.0444763 0.0543721 0.0662775 0.0785062 0.088696 0.0946731 0.0954977 0.0918734 0.0856663 0.0790508 0.0737664 0.0706149 0.0692406 0.0683152 0.066213 0.061945 0.0557446 0.0488636 0.0428531 0.0389527 0.03788 0.0399038 0.0449921 0.0529163 0.0632993 0.0756337 0.0892974 0.103562 0.117578 0.130366 0.140936 0.148638 0.153665 0.157389 0.162384 0.17232 0.191828 0.225913 0.27748 0.339768 0.383212 0.366804 0.296716 0.216012 0.149499 0.101539 0.0690456 0.0477729 0.0341646 0.0256411 0.0204548 0.0174767 0.0160073 0.0156301 0.0161001 0.0172626 0.0189987 0.0211978 0.0237554 0.0265914 0.0296757 0.0330459 0.0367974 0.0410374 0.045807 0.0509968 0.0563125 0.0613683 0.0659431 0.0703071 0.0754028 0.0827039 0.0937388 0.109325 0.12853 0.147676 0.160736 0.162728 0.154124 0.140863 0.129886 0.125549 0.128776 0.137505 0.147585 0.154526 0.155734 0.151346 0.142816 0.131178 0.116864 0.100648 0.0841547 0.069382 0.0579389 0.0506832 0.0477684 0.0488024 0.0529296 0.0588581 0.0649904 0.0697875 0.0722748 0.0723535 0.0706676 0.0681468 0.0655532 0.0632466 0.0612132 0.0593097 0.0575926 0.0565461 0.0570839 0.0603677 0.0675772 0.0797037 0.0973342 0.120376 0.147786 0.177559 0.207251 0.234698 0.257727 0.272543 0.273899 0.260186 0.237555 0.215631 0.200592 0.192681 0.187327 0.178226 0.161667 0.139066 0.115195 0.0946687 0.0802205 0.0728471 0.0724135 0.0778981 0.0872308 0.097207 0.104301 0.106669 0.105975 0.107226 0.117249 0.143931 0.197146 0.290787 0.444007 0.666689 0.770784 0.570849 0.403208 0.303818 0.253801 0.238842 0.251651 0.288819 0.344527 0.401059 0.427238 0.405269 0.350054 0.284595 0.22351 0.174282 0.139362 0.117704 0.106402 0.101995 0.101367 0.1023 0.103556 0.104538 0.104919 0.104592 0.10385 0.103342 0.103569 0.104235 0.104036 0.101325 0.0952964 0.0866121 0.0768376 0.0673726 0.0588654 0.0513215 0.0445224 0.0383544 0.0328978 0.0283408 0.0248531 0.0225057 0.0212458 0.0209024 0.0212023 0.0217923 0.0222814 0.0223088 0.0216295 0.0201795 0.0180834 0.0155952 0.0130052 0.0105585 0.0084129 0.00663738 0.00523352 0.00416311 0.00337112 0.00280051 0.00239965 0.0021247 0.00193927 0.00181328 0.00172192 0.00164526 0.00156828 0.00148102 0.00137861 0.00126075 0.00113075 0.000994191 0.000857513 0.000726809 0.00060696 0.000501211 0.000411111 0.000336721 0.000276967 0.000230034 0.000193727 0.000165778 0.00014406 0.00012674 0.000112352 9.9821e-05 8.84344e-05 7.77883e-05 6.77139e-05 5.81997e-05 4.93203e-05 4.11794e-05 3.3869e-05 2.74465e-05 2.19256e-05 1.72785e-05 1.34439e-05 1.03377e-05 7.86396e-06 5.92425e-06 4.42441e-06 3.27912e-06 2.4142e-06 1.76732e-06 1.28755e-06 9.34252e-07 6.7565e-07 4.87301e-07 3.50675e-07 2.51892e-07 1.80658e-07 1.29396e-07 9.25701e-08 6.61521e-08 4.7224e-08 3.36778e-08 2.3994e-08 1.70791e-08 1.21469e-08 8.63305e-09 6.13264e-09 4.35544e-09 3.09364e-09 2.19864e-09 1.56429e-09 1.11491e-09 7.96579e-10 5.70996e-10 4.10973e-10 2.97258e-10 2.16239e-10 1.58309e-10 1.16698e-10 8.66422e-11 6.47898e-11 4.87846e-11 3.69684e-11 2.81728e-11 2.15718e-11 1.6579e-11 1.27759e-11 9.86133e-12 7.61655e-12 5.88124e-12 4.53648e-12 3.49307e-12 2.68335e-12 2.05551e-12 1.56951e-12 1.19419e-12 9.0521e-13 6.83459e-13 5.13939e-13 3.84871e-13 2.87016e-13 2.13149e-13 1.57636e-13 1.16102e-13 8.51659e-14 6.2225e-14 4.52873e-14 3.28355e-14 2.37201e-14 1.70743e-14 1.22484e-14 8.75747e-15 6.24172e-15 4.43523e-15 3.14252e-15 2.22052e-15 1.56499e-15 1.10033e-15 7.7189e-16 5.4036e-16 3.77554e-16 2.63342e-16 1.83392e-16 1.27537e-16 8.85868e-17 6.14683e-17 4.26148e-17 2.95238e-17 2.04436e-17 1.4151e-17 9.79332e-18 6.7771e-18 4.69016e-18 3.24647e-18 2.24782e-18 1.55694e-18 1.07889e-18 7.47986e-19 5.18846e-19 3.60097e-19 2.50053e-19 1.73729e-19 
3.07841e-19 4.49204e-19 6.54403e-19 9.51744e-19 1.38184e-18 2.00286e-18 2.89793e-18 4.18564e-18 6.03484e-18 8.68545e-18 1.24778e-17 1.78935e-17 2.56131e-17 3.65963e-17 5.21939e-17 7.43035e-17 1.05587e-16 1.49769e-16 2.12056e-16 2.99714e-16 4.22858e-16 5.95562e-16 8.37367e-16 1.17537e-15 1.64711e-15 2.30451e-15 3.2193e-15 4.49053e-15 6.25478e-15 8.70033e-15 1.20865e-14 1.67702e-14 2.32428e-14 3.21805e-14 4.45137e-14 6.15229e-14 8.49715e-14 1.17288e-13 1.6182e-13 2.23187e-13 3.07767e-13 4.24377e-13 5.85222e-13 8.07219e-13 1.11385e-12 1.53776e-12 2.1244e-12 2.93711e-12 4.06436e-12 5.62978e-12 7.8064e-12 1.08365e-11 1.50598e-11 2.09524e-11 2.91817e-11 4.0683e-11 5.67661e-11 7.92626e-11 1.1073e-10 1.54732e-10 2.16223e-10 3.02065e-10 4.21741e-10 5.88295e-10 8.19604e-10 1.14005e-09 1.58275e-09 2.1924e-09 3.02911e-09 4.17317e-09 5.73134e-09 7.84475e-09 1.0699e-08 1.45371e-08 1.96756e-08 2.65251e-08 3.56168e-08 4.76352e-08 6.34613e-08 8.42255e-08 1.11377e-07 1.46769e-07 1.92767e-07 2.52378e-07 3.29404e-07 4.28622e-07 5.55965e-07 7.1871e-07 9.25633e-07 1.18709e-06 1.515e-06 1.92261e-06 2.42412e-06 3.03394e-06 3.76581e-06 4.63159e-06 5.64017e-06 6.79646e-06 8.10108e-06 9.55116e-06 1.11429e-05 1.28764e-05 1.47642e-05 1.68429e-05 1.91915e-05 2.19542e-05 2.53739e-05 2.9835e-05 3.59236e-05 4.45081e-05 5.68508e-05 7.47596e-05 0.000100796 0.000138555 0.000193036 0.000271125 0.000382207 0.000538901 0.000757901 0.00106083 0.00147494 0.00203343 0.00277486 0.00374137 0.00497516 0.00651348 0.0083831 0.0105962 0.0131501 0.0160327 0.0192285 0.0227187 0.0264633 0.0303641 0.0342286 0.0377784 0.0407382 0.0429828 0.0446359 0.0460048 0.0473519 0.0486513 0.0495253 0.0494504 0.0481291 0.0457768 0.0431302 0.0412169 0.041077 0.0435611 0.0491777 0.0578999 0.0689083 0.080433 0.0900316 0.0954909 0.0959053 0.092069 0.0859346 0.0797064 0.0750891 0.0727975 0.0723364 0.0721853 0.0705216 0.0662598 0.0597055 0.0522999 0.0457767 0.0414697 0.0400901 0.041822 0.0464942 0.0537078 0.0629155 0.0734928 0.0848311 0.0964359 0.107984 0.1193 0.130281 0.140836 0.150886 0.160452 0.169926 0.180521 0.194462 0.214126 0.23957 0.264774 0.27598 0.260085 0.2194 0.16938 0.123444 0.0871477 0.0607861 0.0426061 0.0305197 0.0227439 0.0179439 0.0151916 0.0138727 0.0135925 0.0140958 0.0152078 0.0167975 0.0187645 0.0210479 0.0236505 0.026663 0.030273 0.0347398 0.0403169 0.0471186 0.0549513 0.0631967 0.0709026 0.077198 0.081891 0.085811 0.0905569 0.0977706 0.10828 0.121311 0.134027 0.142173 0.142442 0.135145 0.124215 0.11454 0.109524 0.110321 0.116144 0.125 0.134656 0.143464 0.150344 0.153859 0.151654 0.141705 0.124546 0.103647 0.0833509 0.0667995 0.0553909 0.0492408 0.0477602 0.049995 0.0547584 0.0607081 0.0664932 0.0709826 0.0734856 0.0738557 0.0724294 0.069819 0.066647 0.0633683 0.0602954 0.0577934 0.0564781 0.0572729 0.0613212 0.0698392 0.0839523 0.104474 0.131578 0.16446 0.201313 0.239966 0.278692 0.3153 0.34345 0.351734 0.334767 0.303824 0.276611 0.263195 0.263023 0.266644 0.26009 0.234992 0.196032 0.15468 0.119507 0.0938438 0.0777317 0.0698274 0.0682614 0.0708333 0.075132 0.0790579 0.0817937 0.0846386 0.0910879 0.106412 0.137616 0.194354 0.290685 0.446214 0.672182 0.778925 0.574914 0.405893 0.306462 0.257725 0.245651 0.263154 0.307053 0.371818 0.439092 0.474319 0.455922 0.397965 0.324135 0.251816 0.191733 0.147816 0.119 0.101912 0.0927361 0.0881787 0.0858813 0.0844519 0.0832224 0.0819447 0.0806194 0.0794485 0.0787459 0.0787075 0.0791545 0.0794928 0.0790266 0.0774294 0.0749338 0.0720212 0.0689126 0.0653503 0.0608525 0.0551875 0.0486479 0.0419348 0.0358224 0.0308811 0.0273799 0.0253167 0.0244885 0.0245509 0.0250632 0.0255416 0.0255409 0.0247553 0.0230978 0.0207088 0.0178834 0.0149573 0.012209 0.00981305 0.00784091 0.00628844 0.00510903 0.00423979 0.00361751 0.00318575 0.00289639 0.00270836 0.00258609 0.00249861 0.00241977 0.0023293 0.0022139 0.00206782 0.00189241 0.00169464 0.0014849 0.00127459 0.00107413 0.000891582 0.000732048 0.000597714 0.000488306 0.000401752 0.000334864 0.000283948 0.000245281 0.000215457 0.000191601 0.000171477 0.000153506 0.000136706 0.000120594 0.000105049 9.01805e-05 7.62092e-05 6.33713e-05 5.18572e-05 4.1779e-05 3.31632e-05 2.59599e-05 2.00606e-05 1.53202e-05 1.15762e-05 8.66471e-06 6.43177e-06 4.74003e-06 3.47191e-06 2.53001e-06 1.83583e-06 1.32753e-06 9.57302e-07 6.88795e-07 4.94716e-07 3.54802e-07 2.54143e-07 1.8184e-07 1.29973e-07 9.28066e-08 6.62021e-08 4.71772e-08 3.35867e-08 2.38892e-08 1.69777e-08 1.20579e-08 8.56019e-09 6.07653e-09 4.31491e-09 3.06663e-09 2.18271e-09 1.55701e-09 1.11405e-09 8.00228e-10 5.77574e-10 4.1924e-10 3.06275e-10 2.2533e-10 1.67013e-10 1.24725e-10 9.38307e-11 7.10762e-11 5.4172e-11 4.15046e-11 3.19325e-11 2.46434e-11 1.90555e-11 1.47478e-11 1.1413e-11 8.824e-12 6.81071e-12 5.24453e-12 4.02698e-12 3.08195e-12 2.35018e-12 1.78523e-12 1.3506e-12 1.01751e-12 7.63302e-13 5.70143e-13 4.24031e-13 3.14012e-13 2.31554e-13 1.70036e-13 1.24351e-13 9.05767e-14 6.57188e-14 4.75026e-14 3.421e-14 2.45501e-14 1.75581e-14 1.25166e-14 8.89494e-15 6.30252e-15 4.45316e-15 3.13814e-15 2.20598e-15 1.54713e-15 1.08274e-15 7.56257e-16 5.2728e-16 3.67044e-16 2.55141e-16 1.77136e-16 1.22851e-16 8.51288e-17 5.89489e-17 4.07994e-17 2.82281e-17 1.95269e-17 1.35073e-17 9.34433e-18 6.46587e-18 4.47559e-18 3.09925e-18 2.14723e-18 1.48845e-18 1.03239e-18 7.16493e-19 4.97547e-19 3.45703e-19 2.40327e-19 
4.20736e-19 6.15051e-19 8.97633e-19 1.30786e-18 1.90234e-18 2.76227e-18 4.00395e-18 5.79354e-18 8.36808e-18 1.20649e-17 1.73634e-17 2.49432e-17 3.5766e-17 5.11901e-17 7.31303e-17 1.04281e-16 1.48424e-16 2.10865e-16 2.99022e-16 4.23262e-16 5.98038e-16 8.43471e-16 1.18753e-15 1.66903e-15 2.34178e-15 3.28024e-15 4.58736e-15 6.40531e-15 8.93021e-15 1.24324e-14 1.72843e-14 2.39983e-14 3.32798e-14 4.60988e-14 6.37894e-14 8.81865e-14 1.21814e-13 1.68146e-13 2.31964e-13 3.19858e-13 4.40916e-13 6.07684e-13 8.37503e-13 1.15437e-12 1.59156e-12 2.19523e-12 3.0296e-12 4.18406e-12 5.78329e-12 8.00146e-12 1.10821e-11 1.53664e-11 2.13324e-11 2.96505e-11 4.12616e-11 5.74854e-11 8.01732e-11 1.11919e-10 1.56351e-10 2.18542e-10 3.0556e-10 4.27229e-10 5.97166e-10 8.34169e-10 1.16409e-09 1.62233e-09 2.25712e-09 3.13382e-09 4.34059e-09 5.9956e-09 8.25642e-09 1.13319e-08 1.54974e-08 2.11138e-08 2.86522e-08 3.87242e-08 5.2121e-08 6.98634e-08 9.32643e-08 1.2401e-07 1.64265e-07 2.168e-07 2.85162e-07 3.73881e-07 4.88717e-07 6.36951e-07 8.27716e-07 1.07232e-06 1.38456e-06 1.78091e-06 2.28059e-06 2.90525e-06 3.67843e-06 4.62435e-06 5.76638e-06 7.1249e-06 8.71502e-06 1.05444e-05 1.26119e-05 1.49076e-05 1.74157e-05 2.01205e-05 2.30178e-05 2.61316e-05 2.95379e-05 3.33977e-05 3.80005e-05 4.38218e-05 5.16012e-05 6.24465e-05 7.7977e-05 0.00010052 0.000133377 0.000181191 0.000250439 0.000350078 0.000492388 0.000694022 0.000977254 0.00137135 0.00191384 0.00265138 0.00363952 0.00494054 0.00661876 0.00873262 0.0113251 0.0144149 0.0179941 0.0220356 0.0265072 0.0313814 0.0366178 0.0421081 0.0476071 0.0527222 0.0570485 0.0604315 0.0631634 0.0658647 0.069021 0.0724604 0.0751828 0.0758013 0.0734254 0.068336 0.0618989 0.0558965 0.0518928 0.0509478 0.0535578 0.0595947 0.0681653 0.0775337 0.0854152 0.0897916 0.0898498 0.0863102 0.0809329 0.0756926 0.0720884 0.0706922 0.0709473 0.0713439 0.0701124 0.0662256 0.0600273 0.0529746 0.046807 0.0428579 0.0418263 0.0438605 0.0487215 0.055913 0.0647805 0.0746265 0.0848723 0.0952385 0.105862 0.11726 0.130115 0.144881 0.161306 0.17807 0.193078 0.204786 0.213579 0.221196 0.228117 0.231397 0.225371 0.20589 0.174689 0.138499 0.104188 0.075658 0.0539107 0.0383034 0.0276097 0.0205947 0.0162413 0.0137936 0.0127223 0.0126648 0.0133671 0.0146384 0.0163276 0.018325 0.0205886 0.0231827 0.026312 0.0303288 0.0356934 0.0428638 0.0520948 0.0631535 0.0750581 0.0861109 0.0945195 0.0994453 0.101647 0.103048 0.105599 0.110284 0.116614 0.122638 0.125662 0.123755 0.117162 0.108309 0.100406 0.0960126 0.096438 0.101874 0.111862 0.125788 0.143009 0.162131 0.179435 0.188194 0.18195 0.160586 0.131168 0.102102 0.0785674 0.062285 0.053012 0.0497577 0.0513526 0.056584 0.0641383 0.0725231 0.0800994 0.0853181 0.0871463 0.0854525 0.0810237 0.0751428 0.0690502 0.0636705 0.0596835 0.0577497 0.0586792 0.0634766 0.073297 0.0893302 0.112568 0.143411 0.181232 0.224301 0.270551 0.318685 0.367072 0.407828 0.423094 0.40276 0.364808 0.336397 0.331747 0.350126 0.375834 0.379026 0.339236 0.271438 0.203035 0.148196 0.109301 0.0840739 0.0692949 0.0619782 0.0595621 0.0599278 0.0615999 0.0641439 0.0685219 0.0771848 0.0939866 0.124204 0.174712 0.25346 0.364485 0.48537 0.528492 0.453565 0.354914 0.285499 0.250829 0.246038 0.266816 0.310123 0.370304 0.43178 0.467682 0.459279 0.411291 0.340293 0.265114 0.200276 0.151719 0.118849 0.0982566 0.0860715 0.0789948 0.0746425 0.0715449 0.0689578 0.0666149 0.0645308 0.0628771 0.061883 0.0617222 0.0624215 0.0638707 0.0659521 0.068673 0.0721002 0.0760271 0.0795911 0.0812778 0.0795885 0.0740177 0.0654709 0.0557237 0.0465048 0.0389328 0.0334539 0.0300285 0.0283305 0.0278775 0.0281029 0.0284171 0.0282919 0.0273663 0.0255298 0.0229276 0.0198764 0.016736 0.0138012 0.0112527 0.00916005 0.00751439 0.00626438 0.00534426 0.0046897 0.00424374 0.00395673 0.0037839 0.00368331 0.00361543 0.00354479 0.00344285 0.00329102 0.00308231 0.0028211 0.00252072 0.00219972 0.00187783 0.00157249 0.00129675 0.00105843 0.000860421 0.000701626 0.000578157 0.000484512 0.000414547 0.000362231 0.000322163 0.000289884 0.000262026 0.000236316 0.000211456 0.000186943 0.000162831 0.000139503 0.000117468 9.72081e-05 7.90869e-05 6.33056e-05 4.99038e-05 3.87852e-05 2.97556e-05 2.25629e-05 1.69321e-05 1.25913e-05 9.29026e-06 6.80923e-06 4.96328e-06 3.6015e-06 2.60396e-06 1.87738e-06 1.35056e-06 9.69903e-07 6.95586e-07 4.9829e-07 3.56599e-07 2.54958e-07 1.82115e-07 1.29957e-07 9.26431e-08 6.5975e-08 4.69357e-08 3.33591e-08 2.36901e-08 1.68134e-08 1.1929e-08 8.46436e-09 6.00953e-09 4.27182e-09 3.0425e-09 2.17297e-09 1.55768e-09 1.1218e-09 8.12418e-10 5.92166e-10 4.34731e-10 3.2161e-10 2.39809e-10 1.80213e-10 1.36432e-10 1.03981e-10 7.97066e-11 6.13854e-11 4.74413e-11 3.675e-11 2.85017e-11 2.21075e-11 1.7134e-11 1.32578e-11 1.02348e-11 7.87831e-12 6.04413e-12 4.61982e-12 3.51712e-12 2.66644e-12 2.0128e-12 1.5127e-12 1.13181e-12 8.43058e-13 6.25195e-13 4.61602e-13 3.39348e-13 2.48418e-13 1.81103e-13 1.31498e-13 9.51077e-14 6.85287e-14 4.91979e-14 3.51965e-14 2.50955e-14 1.78362e-14 1.26382e-14 8.92927e-15 6.29168e-15 4.42192e-15 3.10045e-15 2.16914e-15 1.51452e-15 1.05554e-15 7.34445e-16 5.10291e-16 3.54106e-16 2.45463e-16 1.70005e-16 1.17663e-16 8.13958e-17 5.62888e-17 3.892e-17 2.69106e-17 1.86095e-17 1.28725e-17 8.9075e-18 6.16674e-18 4.27162e-18 2.96068e-18 2.05336e-18 1.42502e-18 9.89595e-19 6.8764e-19 4.78096e-19 3.3258e-19 
5.73702e-19 8.40193e-19 1.22846e-18 1.79317e-18 2.61303e-18 3.80121e-18 5.52002e-18 8.00188e-18 1.15789e-17 1.67245e-17 2.41128e-17 3.47008e-17 4.98456e-17 7.14664e-17 1.02273e-16 1.46085e-16 2.08273e-16 2.96376e-16 4.20956e-16 5.96787e-16 8.44494e-16 1.19282e-15 1.68176e-15 2.36687e-15 3.32522e-15 4.66355e-15 6.52953e-15 9.12715e-15 1.2738e-14 1.77501e-14 2.46983e-14 3.43185e-14 4.76232e-14 6.60045e-14 9.13763e-14 1.26369e-13 1.74598e-13 2.41034e-13 3.32515e-13 4.5845e-13 6.31797e-13 8.70423e-13 1.19898e-12 1.65155e-12 2.27526e-12 3.13548e-12 4.32291e-12 5.96369e-12 8.23352e-12 1.13776e-11 1.57384e-11 2.17955e-11 3.02207e-11 4.19565e-11 5.83257e-11 8.1186e-11 1.13146e-10 1.57867e-10 2.20483e-10 3.08185e-10 4.31023e-10 6.03008e-10 8.43623e-10 1.17986e-09 1.64899e-09 2.3022e-09 3.20953e-09 4.46627e-09 6.20137e-09 8.58835e-09 1.18592e-08 1.63226e-08 2.23861e-08 3.05855e-08 4.16206e-08 5.64014e-08 7.61057e-08 1.02253e-07 1.36796e-07 1.82246e-07 2.41823e-07 3.19654e-07 4.21033e-07 5.52741e-07 7.23443e-07 9.4417e-07 1.22887e-06 1.59499e-06 2.06406e-06 2.66216e-06 3.42006e-06 4.37306e-06 5.56006e-06 7.02183e-06 8.79831e-06 1.0925e-05 1.34286e-05 1.63227e-05 1.96039e-05 2.32507e-05 2.72256e-05 3.14829e-05 3.59836e-05 4.07189e-05 4.57442e-05 5.12237e-05 5.74902e-05 6.51217e-05 7.50418e-05 8.86534e-05 0.00010802 0.000136111 0.000177143 0.000237035 0.000324042 0.000449592 0.000629395 0.000884868 0.00124489 0.00174787 0.00244386 0.00339631 0.00468266 0.00639236 0.00862091 0.0114586 0.0149746 0.0192002 0.0241194 0.029675 0.0357928 0.0424089 0.049467 0.0568537 0.064289 0.0712792 0.0772969 0.0822153 0.0866762 0.0919058 0.0988522 0.107097 0.114326 0.117152 0.113273 0.103251 0.0900483 0.0770834 0.066821 0.0605212 0.058517 0.0604416 0.0652725 0.0713585 0.0767 0.0795899 0.0793123 0.0763798 0.0721553 0.0681969 0.065679 0.0650036 0.0656331 0.0662546 0.0653755 0.0621611 0.0569531 0.0510581 0.0460519 0.0431794 0.0431238 0.0460472 0.0517094 0.0595712 0.0688923 0.0788796 0.0889262 0.0989064 0.109401 0.121701 0.137486 0.15814 0.18364 0.211254 0.235341 0.250278 0.254967 0.252712 0.246216 0.234756 0.216042 0.189453 0.157428 0.124274 0.0939763 0.0688488 0.0494908 0.0354079 0.0256496 0.0192208 0.0152741 0.0131619 0.0124172 0.0127063 0.0137757 0.0154121 0.0174259 0.0196687 0.0220839 0.0247728 0.0280479 0.0324431 0.0386587 0.0474185 0.0592009 0.0738215 0.0899705 0.105104 0.116273 0.121807 0.122428 0.120555 0.118594 0.11777 0.117915 0.117815 0.115921 0.111263 0.104149 0.0961392 0.0893549 0.0857095 0.0865429 0.0926934 0.104812 0.123649 0.149881 0.182757 0.216996 0.239985 0.237187 0.207241 0.164342 0.123374 0.0915641 0.0702585 0.0583631 0.0542833 0.0565963 0.0640696 0.0753726 0.0886864 0.101461 0.110688 0.113913 0.11046 0.101804 0.0906407 0.079558 0.0703064 0.0638411 0.0607203 0.061481 0.0668549 0.0778393 0.0956351 0.121399 0.155748 0.198106 0.246369 0.297612 0.349705 0.400969 0.443993 0.460366 0.439764 0.403625 0.383385 0.396457 0.445126 0.511429 0.538028 0.471475 0.356838 0.2528 0.175965 0.123909 0.0904443 0.0700007 0.0583529 0.0524447 0.0501467 0.0501745 0.0521551 0.0567196 0.0655163 0.0811316 0.106924 0.146549 0.202321 0.27048 0.332589 0.35697 0.333736 0.290749 0.256154 0.241082 0.246647 0.27044 0.308709 0.355602 0.400477 0.427801 0.424826 0.388859 0.328175 0.25936 0.19769 0.150229 0.117214 0.0958043 0.0825173 0.074302 0.0688918 0.064835 0.0613683 0.0582239 0.0554438 0.0532374 0.0518839 0.0516677 0.0528567 0.0557338 0.0606514 0.0680082 0.0779932 0.090017 0.102037 0.110498 0.111779 0.104648 0.0912839 0.0756134 0.060995 0.0492291 0.040791 0.0353991 0.032442 0.0311963 0.0309173 0.030895 0.0305272 0.0294128 0.0274237 0.0246996 0.0215552 0.0183471 0.0153642 0.0127798 0.0106569 0.00898292 0.00770662 0.00676602 0.00610245 0.00566412 0.00540361 0.00527358 0.00522402 0.00520284 0.00515991 0.00505333 0.00485572 0.0045581 0.00417002 0.0037156 0.00322715 0.00273805 0.00227704 0.00186479 0.00151295 0.00122501 0.00099809 0.000825136 0.000696808 0.000603046 0.000534204 0.000481813 0.000439039 0.000400875 0.000364119 0.000327158 0.000289634 0.000252036 0.000215305 0.000180495 0.000148526 0.000120054 9.54172e-05 7.46576e-05 5.75839e-05 4.38451e-05 3.30037e-05 2.45953e-05 1.8172e-05 1.33293e-05 9.71882e-06 7.05229e-06 5.09804e-06 3.67464e-06 2.64288e-06 1.89772e-06 1.36097e-06 9.75067e-07 6.97987e-07 4.99229e-07 3.56761e-07 2.54711e-07 1.81668e-07 1.29431e-07 9.21115e-08 6.54815e-08 4.65042e-08 3.29997e-08 2.3404e-08 1.65957e-08 1.17716e-08 8.35751e-09 5.9434e-09 4.23717e-09 3.03115e-09 2.17804e-09 1.5736e-09 1.14422e-09 8.38069e-10 6.18693e-10 4.60518e-10 3.45622e-10 2.61454e-10 1.99225e-10 1.52772e-10 1.17764e-10 9.11408e-11 7.0729e-11 5.49713e-11 4.27399e-11 3.32085e-11 2.5763e-11 1.99411e-11 1.539e-11 1.18372e-11 9.07008e-12 6.92139e-12 5.25899e-12 3.97807e-12 2.99546e-12 2.24521e-12 1.67512e-12 1.24407e-12 9.1976e-13 6.76963e-13 4.96085e-13 3.61986e-13 2.63041e-13 1.90373e-13 1.37244e-13 9.85714e-14 7.0541e-14 5.03074e-14 3.57594e-14 2.53388e-14 1.79017e-14 1.26121e-14 8.86231e-15 6.21222e-15 4.34479e-15 3.03246e-15 2.11257e-15 1.46926e-15 1.02034e-15 7.07686e-16 4.90306e-16 3.39401e-16 2.3478e-16 1.6233e-16 1.12202e-16 7.75433e-17 5.35922e-17 3.70457e-17 2.5616e-17 1.77203e-17 1.22648e-17 8.49401e-18 5.88644e-18 4.0822e-18 2.83297e-18 1.96741e-18 1.36722e-18 9.50723e-19 6.61478e-19 4.60458e-19 
7.80429e-19 1.14505e-18 1.67729e-18 2.45286e-18 3.58099e-18 5.21902e-18 7.59306e-18 1.10275e-17 1.59866e-17 2.31338e-17 3.34148e-17 4.81754e-17 6.93264e-17 9.95755e-17 1.42752e-16 2.04261e-16 2.91715e-16 4.15817e-16 5.91582e-16 8.40039e-16 1.19059e-15 1.68424e-15 2.37813e-15 3.35171e-15 4.71528e-15 6.62175e-15 9.28279e-15 1.2991e-14 1.81504e-14 2.53181e-14 3.52619e-14 4.90386e-14 6.81017e-14 9.44498e-14 1.30829e-13 1.81012e-13 2.50181e-13 3.45455e-13 4.76615e-13 6.57108e-13 9.0543e-13 1.24704e-12 1.71703e-12 2.36381e-12 3.25425e-12 4.48088e-12 6.17193e-12 8.50542e-12 1.1729e-11 1.61875e-11 2.23626e-11 3.09275e-11 4.28252e-11 5.93779e-11 8.24418e-11 1.14625e-10 1.59594e-10 2.225e-10 3.10583e-10 4.34001e-10 6.06989e-10 8.49457e-10 1.18917e-09 1.66475e-09 2.32969e-09 3.25778e-09 4.55036e-09 6.34589e-09 8.83244e-09 1.2264e-08 1.69817e-08 2.34402e-08 3.22423e-08 4.41819e-08 6.0298e-08 8.19429e-08 1.10868e-07 1.49333e-07 2.00242e-07 2.67321e-07 3.5535e-07 4.70455e-07 6.20497e-07 8.15568e-07 1.06862e-06 1.39622e-06 1.81952e-06 2.36521e-06 3.06664e-06 3.96472e-06 5.10851e-06 6.55514e-06 8.36869e-06 1.06176e-05 1.33703e-05 1.66891e-05 2.06223e-05 2.51958e-05 3.04049e-05 3.62099e-05 4.25364e-05 4.92844e-05 5.63486e-05 6.36516e-05 7.11924e-05 7.91102e-05 8.77666e-05 9.78484e-05 0.000110498 0.000127485 0.000151428 0.000186102 0.000236852 0.000311157 0.000419404 0.000575922 0.000800377 0.0011196 0.00156991 0.00220004 0.00307431 0.00427583 0.00590854 0.00809625 0.0109763 0.014685 0.0193338 0.0249799 0.0316011 0.0390921 0.0472918 0.0560347 0.0651863 0.0746045 0.0840103 0.0928891 0.100695 0.107487 0.114558 0.124222 0.138415 0.156577 0.173934 0.18245 0.17623 0.156866 0.131542 0.107126 0.0873696 0.0734605 0.0652267 0.0618382 0.0620313 0.0641928 0.0665829 0.0677719 0.0670928 0.064787 0.0617456 0.0590398 0.0574762 0.0572873 0.0580081 0.0586209 0.0580181 0.0556182 0.0517406 0.047459 0.0440977 0.0427633 0.0441257 0.0484016 0.0554045 0.0645928 0.0751317 0.0860518 0.0965804 0.106621 0.117182 0.130484 0.149585 0.177437 0.215098 0.258774 0.297639 0.318924 0.320113 0.30947 0.293172 0.270455 0.239296 0.201383 0.161394 0.123988 0.0920874 0.0667434 0.0477029 0.0340516 0.0246902 0.0186048 0.0149782 0.0132047 0.0128537 0.0136125 0.0152247 0.0174426 0.0200111 0.0227005 0.0253918 0.0281871 0.0314935 0.0360365 0.0427814 0.0527519 0.0667051 0.0846019 0.104941 0.12445 0.139049 0.146173 0.146416 0.142553 0.137283 0.132002 0.126844 0.121232 0.114483 0.106364 0.097398 0.0887833 0.0820294 0.0785935 0.0797343 0.0866269 0.100647 0.123627 0.157654 0.2034 0.255347 0.294752 0.295265 0.253565 0.194943 0.141936 0.102767 0.0775963 0.0642409 0.0605585 0.06505 0.0766903 0.0943493 0.11593 0.137537 0.153571 0.158777 0.151522 0.134985 0.114778 0.0957542 0.0806689 0.0705505 0.0655789 0.0657936 0.0715018 0.0834597 0.102872 0.131141 0.169236 0.216647 0.270331 0.324844 0.374716 0.416719 0.446538 0.454277 0.436736 0.41282 0.409415 0.443847 0.521851 0.629842 0.686686 0.585173 0.422412 0.288774 0.195518 0.13412 0.0949901 0.0707634 0.0563072 0.0481761 0.0441524 0.0429738 0.0442098 0.0482013 0.0559855 0.0691535 0.0895603 0.118691 0.1563 0.198124 0.234204 0.252873 0.251545 0.240469 0.233138 0.237895 0.256674 0.286245 0.320046 0.35114 0.374148 0.384056 0.375399 0.344734 0.295429 0.238654 0.186304 0.144777 0.115031 0.0951749 0.0824711 0.0743287 0.0687076 0.0642373 0.0601802 0.0563051 0.0527283 0.0497701 0.0478517 0.0474469 0.0490937 0.053457 0.0613925 0.0738929 0.0917059 0.114361 0.138604 0.157425 0.162595 0.151119 0.128194 0.10224 0.0792309 0.0615321 0.0492105 0.0413747 0.0368951 0.0346783 0.0337418 0.0332406 0.0325123 0.0311399 0.0289938 0.0262067 0.0230738 0.0199239 0.0170178 0.0145061 0.0124384 0.0107977 0.00953728 0.00860581 0.00795795 0.00755399 0.00735336 0.00730727 0.00735485 0.00742496 0.00744417 0.00734863 0.00709616 0.0066742 0.00610073 0.00541788 0.00468059 0.00394446 0.00325596 0.00264724 0.00213507 0.00172296 0.00140461 0.00116755 0.000996252 0.00087452 0.000787139 0.000720991 0.000665709 0.000613955 0.000561337 0.000506037 0.000448211 0.00038929 0.00033129 0.000276255 0.000225866 0.000181252 0.000142945 0.000110955 8.4897e-05 6.41374e-05 4.7919e-05 3.54628e-05 2.60361e-05 1.8991e-05 1.37805e-05 9.95969e-06 7.17674e-06 5.16024e-06 3.70467e-06 2.6568e-06 1.90378e-06 1.36325e-06 9.75526e-07 6.97547e-07 4.98343e-07 3.55667e-07 2.53554e-07 1.80539e-07 1.28393e-07 9.12009e-08 6.47155e-08 4.58852e-08 3.25194e-08 2.30474e-08 1.63443e-08 1.16062e-08 8.25965e-09 5.89657e-09 4.22725e-09 3.04658e-09 2.20965e-09 1.61439e-09 1.18904e-09 8.83288e-10 6.61888e-10 5.00199e-10 3.80994e-10 2.92223e-10 2.25442e-10 1.7471e-10 1.35827e-10 1.05795e-10 8.24562e-11 6.42358e-11 4.99701e-11 3.87851e-11 3.00158e-11 2.31489e-11 1.77836e-11 1.36044e-11 1.03611e-11 7.85465e-12 5.92656e-12 4.45052e-12 3.32618e-12 2.47412e-12 1.83171e-12 1.34986e-12 9.90279e-13 7.23284e-13 5.26012e-13 3.80957e-13 2.74796e-13 1.97452e-13 1.4135e-13 1.00829e-13 7.16804e-14 5.07941e-14 3.58839e-14 2.52777e-14 1.77585e-14 1.24448e-14 8.7009e-15 6.07047e-15 4.22716e-15 2.93854e-15 2.03967e-15 1.41392e-15 9.79071e-16 6.77361e-16 4.68307e-16 3.23618e-16 2.23567e-16 1.54432e-16 1.06683e-16 7.37141e-17 5.09522e-17 3.52359e-17 2.43816e-17 1.68822e-17 1.1698e-17 8.11186e-18 5.62943e-18 3.90965e-18 2.71724e-18 1.88978e-18 1.31511e-18 9.15678e-19 6.37844e-19 
1.05908e-18 1.55676e-18 2.28462e-18 3.34726e-18 4.89595e-18 7.14893e-18 1.04205e-17 1.51624e-17 2.20225e-17 3.19281e-17 4.6204e-17 6.67384e-17 9.62172e-17 1.38454e-16 1.98849e-16 2.8504e-16 4.078e-16 5.82299e-16 8.29852e-16 1.18035e-15 1.67565e-15 2.3742e-15 3.35753e-15 4.73915e-15 6.67678e-15 9.38929e-15 1.31799e-14 1.8468e-14 2.58331e-14 3.60747e-14 5.02948e-14 7.00106e-14 9.73093e-14 1.3506e-13 1.87204e-13 2.59155e-13 3.58344e-13 4.94971e-13 6.83042e-13 9.41787e-13 1.29763e-12 1.78689e-12 2.45955e-12 3.38444e-12 4.65653e-12 6.40692e-12 8.81702e-12 1.21382e-11 1.67194e-11 2.30461e-11 3.1795e-11 4.39107e-11 6.07152e-11 8.4061e-11 1.16548e-10 1.6183e-10 2.25044e-10 3.13419e-10 4.37127e-10 6.1047e-10 8.53536e-10 1.1945e-09 1.67278e-09 2.3434e-09 3.28283e-09 4.59703e-09 6.43209e-09 8.98842e-09 1.25394e-08 1.74559e-08 2.42376e-08 3.35535e-08 4.62928e-08 6.36304e-08 8.71069e-08 1.18731e-07 1.61105e-07 2.17586e-07 2.92488e-07 3.91338e-07 5.21212e-07 6.91173e-07 9.12843e-07 1.20115e-06 1.57532e-06 2.06007e-06 2.68713e-06 3.49702e-06 4.54089e-06 5.88242e-06 7.59914e-06 9.7829e-06 1.25386e-05 1.59808e-05 2.02264e-05 2.53851e-05 3.1545e-05 3.87576e-05 4.70211e-05 5.62693e-05 6.63671e-05 7.71203e-05 8.83029e-05 9.97049e-05 0.000111204 0.000122857 0.00013502 0.000148483 0.000164649 0.000185742 0.000215088 0.000257488 0.000319709 0.000411162 0.000544808 0.000738384 0.00101605 0.00141058 0.00196627 0.00274268 0.00381918 0.00529992 0.00731827 0.0100383 0.0136498 0.0183519 0.0243218 0.0316683 0.0403808 0.0502958 0.0611047 0.0724203 0.0838802 0.095212 0.106168 0.116397 0.125608 0.134358 0.144986 0.161549 0.188037 0.224838 0.26372 0.285934 0.275277 0.237091 0.19018 0.147873 0.114721 0.0907968 0.074788 0.0651066 0.0601015 0.058079 0.0574218 0.0568446 0.0556491 0.0537949 0.051727 0.0500576 0.0492478 0.0493792 0.0500715 0.0506009 0.0502288 0.0486131 0.0460539 0.0434055 0.0417473 0.0420502 0.0449837 0.0508514 0.0595678 0.0706256 0.0830784 0.0956606 0.107213 0.117445 0.127704 0.141249 0.162789 0.197376 0.248158 0.311548 0.370755 0.401704 0.400557 0.385447 0.365736 0.33551 0.289982 0.234991 0.180614 0.1336 0.0962642 0.068238 0.0480516 0.0340176 0.0246245 0.0186718 0.0152787 0.0138353 0.0139312 0.0152724 0.0175996 0.0206202 0.0239814 0.0273178 0.0303839 0.0332309 0.0363388 0.040626 0.0473241 0.0577437 0.072909 0.0929773 0.116467 0.139806 0.158287 0.168671 0.171078 0.167899 0.161483 0.153166 0.143504 0.132671 0.120835 0.108474 0.0964739 0.0859844 0.0781952 0.0742126 0.0750986 0.0820652 0.096766 0.121548 0.159267 0.211575 0.27337 0.322825 0.32558 0.276856 0.209727 0.150968 0.108796 0.0825551 0.0695756 0.0676803 0.0757285 0.0933622 0.120207 0.154399 0.19053 0.218544 0.227239 0.212802 0.182505 0.147891 0.117296 0.0943037 0.0794528 0.0720799 0.0714395 0.0772582 0.0899917 0.110897 0.141842 0.184598 0.239286 0.301887 0.362317 0.407603 0.431371 0.436678 0.427929 0.411117 0.400656 0.414555 0.464634 0.551246 0.653471 0.695035 0.593335 0.432597 0.297044 0.20099 0.137209 0.0962434 0.0705553 0.0548452 0.0455911 0.040574 0.0385448 0.0390138 0.0421102 0.0484504 0.0589599 0.0745796 0.0957597 0.121685 0.14948 0.174355 0.191973 0.202166 0.210114 0.223386 0.247936 0.284952 0.32798 0.362956 0.377658 0.372832 0.3565 0.332371 0.299416 0.258108 0.213543 0.172386 0.138935 0.114288 0.097444 0.0864992 0.0793887 0.0743066 0.0699338 0.0655265 0.0608865 0.056248 0.0521287 0.0491936 0.0481822 0.0499329 0.0554962 0.0662848 0.0841205 0.110887 0.147193 0.18926 0.224907 0.236124 0.215571 0.175788 0.134069 0.0997278 0.0748193 0.0581711 0.0478027 0.0418301 0.0386777 0.0370746 0.0360305 0.0348407 0.0331063 0.0307296 0.0278541 0.0247553 0.0217206 0.0189643 0.0165981 0.0146472 0.0130863 0.0118745 0.0109765 0.0103684 0.0100302 0.00993393 0.0100308 0.0102448 0.0104762 0.0106149 0.0105611 0.0102478 0.00965554 0.00881548 0.00779902 0.00669794 0.00560321 0.0045887 0.00370321 0.00296997 0.00239117 0.00195419 0.0016377 0.00141649 0.00126492 0.00115938 0.00107975 0.0010105 0.000940974 0.000865366 0.000781992 0.000692279 0.000599535 0.000507779 0.000420799 0.000341555 0.000271916 0.000212662 0.000163676 0.000124194 9.30756e-05 6.90193e-05 5.07302e-05 3.70207e-05 2.68639e-05 1.94106e-05 1.39818e-05 1.00498e-05 7.21351e-06 5.17307e-06 3.7076e-06 2.65604e-06 1.90178e-06 1.36088e-06 9.7305e-07 6.95056e-07 4.95903e-07 3.53351e-07 2.51431e-07 1.78664e-07 1.26796e-07 8.98908e-08 6.36804e-08 4.50993e-08 3.19489e-08 2.26556e-08 1.60952e-08 1.14669e-08 8.20149e-09 5.89577e-09 4.26473e-09 3.10753e-09 2.283e-09 1.69214e-09 1.26571e-09 9.55322e-10 7.272e-10 5.57785e-10 4.3061e-10 3.34136e-10 2.60235e-10 2.03142e-10 1.58726e-10 1.23989e-10 9.67286e-11 7.52959e-11 5.84405e-11 4.51987e-11 3.48182e-11 2.67056e-11 2.03893e-11 1.54929e-11 1.1715e-11 8.81478e-12 6.59985e-12 4.91725e-12 3.64587e-12 2.69032e-12 1.97595e-12 1.44466e-12 1.05154e-12 7.62119e-13 5.50066e-13 3.95432e-13 2.83179e-13 2.02049e-13 1.43658e-13 1.01803e-13 7.1916e-14 5.0653e-14 3.55781e-14 2.49254e-14 1.74208e-14 1.21493e-14 8.45635e-15 5.8756e-15 4.07617e-15 2.82408e-15 1.95444e-15 1.35138e-15 9.33771e-16 6.44908e-16 4.45285e-16 3.07429e-16 2.12274e-16 1.4661e-16 1.013e-16 7.0031e-17 4.84455e-17 3.35377e-17 2.32357e-17 1.61115e-17 1.1181e-17 7.76569e-18 5.39786e-18 3.75476e-18 2.61354e-18 1.82022e-18 1.26832e-18 8.84078e-19 
1.43366e-18 2.11128e-18 3.10422e-18 4.55668e-18 6.67758e-18 9.76899e-18 1.42668e-17 2.07987e-17 3.02668e-17 4.39647e-17 6.37439e-17 9.22485e-17 1.33247e-16 1.92098e-16 2.76407e-16 3.96946e-16 5.68934e-16 8.1384e-16 1.16187e-15 1.65547e-15 2.35411e-15 3.34102e-15 4.73239e-15 6.69018e-15 9.43974e-15 1.3294e-14 1.8687e-14 2.62196e-14 3.67223e-14 5.13419e-14 7.16597e-14 9.98533e-14 1.38919e-13 1.92977e-13 2.67684e-13 3.70809e-13 5.13013e-13 7.08921e-13 9.78596e-13 1.34956e-12 1.8596e-12 2.56057e-12 3.52374e-12 4.84712e-12 6.66562e-12 9.16528e-12 1.26029e-11 1.73337e-11 2.38498e-11 3.28346e-11 4.52387e-11 6.23876e-11 8.6133e-11 1.19067e-10 1.64826e-10 2.28517e-10 3.17323e-10 4.41358e-10 6.14866e-10 8.57913e-10 1.19874e-09 1.67705e-09 2.34858e-09 3.29136e-09 4.61429e-09 6.46884e-09 9.06472e-09 1.26909e-08 1.77434e-08 2.47616e-08 3.44756e-08 4.78666e-08 6.62442e-08 9.13434e-08 1.25446e-07 1.71533e-07 2.3347e-07 3.16243e-07 4.26256e-07 5.71699e-07 7.63038e-07 1.01364e-06 1.34063e-06 1.76598e-06 2.31799e-06 3.03324e-06 3.95894e-06 5.15591e-06 6.70188e-06 8.69493e-06 1.12565e-05 1.45329e-05 1.86948e-05 2.39323e-05 3.04449e-05 3.84247e-05 4.80334e-05 5.93738e-05 7.24592e-05 8.71877e-05 0.000103328 0.000120527 0.000138347 0.000156332 0.000174121 0.000191585 0.000208995 0.000227223 0.000247969 0.000274033 0.000309662 0.000360991 0.000436634 0.000548461 0.000712633 0.000950975 0.00129279 0.00177729 0.00245689 0.00340164 0.00470502 0.0064911 0.00892213 0.0122044 0.0165875 0.0223503 0.0297655 0.0390364 0.0502106 0.0630872 0.0771582 0.0916419 0.105673 0.118608 0.13022 0.140617 0.150232 0.160548 0.175279 0.200777 0.244681 0.311868 0.393666 0.44916 0.427636 0.349604 0.266525 0.199258 0.149198 0.113152 0.0879734 0.0711506 0.060556 0.0542776 0.0506382 0.0483261 0.0465207 0.0449074 0.0435516 0.0426827 0.0424722 0.0428725 0.0435658 0.044053 0.0438753 0.0428756 0.0413505 0.0400019 0.0397331 0.0414214 0.0457596 0.0531637 0.0636894 0.0769078 0.0917615 0.106574 0.119535 0.129839 0.138977 0.151182 0.172714 0.210477 0.269673 0.348019 0.425277 0.467556 0.471019 0.464579 0.456347 0.425875 0.362031 0.282267 0.207807 0.147928 0.103355 0.0716103 0.0496676 0.0348916 0.0252582 0.0193197 0.0160979 0.0149653 0.0155313 0.017529 0.0207041 0.0247152 0.0290838 0.0332505 0.0367685 0.0395767 0.0422004 0.0457464 0.0516962 0.061594 0.0766591 0.0972433 0.122121 0.148057 0.170615 0.186366 0.19441 0.195463 0.19043 0.180333 0.166529 0.150374 0.133057 0.115809 0.0999556 0.0867376 0.0771466 0.0719603 0.0719267 0.0780216 0.0917142 0.115125 0.15071 0.19949 0.255963 0.300148 0.302918 0.260367 0.200264 0.146651 0.107931 0.0842545 0.0736962 0.0747974 0.0872895 0.112012 0.150151 0.201298 0.259463 0.308067 0.323235 0.295696 0.242702 0.187224 0.141736 0.109452 0.0893813 0.079442 0.0778408 0.0836143 0.0968889 0.119045 0.152698 0.201159 0.266645 0.345827 0.422305 0.466814 0.46532 0.436931 0.405166 0.382791 0.379369 0.404185 0.460933 0.538874 0.604534 0.606458 0.520907 0.394138 0.278708 0.192182 0.132749 0.0937317 0.0688237 0.0532708 0.0438162 0.0383899 0.0358192 0.0356083 0.037769 0.0426684 0.0508554 0.062824 0.0786879 0.0978122 0.118629 0.139055 0.157759 0.175734 0.196907 0.227255 0.27283 0.336084 0.407617 0.456632 0.451748 0.406209 0.353288 0.307174 0.267098 0.229733 0.194482 0.163005 0.137105 0.117563 0.10405 0.0954226 0.090079 0.0863238 0.0827071 0.0782918 0.072803 0.0666181 0.0605924 0.0558048 0.0533778 0.0544751 0.0604851 0.0733143 0.0956532 0.130892 0.181827 0.246108 0.306338 0.326921 0.290853 0.226533 0.16541 0.118958 0.0871661 0.0667853 0.0544614 0.0474739 0.0437332 0.0416598 0.0401139 0.0383736 0.0361094 0.0333154 0.0301948 0.0270277 0.0240612 0.0214497 0.0192478 0.0174403 0.0159832 0.0148387 0.0139908 0.0134441 0.0132074 0.0132721 0.0135919 0.0140708 0.0145674 0.0149155 0.014958 0.0145859 0.0137665 0.0125509 0.0110567 0.0094346 0.00783068 0.00636006 0.00509485 0.00406569 0.00327066 0.00268629 0.0022773 0.00200373 0.00182587 0.00170754 0.00161831 0.001535 0.00144239 0.00133307 0.0012063 0.00106624 0.00091977 0.000774519 0.000637281 0.000513101 0.000404955 0.000313893 0.000239445 0.000180126 0.000133901 9.85596e-05 7.1969e-05 5.22268e-05 3.77255e-05 2.71625e-05 1.95158e-05 1.40043e-05 1.00427e-05 7.19949e-06 5.16019e-06 3.69758e-06 2.64838e-06 1.8956e-06 1.35549e-06 9.68107e-07 6.90458e-07 4.91681e-07 3.49578e-07 2.4817e-07 1.75943e-07 1.24607e-07 8.81951e-08 6.24191e-08 4.42046e-08 3.13518e-08 2.22912e-08 1.59061e-08 1.14046e-08 8.22664e-09 5.97742e-09 4.37936e-09 3.23788e-09 2.41688e-09 1.82141e-09 1.38526e-09 1.06236e-09 8.20576e-10 6.37487e-10 4.97364e-10 3.8911e-10 3.04816e-10 2.38782e-10 1.86838e-10 1.45884e-10 1.13572e-10 8.81019e-11 6.8065e-11 5.23506e-11 4.00737e-11 3.05248e-11 2.31341e-11 1.74435e-11 1.30854e-11 9.76631e-12 7.25248e-12 5.35912e-12 3.94091e-12 2.88435e-12 2.10139e-12 1.52418e-12 1.10078e-12 7.91725e-13 5.67188e-13 4.04794e-13 2.87855e-13 2.03997e-13 1.44102e-13 1.01482e-13 7.12643e-14 4.9912e-14 3.4872e-14 2.43097e-14 1.69125e-14 1.1745e-14 8.14362e-15 5.6389e-15 3.90016e-15 2.69513e-15 1.86116e-15 1.28466e-15 8.86507e-16 6.11726e-16 4.22175e-16 2.9145e-16 2.01298e-16 1.39115e-16 9.62102e-17 6.65907e-17 4.61296e-17 3.19841e-17 2.21963e-17 1.54174e-17 1.0718e-17 7.45688e-18 5.1917e-18 3.61685e-18 2.52101e-18 1.75789e-18 1.2261e-18 
1.93583e-18 2.85612e-18 4.20727e-18 6.18758e-18 9.08494e-18 1.33164e-17 1.94851e-17 2.84612e-17 4.14979e-17 6.03957e-17 8.77369e-17 1.27216e-16 1.8411e-16 2.65934e-16 3.83378e-16 5.51603e-16 7.92077e-16 1.13513e-15 1.6235e-15 2.31733e-15 3.30107e-15 4.69298e-15 6.65849e-15 9.42842e-15 1.33243e-14 1.87933e-14 2.64559e-14 3.71721e-14 5.21317e-14 7.29785e-14 1.0198e-13 1.42262e-13 1.98124e-13 2.75479e-13 3.82451e-13 5.3019e-13 7.33993e-13 1.01484e-12 1.40148e-12 1.93335e-12 2.6645e-12 3.66906e-12 5.04875e-12 6.94323e-12 9.54448e-12 1.31167e-11 1.80238e-11 2.47683e-11 3.40449e-11 4.68159e-11 6.44177e-11 8.87097e-11 1.22285e-10 1.68769e-10 2.33238e-10 3.22822e-10 4.4754e-10 6.21506e-10 8.64608e-10 1.20489e-09 1.68192e-09 2.35141e-09 3.29182e-09 4.61333e-09 6.4703e-09 9.07826e-09 1.27369e-08 1.78612e-08 2.50222e-08 3.50016e-08 4.88624e-08 6.80396e-08 9.44563e-08 1.3067e-07 1.80056e-07 2.47032e-07 3.37337e-07 4.58379e-07 6.19662e-07 8.33323e-07 1.11483e-06 1.48387e-06 1.96558e-06 2.59214e-06 3.40499e-06 4.45774e-06 5.81994e-06 7.58191e-06 9.86041e-06 1.28048e-05 1.66031e-05 2.14864e-05 2.77295e-05 3.56458e-05 4.55726e-05 5.78455e-05 7.27596e-05 9.05189e-05 0.000111181 0.000134602 0.000160405 0.000187974 0.000216504 0.000245106 0.000272969 0.000299582 0.000324988 0.000350068 0.000376856 0.000408891 0.000451638 0.000513025 0.000604135 0.000740099 0.000941242 0.00123454 0.00165544 0.00225029 0.0030796 0.00422262 0.00578392 0.00790254 0.0107635 0.0146099 0.0197509 0.0265561 0.0354243 0.0467115 0.0606063 0.0769511 0.0950405 0.113517 0.130617 0.144909 0.156109 0.165168 0.173821 0.184814 0.203154 0.237291 0.299321 0.403541 0.556403 0.696032 0.640834 0.48323 0.35242 0.258138 0.19018 0.140713 0.105122 0.0803222 0.0637745 0.0532215 0.0467289 0.0427853 0.0403561 0.0388561 0.038037 0.0378261 0.038164 0.0388884 0.0397005 0.0402312 0.040193 0.0395493 0.038612 0.0380116 0.0385637 0.0411104 0.046391 0.0549441 0.0669862 0.082205 0.0994658 0.116639 0.131072 0.141151 0.148238 0.157275 0.175511 0.210542 0.267874 0.345583 0.425051 0.476248 0.498513 0.521298 0.545859 0.525845 0.4385 0.328214 0.23255 0.160644 0.109813 0.0749938 0.0516291 0.0362529 0.0264168 0.0204774 0.0173867 0.0165181 0.0175165 0.0201593 0.0242126 0.0292938 0.0347856 0.0398921 0.0439004 0.0465795 0.0484722 0.0508641 0.0554586 0.0639658 0.077718 0.0972506 0.121808 0.149074 0.175709 0.198596 0.215376 0.223785 0.222054 0.210708 0.192598 0.17088 0.14794 0.12569 0.105827 0.089664 0.078003 0.0712784 0.0698434 0.0742561 0.0854793 0.104885 0.133762 0.171676 0.212923 0.243021 0.244586 0.215594 0.172397 0.131729 0.101464 0.0832603 0.0766518 0.0813461 0.098198 0.129483 0.178509 0.24779 0.333542 0.413231 0.43956 0.390193 0.304992 0.224797 0.163998 0.12308 0.0984964 0.0864526 0.0840675 0.0897046 0.103167 0.125959 0.161528 0.215186 0.292853 0.395821 0.504274 0.557729 0.520985 0.44948 0.391083 0.358783 0.355352 0.382664 0.43795 0.50343 0.541266 0.518192 0.439363 0.338538 0.245774 0.173627 0.12243 0.0879732 0.0655242 0.051211 0.0422605 0.0368748 0.0340307 0.0332891 0.03463 0.0383052 0.0446903 0.0541183 0.0666931 0.0821397 0.0998252 0.119121 0.140138 0.164575 0.196253 0.241213 0.307439 0.40279 0.523289 0.61292 0.576565 0.46621 0.36808 0.299087 0.25172 0.216733 0.188269 0.163916 0.143461 0.127543 0.116605 0.110303 0.107415 0.106107 0.10438 0.100625 0.0941713 0.0855561 0.0762742 0.0681745 0.0629747 0.0621777 0.0673528 0.0806122 0.10511 0.145274 0.205877 0.28712 0.369643 0.3997 0.3476 0.261779 0.186269 0.131955 0.0962287 0.0740891 0.0611802 0.0541718 0.0505491 0.0484317 0.0465254 0.0441242 0.0410508 0.0374951 0.0338076 0.0303236 0.027263 0.024708 0.0226329 0.0209592 0.0196081 0.0185362 0.0177472 0.0172803 0.017183 0.0174755 0.0181183 0.0189917 0.0198971 0.0205858 0.0208125 0.0203988 0.0192867 0.0175554 0.0153943 0.0130451 0.0107381 0.00864832 0.00687902 0.00546797 0.00440434 0.00364713 0.00314003 0.00282151 0.00263135 0.00251496 0.00242664 0.00233202 0.00220949 0.0020501 0.0018557 0.00163587 0.00140411 0.00117437 0.000958515 0.00076489 0.000598046 0.000459192 0.000347052 0.000258791 0.000190833 0.000139463 0.000101219 7.3091e-05 5.25987e-05 3.77724e-05 2.70961e-05 1.94301e-05 1.39332e-05 9.99273e-06 7.16695e-06 5.13919e-06 3.68314e-06 2.63724e-06 1.886e-06 1.3467e-06 9.59968e-07 6.83057e-07 4.85157e-07 3.44029e-07 2.43619e-07 1.72348e-07 1.21875e-07 8.62057e-08 6.10428e-08 4.33155e-08 3.0836e-08 2.20508e-08 1.58606e-08 1.14898e-08 8.39318e-09 6.18845e-09 4.60838e-09 3.46664e-09 2.6335e-09 2.0188e-09 1.55988e-09 1.21313e-09 9.48088e-10 7.43384e-10 5.83879e-10 4.58731e-10 3.60059e-10 2.82035e-10 2.20275e-10 1.71415e-10 1.32837e-10 1.02468e-10 7.86559e-11 6.00694e-11 4.56353e-11 3.44862e-11 2.59228e-11 1.93831e-11 1.44177e-11 1.06694e-11 7.85608e-12 5.75634e-12 4.19782e-12 3.04723e-12 2.20222e-12 1.58476e-12 1.13576e-12 8.10803e-13 5.76666e-13 4.08695e-13 2.88684e-13 2.03275e-13 1.42715e-13 9.99245e-14 6.97884e-14 4.86294e-14 3.38154e-14 2.3471e-14 1.62648e-14 1.12555e-14 7.78015e-15 5.37298e-15 3.70808e-15 2.55793e-15 1.76413e-15 1.21664e-15 8.39219e-16 5.79089e-16 3.998e-16 2.76204e-16 1.90966e-16 1.32148e-16 9.15314e-17 6.34601e-17 4.40408e-17 3.05933e-17 2.12713e-17 1.48023e-17 1.03086e-17 7.1838e-18 5.00899e-18 3.49406e-18 2.43804e-18 1.70147e-18 
2.60716e-18 3.85381e-18 5.68768e-18 8.38077e-18 1.23288e-17 1.81062e-17 2.65454e-17 3.88499e-17 5.67564e-17 8.27655e-17 1.2047e-16 1.75023e-16 2.53793e-16 3.67303e-16 5.30543e-16 7.64817e-16 1.10034e-15 1.57988e-15 2.26382e-15 3.23725e-15 4.61982e-15 6.57944e-15 9.3512e-15 1.32637e-14 1.87751e-14 2.65235e-14 3.73953e-14 5.26202e-14 7.39012e-14 1.03593e-13 1.44945e-13 2.0244e-13 2.82247e-13 3.92854e-13 5.45919e-13 7.57447e-13 1.04939e-12 1.45186e-12 2.00608e-12 2.76856e-12 3.81671e-12 5.25655e-12 7.23342e-12 9.94659e-12 1.36695e-11 1.87778e-11 2.5788e-11 3.54117e-11 4.86304e-11 6.6801e-11 9.18031e-11 1.26246e-10 1.73762e-10 2.39418e-10 3.30299e-10 4.5634e-10 6.31497e-10 8.75412e-10 1.21578e-09 1.69167e-09 2.35828e-09 3.29351e-09 4.60729e-09 6.45448e-09 9.05283e-09 1.27075e-08 1.78449e-08 2.50577e-08 3.51661e-08 4.9298e-08 6.89947e-08 9.63477e-08 1.34173e-07 1.86231e-07 2.57503e-07 3.54531e-07 4.85831e-07 6.62405e-07 8.98365e-07 1.2117e-06 1.62528e-06 2.16808e-06 2.87693e-06 3.79878e-06 4.99391e-06 6.54022e-06 8.53915e-06 1.11232e-05 1.44656e-05 1.87908e-05 2.43865e-05 3.16128e-05 4.09079e-05 5.27832e-05 6.78045e-05 8.65531e-05 0.000109563 0.000137233 0.00016973 0.000206876 0.00024808 0.000292303 0.000338123 0.000383883 0.000427965 0.000469124 0.000506899 0.000542034 0.000576911 0.000616017 0.000666466 0.000738648 0.000847056 0.00101132 0.00125748 0.00161944 0.00214067 0.00287614 0.0038948 0.00528333 0.00715216 0.00964563 0.0129574 0.0173508 0.0231804 0.0309032 0.0410643 0.0542298 0.0708365 0.0909138 0.113664 0.137065 0.158038 0.173835 0.183982 0.190702 0.197496 0.208295 0.228592 0.267447 0.339079 0.463939 0.667122 0.922299 0.809877 0.586737 0.430895 0.320252 0.237006 0.173394 0.126052 0.0923568 0.0694969 0.054696 0.0455441 0.0401608 0.0372135 0.0358423 0.0355346 0.0359793 0.0369311 0.0381159 0.0392037 0.0398616 0.0398719 0.0392631 0.0383812 0.0378615 0.0385186 0.0412131 0.0467406 0.0557401 0.0685605 0.0850025 0.103898 0.12275 0.138135 0.14758 0.152108 0.156919 0.169445 0.196723 0.242974 0.305918 0.372646 0.426645 0.470935 0.525819 0.584996 0.580191 0.477214 0.348644 0.242543 0.165665 0.112651 0.0769589 0.053305 0.0378758 0.0280672 0.0221818 0.0191771 0.0184679 0.0197608 0.0228964 0.0276802 0.0337063 0.0402317 0.0462225 0.050681 0.0531779 0.0542472 0.0553224 0.0582785 0.0649214 0.0766352 0.0941375 0.117261 0.144869 0.175069 0.205362 0.231921 0.248912 0.251081 0.238426 0.215961 0.189076 0.161282 0.134925 0.111853 0.0933319 0.0799467 0.0717958 0.0688377 0.0711761 0.0791886 0.0934175 0.114051 0.139725 0.165723 0.183311 0.183872 0.166636 0.1398 0.113198 0.0929266 0.0813895 0.0792983 0.0873576 0.107303 0.142458 0.197753 0.27843 0.38453 0.492669 0.530998 0.458575 0.345595 0.247818 0.177501 0.131716 0.104808 0.0917881 0.0890526 0.0944922 0.107628 0.129946 0.16534 0.220407 0.303941 0.422636 0.560226 0.626885 0.557061 0.452765 0.37736 0.337936 0.330824 0.352679 0.397095 0.445425 0.464559 0.432545 0.36232 0.281165 0.20802 0.150427 0.108684 0.0799964 0.0609394 0.0485307 0.0405468 0.0355216 0.0326291 0.0315344 0.0322483 0.0349975 0.0401107 0.0479122 0.0586302 0.0723558 0.0891245 0.109189 0.133469 0.164056 0.204622 0.260853 0.341278 0.45809 0.620311 0.767012 0.686828 0.510976 0.380912 0.299806 0.251394 0.221271 0.199294 0.179913 0.161911 0.146841 0.136714 0.132353 0.132912 0.136056 0.138455 0.136762 0.129139 0.116355 0.101307 0.087393 0.077304 0.0728482 0.0754719 0.0869756 0.110153 0.149072 0.208118 0.28708 0.366665 0.395322 0.34507 0.261744 0.188003 0.134963 0.100393 0.0795053 0.0679888 0.062389 0.0599252 0.0584076 0.0563506 0.0531034 0.0487739 0.0439172 0.0391659 0.0349796 0.0315645 0.0289115 0.0268837 0.0253094 0.0240521 0.0230499 0.0223225 0.021949 0.0220256 0.0226139 0.0236899 0.0251098 0.0266033 0.0278079 0.0283467 0.0279316 0.0264577 0.024041 0.0209783 0.0176485 0.014405 0.0115063 0.00909484 0.00721312 0.00583398 0.00489 0.00429492 0.00395695 0.0037868 0.00370322 0.0036379 0.0035399 0.00337857 0.00314387 0.00284344 0.00249714 0.00213033 0.00176791 0.00143002 0.0011301 0.000874788 0.00066504 0.00049787 0.000368 0.000269246 0.000195459 0.000141097 0.000101478 7.28292e-05 5.22226e-05 3.7445e-05 2.68604e-05 1.92783e-05 1.38421e-05 9.93965e-06 7.1348e-06 5.11718e-06 3.66543e-06 2.62122e-06 1.87089e-06 1.3326e-06 9.472e-07 6.71935e-07 4.75841e-07 3.36522e-07 2.37798e-07 1.68013e-07 1.1879e-07 8.41297e-08 5.97527e-08 4.26153e-08 3.05618e-08 2.20707e-08 1.60716e-08 1.18144e-08 8.77445e-09 6.58644e-09 4.99622e-09 3.82742e-09 2.95775e-09 2.30236e-09 1.80227e-09 1.41628e-09 1.11539e-09 8.78971e-10 6.92147e-10 5.43985e-10 4.26303e-10 3.32855e-10 2.58781e-10 2.00241e-10 1.5416e-10 1.18056e-10 8.99183e-11 6.81108e-11 5.13082e-11 3.84392e-11 2.86423e-11 2.12289e-11 1.56527e-11 1.14828e-11 8.38238e-12 6.09006e-12 4.40436e-12 3.17123e-12 2.27372e-12 1.62365e-12 1.15499e-12 8.18611e-13 5.78207e-13 4.07083e-13 2.85739e-13 2.00003e-13 1.39631e-13 9.72528e-14 6.75927e-14 4.68896e-14 3.2474e-14 2.24587e-14 1.55142e-14 1.07072e-14 7.38464e-15 5.09089e-15 3.50889e-15 2.41854e-15 1.66738e-15 1.14999e-15 7.93614e-16 5.48078e-16 3.78832e-16 2.62097e-16 1.81517e-16 1.25843e-16 8.73365e-17 6.06752e-17 4.21943e-17 2.93692e-17 2.04591e-17 1.42623e-17 9.94829e-18 6.94234e-18 4.84622e-18 3.38359e-18 2.36249e-18 
3.50212e-18 5.18639e-18 7.66888e-18 1.13217e-17 1.66874e-17 2.45552e-17 3.6071e-17 5.28952e-17 7.74289e-17 1.13136e-16 1.65006e-16 2.40204e-16 3.49004e-16 5.06104e-16 7.32479e-16 1.058e-15 1.52512e-15 2.19403e-15 3.14985e-15 4.51279e-15 6.45212e-15 9.20575e-15 1.31073e-14 1.86239e-14 2.64077e-14 3.73678e-14 5.27693e-14 7.43685e-14 1.046e-13 1.46835e-13 2.05727e-13 2.877e-13 4.01602e-13 5.59608e-13 7.78449e-13 1.0811e-12 1.49906e-12 2.07553e-12 2.86967e-12 3.9625e-12 5.46491e-12 7.5287e-12 1.03617e-11 1.42485e-11 1.95792e-11 2.68883e-11 3.69101e-11 5.06534e-11 6.9507e-11 9.53863e-11 1.30938e-10 1.79827e-10 2.47142e-10 3.39966e-10 4.68185e-10 6.45631e-10 8.9171e-10 1.23371e-09 1.7101e-09 2.37514e-09 3.30555e-09 4.60979e-09 6.44122e-09 9.01648e-09 1.26412e-08 1.77453e-08 2.4932e-08 3.50441e-08 4.92531e-08 6.91788e-08 9.70467e-08 1.35892e-07 1.89823e-07 2.64354e-07 3.6682e-07 5.06891e-07 6.97192e-07 9.54065e-07 1.29847e-06 1.75711e-06 2.3638e-06 3.16123e-06 4.20331e-06 5.55836e-06 7.31356e-06 9.5813e-06 1.25078e-05 1.62852e-05 2.11665e-05 2.74846e-05 3.56729e-05 4.62856e-05 6.00116e-05 7.76762e-05 0.000100218 0.000128634 0.00016388 0.000206726 0.000257573 0.000316262 0.000381903 0.000452795 0.000526484 0.0006 0.000670279 0.00073473 0.000791886 0.000842052 0.000887933 0.000935234 0.000993322 0.00107602 0.00120263 0.00139919 0.00169993 0.00214877 0.00280066 0.00372255 0.00499399 0.00670806 0.00897439 0.0119276 0.0157452 0.0206782 0.0270911 0.035501 0.0465922 0.0611712 0.0800084 0.103475 0.130879 0.159647 0.185229 0.203203 0.212841 0.217977 0.223915 0.234965 0.25552 0.293021 0.359766 0.47103 0.632508 0.781681 0.754455 0.622012 0.495702 0.38579 0.289869 0.210486 0.14967 0.106211 0.076873 0.0580371 0.046571 0.040082 0.0368767 0.0358188 0.0361648 0.0374073 0.0391424 0.0409779 0.0425041 0.0433417 0.0432599 0.0423096 0.0408946 0.0397293 0.0397065 0.0417486 0.0466964 0.0552284 0.0677388 0.084068 0.103034 0.121981 0.13712 0.145502 0.147758 0.148761 0.15533 0.173334 0.20566 0.250503 0.300989 0.350577 0.402314 0.464458 0.523471 0.52309 0.438468 0.326735 0.231046 0.160209 0.110718 0.0770967 0.0546538 0.0399048 0.030434 0.0246648 0.0216521 0.0209035 0.0222164 0.0255117 0.030648 0.0372193 0.0443993 0.0509766 0.055728 0.0580531 0.058449 0.0584194 0.0599111 0.0647382 0.0742797 0.0894034 0.110475 0.137391 0.169504 0.204943 0.238898 0.262712 0.268137 0.254726 0.229419 0.199419 0.169 0.140654 0.116165 0.0966458 0.0824596 0.0734348 0.0692269 0.0695867 0.0744378 0.0837293 0.0970227 0.112805 0.127812 0.137314 0.137361 0.127817 0.112718 0.0974624 0.0861516 0.0810186 0.0831981 0.0937829 0.114732 0.149484 0.202998 0.280389 0.381323 0.48265 0.517452 0.448855 0.340702 0.246054 0.177629 0.133048 0.106953 0.0944558 0.0919227 0.0971094 0.109333 0.129831 0.162194 0.212544 0.288681 0.395171 0.513978 0.570008 0.514361 0.424806 0.357423 0.320557 0.310044 0.320998 0.34652 0.371943 0.375307 0.344178 0.288294 0.226175 0.170487 0.126225 0.0936404 0.070864 0.0554667 0.04523 0.0384468 0.0339841 0.0312264 0.0299651 0.0302767 0.0324168 0.0367391 0.0436398 0.0535295 0.0668507 0.0841746 0.106392 0.134966 0.17214 0.220954 0.285087 0.368945 0.477973 0.611229 0.709748 0.642151 0.492448 0.374294 0.302098 0.264127 0.24542 0.232381 0.216356 0.196527 0.177805 0.165581 0.162567 0.168381 0.179807 0.190905 0.19428 0.184995 0.164395 0.138826 0.114925 0.0968618 0.0865122 0.08469 0.0922499 0.11077 0.142621 0.18969 0.248978 0.303735 0.321846 0.288464 0.22869 0.171473 0.128296 0.0997892 0.0831633 0.0751355 0.0725792 0.0725491 0.0724444 0.0704721 0.066072 0.0598438 0.0529606 0.0465136 0.0411571 0.037081 0.0341505 0.0320781 0.0305637 0.0293869 0.0284509 0.0277842 0.027508 0.0277778 0.0287113 0.0303157 0.0324299 0.0347029 0.036627 0.0376413 0.0372912 0.0353905 0.0320998 0.0278693 0.0232747 0.0188412 0.0149367 0.0117491 0.00932018 0.00759715 0.00647599 0.00583055 0.00552859 0.00544071 0.00544731 0.00544642 0.00536195 0.00515011 0.004801 0.00433388 0.00378744 0.00320794 0.00263872 0.0021133 0.00165263 0.00126577 0.00095242 0.000706188 0.000517499 0.000375847 0.000271234 0.000194942 0.000139805 0.000100196 7.18346e-05 5.15482e-05 3.70301e-05 2.66241e-05 1.91506e-05 1.37732e-05 9.89836e-06 7.10434e-06 5.08986e-06 3.63879e-06 2.59527e-06 1.84652e-06 1.31071e-06 9.28407e-07 6.56464e-07 4.63607e-07 3.27224e-07 2.31023e-07 1.63311e-07 1.15727e-07 8.23153e-08 5.8856e-08 4.23664e-08 3.07481e-08 2.25297e-08 1.66831e-08 1.24921e-08 9.45902e-09 7.23903e-09 5.59347e-09 4.35724e-09 3.416e-09 2.69028e-09 2.12451e-09 1.67944e-09 1.32696e-09 1.04659e-09 8.2311e-10 6.44954e-10 5.03152e-10 3.90617e-10 3.01666e-10 2.31695e-10 1.76952e-10 1.34372e-10 1.01455e-10 7.61653e-11 5.68587e-11 4.22119e-11 3.11692e-11 2.28946e-11 1.67311e-11 1.21667e-11 8.80559e-12 6.34398e-12 4.55057e-12 3.25055e-12 2.31272e-12 1.63928e-12 1.15782e-12 8.15041e-13 5.71958e-13 4.00214e-13 2.79296e-13 1.94439e-13 1.35068e-13 9.36441e-14 6.48148e-14 4.47964e-14 3.09242e-14 2.13281e-14 1.46999e-14 1.01273e-14 6.97577e-15 4.80524e-15 3.31096e-15 2.28244e-15 1.57444e-15 1.08693e-15 7.5107e-16 5.19526e-16 3.59757e-16 2.49404e-16 1.73097e-16 1.2027e-16 8.36536e-17 5.82419e-17 4.05852e-17 2.83028e-17 1.97499e-17 1.37883e-17 9.62956e-18 6.72645e-18 4.69878e-18 3.28202e-18 
4.69177e-18 6.96114e-18 1.03126e-17 1.5254e-17 2.25269e-17 3.32129e-17 4.88855e-17 7.18296e-17 1.05356e-16 1.54253e-16 2.25428e-16 3.28826e-16 4.78736e-16 6.95638e-16 1.00882e-15 1.46008e-15 2.10893e-15 3.0399e-15 4.37281e-15 6.27707e-15 8.99176e-15 1.28534e-14 1.83349e-14 2.60988e-14 3.70721e-14 5.25489e-14 7.43315e-14 1.04926e-13 1.47811e-13 2.07803e-13 2.91565e-13 4.08295e-13 5.70674e-13 7.96159e-13 1.10875e-12 1.54141e-12 2.13935e-12 2.96456e-12 4.10192e-12 5.66762e-12 7.82063e-12 1.07784e-11 1.48385e-11 2.04076e-11 2.80426e-11 3.85057e-11 5.28415e-11 7.24827e-11 9.93973e-11 1.36293e-10 1.869e-10 2.56373e-10 3.5185e-10 4.83236e-10 6.64325e-10 9.1437e-10 1.26033e-09 1.74007e-09 2.40686e-09 3.3359e-09 4.63345e-09 6.44993e-09 8.99832e-09 1.25802e-08 1.76224e-08 2.47273e-08 3.47438e-08 4.88632e-08 6.87503e-08 9.6719e-08 1.35966e-07 1.90877e-07 2.6742e-07 3.73651e-07 5.2034e-07 7.21751e-07 9.96578e-07 1.36908e-06 1.87041e-06 2.54025e-06 3.42869e-06 4.5987e-06 6.12926e-06 8.11963e-06 1.06955e-05 1.40178e-05 1.82951e-05 2.38021e-05 3.09029e-05 4.00828e-05 5.19842e-05 6.74458e-05 8.75357e-05 0.000113566 0.000147076 0.000189753 0.000243287 0.000309129 0.000388182 0.000480431 0.000584618 0.000698027 0.000816521 0.00093489 0.00104754 0.00114947 0.00123729 0.00131033 0.00137147 0.00142799 0.00149233 0.00158312 0.0017265 0.00195775 0.00232316 0.00288176 0.0037063 0.00488272 0.00650748 0.00868268 0.0115114 0.0150985 0.0195671 0.0250993 0.0320035 0.040795 0.0522522 0.0674016 0.0873578 0.112899 0.143619 0.176736 0.20669 0.227797 0.239359 0.246815 0.256581 0.271593 0.292627 0.323564 0.374232 0.455097 0.562235 0.656804 0.684042 0.643609 0.563424 0.458591 0.347116 0.248791 0.173122 0.119828 0.0845143 0.0623017 0.0491557 0.0421086 0.0390977 0.0387256 0.0400408 0.0423587 0.0451232 0.0478114 0.0498954 0.0508898 0.0504901 0.0487466 0.0461568 0.043593 0.0421032 0.042705 0.0462567 0.0533936 0.0644357 0.0791543 0.0963513 0.11347 0.126937 0.13394 0.134818 0.133575 0.135811 0.146138 0.166688 0.196611 0.232834 0.272887 0.317434 0.365948 0.404272 0.402585 0.350378 0.274732 0.203355 0.146763 0.105341 0.0762644 0.0563593 0.0429636 0.0341005 0.0284459 0.025231 0.0241106 0.025008 0.0279416 0.0328315 0.0392937 0.0464809 0.0531198 0.0578981 0.0601277 0.0602383 0.0596722 0.0602912 0.0637972 0.0714846 0.0842758 0.102854 0.12772 0.158915 0.194936 0.230726 0.256857 0.264271 0.252179 0.227701 0.1984 0.168794 0.141408 0.117902 0.0992125 0.0855183 0.0764815 0.0716027 0.0704641 0.0727677 0.0781848 0.08607 0.095139 0.103325 0.108187 0.108023 0.10304 0.0954325 0.0882353 0.0840481 0.0844981 0.0904549 0.102667 0.122534 0.152671 0.196698 0.257352 0.331091 0.397576 0.417213 0.372258 0.29516 0.221449 0.16508 0.127201 0.104765 0.0941405 0.0922997 0.0972001 0.108061 0.125712 0.152852 0.193822 0.252994 0.329669 0.406677 0.444997 0.425256 0.379245 0.339425 0.314744 0.302948 0.30056 0.303859 0.305398 0.294445 0.265253 0.222808 0.177249 0.136321 0.103418 0.0788605 0.0614487 0.0494948 0.0413862 0.0358527 0.0320574 0.0295791 0.0283326 0.0284711 0.0303055 0.0342547 0.0408328 0.0506687 0.0645629 0.0835852 0.109196 0.143334 0.188331 0.246377 0.318082 0.400095 0.483714 0.55388 0.57889 0.527391 0.433433 0.352519 0.305632 0.29024 0.292971 0.294572 0.28006 0.251126 0.22149 0.202977 0.20073 0.21491 0.241544 0.270703 0.285932 0.273672 0.237205 0.192236 0.151872 0.121819 0.103116 0.0951247 0.0971414 0.109022 0.131037 0.16263 0.19953 0.23035 0.239263 0.220077 0.183801 0.146087 0.116018 0.096134 0.0857296 0.0828332 0.0848183 0.0885307 0.0907219 0.0890607 0.0830995 0.0742148 0.0645218 0.0557552 0.0488043 0.0438097 0.0404626 0.0382828 0.03681 0.0357153 0.0348484 0.0342364 0.0340414 0.0344872 0.0357649 0.0379336 0.0408335 0.0440358 0.0468645 0.0485212 0.0483168 0.0459365 0.0415897 0.0359313 0.0298011 0.023947 0.0188693 0.014804 0.0117854 0.00972567 0.00847534 0.00785952 0.00769482 0.00779784 0.00799392 0.00813011 0.00809122 0.00781356 0.00728961 0.00656061 0.00569898 0.00478709 0.00389889 0.00308882 0.00238851 0.00180919 0.00134709 0.000989367 0.000719113 0.000518849 0.000372632 0.000267008 0.000191236 0.000137078 9.84074e-05 7.07658e-05 5.0962e-05 3.67328e-05 2.64808e-05 1.90783e-05 1.37266e-05 9.85681e-06 7.0609e-06 5.0444e-06 3.59364e-06 2.55305e-06 1.80916e-06 1.27921e-06 9.02992e-07 6.36779e-07 4.48969e-07 3.1681e-07 2.23999e-07 1.58906e-07 1.13275e-07 8.12681e-08 5.8776e-08 4.29166e-08 3.1676e-08 2.36518e-08 1.78705e-08 1.36582e-08 1.0549e-08 8.22174e-09 6.45461e-09 5.09423e-09 4.03399e-09 3.19915e-09 2.53663e-09 2.00809e-09 1.58525e-09 1.24679e-09 9.76222e-10 7.60538e-10 5.89301e-10 4.54025e-10 3.47755e-10 2.64779e-10 2.00402e-10 1.5078e-10 1.12782e-10 8.38761e-11 6.20296e-11 4.56234e-11 3.33793e-11 2.42966e-11 1.75985e-11 1.26868e-11 9.10468e-12 6.50581e-12 4.62973e-12 3.28186e-12 2.31788e-12 1.63142e-12 1.14458e-12 8.00628e-13 5.58502e-13 3.88628e-13 2.69816e-13 1.86955e-13 1.29316e-13 8.93161e-14 6.16148e-14 4.24653e-14 2.92477e-14 2.01359e-14 1.38607e-14 9.54193e-15 6.57092e-15 4.52737e-15 3.1216e-15 2.15422e-15 1.48814e-15 1.02916e-15 7.12581e-16 4.93987e-16 3.42868e-16 2.38263e-16 1.65759e-16 1.15439e-16 8.04698e-17 5.61392e-17 3.91914e-17 2.73741e-17 1.91271e-17 1.33674e-17 9.34252e-18 6.52886e-18 4.56145e-18 
6.26852e-18 9.31786e-18 1.38301e-17 2.04961e-17 3.03273e-17 4.48015e-17 6.60737e-17 9.72799e-17 1.42974e-16 2.09755e-16 3.07166e-16 4.48975e-16 6.55002e-16 9.53721e-16 1.38594e-15 2.00999e-15 2.90914e-15 4.20184e-15 6.05636e-15 8.71108e-15 1.2503e-14 1.79072e-14 2.55926e-14 3.6498e-14 5.19388e-14 7.37538e-14 1.04508e-13 1.47772e-13 2.08508e-13 2.93597e-13 4.12562e-13 5.78566e-13 8.09767e-13 1.13118e-12 1.57722e-12 2.19515e-12 3.04984e-12 4.23023e-12 5.8581e-12 8.10014e-12 1.11843e-11 1.54223e-11 2.12401e-11 2.92198e-11 4.01572e-11 5.51403e-11 7.56572e-11 1.03746e-10 1.42199e-10 1.94849e-10 2.66966e-10 3.65809e-10 5.01399e-10 6.87608e-10 9.43691e-10 1.29646e-09 1.78334e-09 2.45681e-09 3.39057e-09 4.68852e-09 6.49743e-09 9.02511e-09 1.25661e-08 1.75383e-08 2.45343e-08 3.43939e-08 4.83045e-08 6.79404e-08 9.56531e-08 1.34729e-07 1.89735e-07 2.66972e-07 3.75072e-07 5.25751e-07 7.34769e-07 1.0231e-06 1.41838e-06 1.95659e-06 2.68405e-06 3.65975e-06 4.95812e-06 6.67223e-06 8.91802e-06 1.18399e-05 1.56186e-05 2.04832e-05 2.67286e-05 3.47415e-05 4.50374e-05 5.83102e-05 7.54944e-05 9.78358e-05 0.000126961 0.000164924 0.000214208 0.00027763 0.000358132 0.000458401 0.000580332 0.000724381 0.000888904 0.00106969 0.00125991 0.00145058 0.00163176 0.00179412 0.00193084 0.00203922 0.00212205 0.00218855 0.00225538 0.00234784 0.00250169 0.00276549 0.00320338 0.00389752 0.00494913 0.0064765 0.00860752 0.011465 0.0151462 0.0197044 0.025152 0.0315092 0.0389135 0.0477686 0.0588678 0.073402 0.0927726 0.118106 0.149331 0.183908 0.216413 0.241442 0.2592 0.27648 0.299806 0.328162 0.35376 0.373992 0.400868 0.450988 0.528323 0.615638 0.680546 0.693453 0.640551 0.530228 0.397864 0.280059 0.191269 0.130232 0.0907096 0.0664761 0.0526868 0.0459057 0.0437784 0.0446891 0.0474872 0.0512939 0.0553731 0.0590475 0.0616578 0.062599 0.0614816 0.0583672 0.0539019 0.0491995 0.045532 0.044032 0.0455405 0.0505714 0.0592734 0.0712718 0.0853706 0.0993236 0.110199 0.115762 0.116176 0.11434 0.11438 0.119748 0.132167 0.151527 0.176541 0.205888 0.238457 0.270792 0.293138 0.292059 0.263546 0.218624 0.17171 0.131189 0.0995571 0.0762845 0.0597552 0.0481959 0.0401035 0.0344395 0.0306669 0.0286579 0.0285214 0.0304059 0.0343046 0.0398732 0.0463066 0.052397 0.0569044 0.0591565 0.0594858 0.059127 0.0596806 0.0625973 0.0689822 0.0796747 0.0954095 0.116838 0.144145 0.175957 0.207712 0.231372 0.239436 0.230902 0.211155 0.1865 0.161151 0.137619 0.117468 0.101464 0.0896392 0.0815747 0.0767669 0.0748378 0.0755134 0.0784413 0.0829793 0.088083 0.0924072 0.0946906 0.0943348 0.0918434 0.0887517 0.0870422 0.0884255 0.0938592 0.10347 0.11696 0.13444 0.157204 0.187464 0.226281 0.269581 0.304156 0.311301 0.284028 0.235964 0.18601 0.145143 0.11649 0.0992296 0.0912531 0.0904094 0.0950604 0.104442 0.118979 0.140401 0.171282 0.21344 0.264592 0.314315 0.346478 0.354566 0.349319 0.342914 0.336502 0.32483 0.306405 0.284911 0.262486 0.237013 0.206276 0.171789 0.137692 0.107675 0.0835317 0.0653835 0.0523947 0.0433708 0.0371419 0.0327777 0.0296804 0.0275878 0.0265175 0.0266929 0.0284871 0.0324052 0.0391073 0.0494709 0.0646816 0.0863332 0.116482 0.157568 0.212054 0.281482 0.363944 0.448463 0.511204 0.530221 0.504301 0.446305 0.379723 0.330305 0.312728 0.328758 0.366053 0.393001 0.376573 0.325562 0.274779 0.245411 0.243758 0.27043 0.322794 0.388393 0.432226 0.413142 0.342221 0.262584 0.197456 0.151332 0.122171 0.106816 0.102569 0.107479 0.12004 0.138274 0.158285 0.173415 0.176463 0.165062 0.144056 0.12133 0.10288 0.0915385 0.0878267 0.0907991 0.0982487 0.106681 0.111907 0.110764 0.102918 0.090819 0.0778187 0.0664079 0.0576906 0.0517037 0.0479234 0.0456521 0.044253 0.0432717 0.0424875 0.0419119 0.0417432 0.0422799 0.0438052 0.0464567 0.050103 0.0542568 0.0580687 0.0604652 0.0604611 0.0575637 0.0520276 0.044756 0.0369081 0.0294917 0.0231536 0.0181768 0.0145835 0.0122467 0.0109688 0.0105215 0.0106606 0.0111316 0.0116806 0.0120761 0.0121401 0.0117771 0.0109858 0.00984721 0.00849309 0.00706714 0.00569319 0.00445762 0.00340618 0.00255062 0.00187928 0.0013677 0.000986798 0.000708162 0.000506919 0.00036277 0.000259961 0.000186706 0.000134427 9.69958e-05 7.00894e-05 5.06734e-05 3.66191e-05 2.64261e-05 1.90292e-05 1.36653e-05 9.78286e-06 6.98058e-06 4.96488e-06 3.52051e-06 2.48968e-06 1.7569e-06 1.23798e-06 8.71763e-07 6.14098e-07 4.33253e-07 3.06548e-07 2.17858e-07 1.55772e-07 1.12253e-07 8.16618e-08 6.00595e-08 4.47035e-08 3.36909e-08 2.57053e-08 1.98387e-08 1.54658e-08 1.21563e-08 9.61397e-09 7.63408e-09 6.07414e-09 4.83388e-09 3.84154e-09 3.04471e-09 2.40415e-09 1.88972e-09 1.47771e-09 1.14905e-09 8.88224e-10 6.82425e-10 5.21071e-10 3.95401e-10 2.98192e-10 2.23513e-10 1.66538e-10 1.23363e-10 9.08642e-11 6.65598e-11 4.84983e-11 3.51579e-11 2.53624e-11 1.82106e-11 1.30172e-11 9.26543e-12 6.56853e-12 4.639e-12 3.26465e-12 2.28986e-12 1.6012e-12 1.11649e-12 7.76509e-13 5.38808e-13 3.73107e-13 2.57906e-13 1.78006e-13 1.22709e-13 8.45102e-14 5.81634e-14 4.00147e-14 2.75254e-14 1.89367e-14 1.30327e-14 8.97472e-15 6.18516e-15 4.26676e-15 2.94662e-15 2.03739e-15 1.41051e-15 9.77804e-16 6.78728e-16 4.71732e-16 3.28261e-16 2.28681e-16 1.59468e-16 1.113e-16 7.7736e-17 5.43238e-17 3.79773e-17 2.65554e-17 1.85697e-17 1.2984e-17 9.07605e-18 6.34177e-18 
8.35221e-18 1.24381e-17 1.84961e-17 2.74635e-17 4.07157e-17 6.02665e-17 8.9059e-17 1.31385e-16 1.93492e-16 2.84451e-16 4.17411e-16 6.11381e-16 8.9379e-16 1.30412e-15 1.89909e-15 2.75994e-15 4.00286e-15 5.79352e-15 8.3677e-15 1.20601e-14 1.73447e-14 2.48912e-14 3.56438e-14 5.09304e-14 7.26141e-14 1.03304e-13 1.46645e-13 2.07717e-13 2.93591e-13 4.1408e-13 5.82786e-13 8.18523e-13 1.14727e-12 1.60484e-12 2.24054e-12 3.12212e-12 4.34262e-12 6.02959e-12 8.35774e-12 1.15662e-11 1.59818e-11 2.20516e-11 3.03858e-11 4.18181e-11 5.74867e-11 7.89459e-11 1.08319e-10 1.48508e-10 2.03484e-10 2.78681e-10 3.81556e-10 5.22348e-10 7.15154e-10 9.79425e-10 1.34207e-09 1.84045e-09 2.52657e-09 3.47308e-09 4.78187e-09 6.59622e-09 9.11834e-09 1.26343e-08 1.755e-08 2.44413e-08 3.41274e-08 4.77716e-08 6.70252e-08 9.42266e-08 1.32676e-07 1.87012e-07 2.63718e-07 3.71796e-07 5.23656e-07 7.36257e-07 1.03255e-06 1.44329e-06 2.0092e-06 2.78355e-06 3.83521e-06 5.252e-06 7.14465e-06 9.65124e-06 1.29426e-05 1.72292e-05 2.27713e-05 2.98938e-05 3.90096e-05 5.06563e-05 6.55496e-05 8.46609e-05 0.000109319 0.000141336 0.000183137 0.000237877 0.00030949 0.000402604 0.000522252 0.000673298 0.000859556 0.00108263 0.00134068 0.00162741 0.00193174 0.00223846 0.00253016 0.00279004 0.00300509 0.00316888 0.00328344 0.00336047 0.00342224 0.00350311 0.00365209 0.00393652 0.00444647 0.00529906 0.00664087 0.00864549 0.011501 0.0153812 0.0203968 0.0265354 0.0336222 0.0413618 0.049515 0.0581891 0.0680936 0.0805713 0.097306 0.119719 0.148072 0.180483 0.212925 0.242111 0.27036 0.30632 0.357626 0.418065 0.459438 0.460979 0.44955 0.464651 0.522614 0.616092 0.710858 0.74734 0.692597 0.567435 0.420184 0.292441 0.198166 0.134463 0.0939434 0.0697634 0.0567753 0.051387 0.051125 0.0542204 0.0592988 0.0651947 0.0708828 0.0754748 0.0782124 0.0784696 0.0758773 0.0705948 0.063493 0.0559902 0.0496122 0.0455943 0.0447167 0.0473194 0.0533368 0.0622374 0.0728698 0.0833918 0.0916182 0.0959622 0.09648 0.0950558 0.0944759 0.0972014 0.104642 0.11707 0.133958 0.154351 0.176698 0.197776 0.211891 0.212908 0.198955 0.174294 0.145808 0.118957 0.0965599 0.0793212 0.0666387 0.0572986 0.0500615 0.044097 0.0391577 0.0354664 0.033445 0.0334446 0.035553 0.0394736 0.0444797 0.049515 0.053521 0.0559141 0.0569113 0.0574366 0.0586952 0.0617661 0.0674564 0.0763902 0.0891514 0.106267 0.127825 0.152614 0.177123 0.195702 0.203275 0.198828 0.185521 0.167701 0.148816 0.131181 0.116197 0.104418 0.0956941 0.0895541 0.0856105 0.0837296 0.0838886 0.0858772 0.08907 0.0924407 0.0948649 0.0955999 0.0946904 0.0930737 0.0923352 0.0942372 0.100158 0.11053 0.12443 0.139791 0.154658 0.168857 0.184169 0.202074 0.220626 0.23318 0.231584 0.213071 0.183254 0.151231 0.123798 0.103922 0.0918797 0.086673 0.086943 0.0914979 0.0996791 0.111645 0.128441 0.151615 0.18215 0.218885 0.257596 0.293174 0.324652 0.355987 0.387742 0.407368 0.395577 0.352109 0.29731 0.246983 0.204621 0.16826 0.136226 0.10842 0.085366 0.0672727 0.0537852 0.0441382 0.0374048 0.0327063 0.0293559 0.0269328 0.0252909 0.0245211 0.0248997 0.0268575 0.0309905 0.0381183 0.0493865 0.0663982 0.0913251 0.126895 0.176071 0.241254 0.322939 0.417179 0.508215 0.558843 0.539244 0.47354 0.400731 0.342905 0.312986 0.319969 0.368582 0.450845 0.518544 0.49431 0.40489 0.325957 0.284717 0.284486 0.326274 0.413719 0.544769 0.663737 0.623825 0.475691 0.342783 0.247258 0.183168 0.142648 0.119509 0.109107 0.107923 0.113137 0.122036 0.13138 0.137327 0.136624 0.128568 0.115688 0.102215 0.0919838 0.0874248 0.0895312 0.0979472 0.110719 0.123957 0.132437 0.132023 0.122473 0.107403 0.0914288 0.0777332 0.0675634 0.0608268 0.0567947 0.0545735 0.0533604 0.0525701 0.0518935 0.0513085 0.0510417 0.0514752 0.0530064 0.055881 0.0600285 0.0649316 0.0695867 0.0726434 0.072798 0.0693513 0.0625926 0.0536818 0.0441097 0.0351479 0.0275876 0.0217595 0.0176783 0.0151866 0.0140468 0.0139808 0.0146774 0.0157904 0.0169511 0.0178051 0.0180713 0.0176002 0.0164022 0.0146283 0.0125128 0.0103021 0.00820001 0.00633984 0.00478444 0.00354125 0.00258262 0.00186396 0.00133666 0.000955703 0.000683248 0.000489411 0.000351659 0.000253552 0.000183377 0.000132913 9.64323e-05 6.99458e-05 5.06617e-05 3.6606e-05 2.63673e-05 1.89242e-05 1.35305e-05 9.63737e-06 6.8398e-06 4.83877e-06 3.41404e-06 2.40406e-06 1.69095e-06 1.18922e-06 8.37248e-07 5.90875e-07 4.1866e-07 2.98329e-07 2.14185e-07 1.55214e-07 1.1372e-07 8.43475e-08 6.33824e-08 4.82567e-08 3.7201e-08 2.8999e-08 2.28159e-08 1.80792e-08 1.43953e-08 1.14923e-08 9.18043e-09 7.32549e-09 5.83038e-09 4.62312e-09 3.64888e-09 2.86465e-09 2.23594e-09 1.73452e-09 1.33703e-09 1.02399e-09 7.79179e-10 5.89086e-10 4.42546e-10 3.30393e-10 2.45167e-10 1.80854e-10 1.32651e-10 9.67607e-11 7.02077e-11 5.06832e-11 3.6411e-11 2.60371e-11 1.85372e-11 1.31428e-11 9.2818e-12 6.53102e-12 4.57975e-12 3.20129e-12 2.23122e-12 1.55099e-12 1.07558e-12 7.44324e-13 5.14149e-13 3.54607e-13 2.44267e-13 1.68099e-13 1.15605e-13 7.94735e-14 5.46293e-14 3.7558e-14 2.58323e-14 1.77791e-14 1.22471e-14 8.44519e-15 5.83048e-15 4.03057e-15 2.79014e-15 1.93419e-15 1.34271e-15 9.33387e-16 6.49685e-16 4.52754e-16 3.15853e-16 2.20549e-16 1.54118e-16 1.07759e-16 7.53755e-17 5.27358e-17 3.6898e-17 2.58137e-17 1.80541e-17 1.26216e-17 8.81883e-18 
1.10976e-17 1.65568e-17 2.46669e-17 3.66959e-17 5.45085e-17 8.08412e-17 1.19702e-16 1.76948e-16 2.61126e-16 3.84672e-16 5.6565e-16 8.30241e-16 1.2163e-15 1.77844e-15 2.59527e-15 3.77969e-15 5.49342e-15 7.96764e-15 1.1532e-14 1.66552e-14 2.40029e-14 3.45168e-14 4.95272e-14 7.09087e-14 1.01296e-13 1.44384e-13 2.05343e-13 2.91393e-13 4.12589e-13 5.82914e-13 8.21767e-13 1.15601e-12 1.62277e-12 2.27328e-12 3.17812e-12 4.43435e-12 6.17529e-12 8.58381e-12 1.19105e-11 1.64982e-11 2.28159e-11 3.15042e-11 4.34382e-11 5.98119e-11 8.22547e-11 1.12989e-10 1.55049e-10 2.12572e-10 2.91211e-10 3.98689e-10 5.45571e-10 7.46334e-10 1.02084e-09 1.39643e-09 1.91076e-09 2.61596e-09 3.58434e-09 4.91656e-09 6.75335e-09 9.29213e-09 1.28109e-08 1.77025e-08 2.45236e-08 3.40653e-08 4.74531e-08 6.62897e-08 9.28573e-08 1.304e-07 1.83519e-07 2.58716e-07 3.65132e-07 5.15545e-07 7.27687e-07 1.02596e-06 1.44362e-06 2.02554e-06 2.83152e-06 3.94028e-06 5.45401e-06 7.50355e-06 1.0254e-05 1.39108e-05 1.87269e-05 2.50106e-05 3.31376e-05 4.35687e-05 5.68786e-05 7.3804e-05 9.53194e-05 0.000122752 0.000157944 0.000203461 0.000262833 0.000340798 0.000443461 0.000578272 0.000753679 0.000978295 0.00125949 0.00160139 0.00200263 0.00245422 0.0029386 0.00343039 0.00389958 0.00431645 0.00465726 0.0049089 0.00507166 0.00516017 0.005204 0.00524935 0.00536286 0.0056375 0.00620003 0.0072188 0.0089101 0.0115386 0.0154029 0.0207911 0.0278891 0.0366393 0.0465922 0.0568822 0.0665035 0.0749152 0.0826397 0.0913426 0.10325 0.120244 0.143019 0.170587 0.200884 0.233456 0.273387 0.332696 0.425767 0.551565 0.640561 0.596648 0.513192 0.480299 0.513746 0.603034 0.707065 0.741558 0.670194 0.539634 0.398737 0.27902 0.190746 0.131119 0.0935527 0.0718751 0.061402 0.0588252 0.0617881 0.0684422 0.0770967 0.0860519 0.0936904 0.0987474 0.100483 0.0985912 0.0930888 0.0844661 0.0739009 0.0630948 0.0537562 0.0471425 0.043913 0.0442063 0.0477512 0.0538949 0.0615629 0.0692852 0.0754787 0.0790359 0.0799155 0.0792464 0.0788158 0.0803371 0.0849481 0.093075 0.104537 0.118657 0.134148 0.148775 0.159344 0.16274 0.157674 0.145527 0.12948 0.112967 0.0985437 0.0873628 0.0791476 0.0726359 0.0663876 0.0596006 0.0524559 0.0458323 0.0407303 0.0378346 0.0373469 0.0389928 0.0421045 0.0457816 0.0491674 0.0517828 0.0537267 0.0555837 0.0581096 0.0619387 0.0674951 0.0750922 0.0850662 0.0977545 0.113186 0.130495 0.147406 0.160504 0.16678 0.165408 0.157953 0.147064 0.135256 0.12442 0.115643 0.109146 0.104497 0.101132 0.0988713 0.0980333 0.0990754 0.102033 0.106148 0.109954 0.111923 0.111353 0.108878 0.106261 0.105755 0.109518 0.119091 0.134676 0.154181 0.172965 0.185867 0.191076 0.191385 0.190735 0.190256 0.187575 0.17921 0.163855 0.143701 0.122845 0.104894 0.0918252 0.0841248 0.081375 0.0827757 0.0875214 0.0951079 0.105588 0.119679 0.138587 0.1635 0.195007 0.233083 0.278286 0.333505 0.403396 0.486665 0.553924 0.540535 0.445699 0.338473 0.252983 0.191114 0.146486 0.113335 0.0881277 0.0689483 0.0546328 0.0442537 0.0369391 0.0318685 0.0283352 0.0258137 0.0240032 0.0228329 0.0224366 0.0231228 0.0253661 0.0298442 0.0375279 0.049825 0.0687601 0.0971233 0.138406 0.196145 0.272185 0.363922 0.462031 0.546975 0.58052 0.535499 0.448825 0.368586 0.315353 0.296503 0.317734 0.385005 0.495316 0.59442 0.563714 0.448471 0.355405 0.31027 0.313416 0.366961 0.482029 0.681895 0.985764 0.863506 0.592821 0.413511 0.294128 0.214615 0.163385 0.132743 0.11686 0.111083 0.111597 0.115096 0.118542 0.119325 0.115897 0.108448 0.0988827 0.0899993 0.0844756 0.0842681 0.0903931 0.102696 0.119318 0.136119 0.147206 0.147795 0.137688 0.121249 0.10388 0.0891703 0.0784505 0.071569 0.0676961 0.0658243 0.0650238 0.0645737 0.0640456 0.0633547 0.0627509 0.062723 0.0638222 0.0664415 0.0706001 0.0757757 0.0808419 0.0842157 0.0843195 0.0802708 0.0723769 0.0620046 0.0509164 0.040605 0.031991 0.0254606 0.0210426 0.0185745 0.0178023 0.0184135 0.0200293 0.0221887 0.0243575 0.0259876 0.026625 0.0260247 0.0242145 0.021466 0.0181884 0.0147987 0.0116251 0.00886789 0.00660671 0.00483402 0.00349201 0.00250262 0.00178706 0.00127602 0.000913465 0.000656642 0.000474225 0.00034393 0.000250206 0.000182312 0.00013284 9.66483e-05 7.01265e-05 5.06993e-05 3.65009e-05 2.6162e-05 1.86682e-05 1.32646e-05 9.38924e-06 6.6246e-06 4.66229e-06 3.27587e-06 2.30032e-06 1.61621e-06 1.13776e-06 8.03759e-07 5.70795e-07 4.0826e-07 2.94671e-07 2.15024e-07 1.58876e-07 1.18989e-07 9.03618e-08 6.95512e-08 5.4193e-08 4.26683e-08 3.38699e-08 2.70408e-08 2.1661e-08 1.73715e-08 1.39205e-08 1.11284e-08 8.8635e-09 7.02637e-09 5.53963e-09 4.34128e-09 3.38049e-09 2.61497e-09 2.00922e-09 1.53338e-09 1.16238e-09 8.75322e-10 6.5488e-10 4.86858e-10 3.59724e-10 2.64212e-10 1.92951e-10 1.40135e-10 1.01241e-10 7.27744e-11 5.20616e-11 3.70748e-11 2.62889e-11 1.85654e-11 1.30614e-11 9.15663e-12 6.39824e-12 4.45739e-12 3.0968e-12 2.14626e-12 1.48426e-12 1.02453e-12 7.06081e-13 4.85995e-13 3.34186e-13 2.29645e-13 1.57749e-13 1.08354e-13 7.44419e-14 5.1168e-14 3.51962e-14 2.42328e-14 1.67035e-14 1.15284e-14 7.96791e-15 5.51522e-15 3.82332e-15 2.65445e-15 1.84563e-15 1.28503e-15 8.95855e-16 6.25249e-16 4.36808e-16 3.05404e-16 2.13661e-16 1.49541e-16 1.04688e-16 7.32922e-17 5.13052e-17 3.59035e-17 2.5114e-17 1.75564e-17 1.22642e-17 
1.47042e-17 2.19771e-17 3.28028e-17 4.88916e-17 7.27643e-17 1.08128e-16 1.60425e-16 2.37627e-16 3.51389e-16 5.18714e-16 7.64353e-16 1.12426e-15 1.65053e-15 2.41851e-15 3.53688e-15 5.16209e-15 7.51872e-15 1.09285e-14 1.58512e-14 2.29421e-14 3.31331e-14 4.77461e-14 6.86516e-14 9.84902e-14 1.4098e-13 2.01346e-13 2.8691e-13 4.07911e-13 5.78634e-13 8.18968e-13 1.15654e-12 1.62966e-12 2.29134e-12 3.21476e-12 4.50087e-12 6.28859e-12 8.76883e-12 1.22036e-11 1.69521e-11 2.35059e-11 3.25374e-11 4.49652e-11 6.20435e-11 8.54834e-11 1.17619e-10 1.6163e-10 2.21854e-10 3.04201e-10 4.16728e-10 5.70426e-10 7.803e-10 1.06685e-09 1.45815e-09 1.99265e-09 2.72323e-09 3.72273e-09 5.09183e-09 6.97018e-09 9.55223e-09 1.31099e-08 1.80248e-08 2.48352e-08 3.43025e-08 4.75083e-08 6.59919e-08 9.19489e-08 1.28513e-07 1.80155e-07 2.53243e-07 3.56824e-07 5.03693e-07 7.11853e-07 1.00646e-06 1.4224e-06 2.00756e-06 2.82706e-06 3.96831e-06 5.5472e-06 7.71509e-06 1.06667e-05 1.46486e-05 1.99675e-05 2.69994e-05 3.61993e-05 4.81128e-05 6.33954e-05 8.28447e-05 0.000107459 0.000138538 0.000177846 0.000227857 0.000292093 0.000375547 0.000485142 0.000630125 0.000822216 0.00107527 0.00140418 0.00182268 0.00234006 0.00295706 0.00366177 0.00442707 0.00521134 0.00596351 0.00663193 0.00717451 0.00756683 0.00780579 0.00790954 0.00791658 0.0078875 0.00791103 0.00811379 0.00867254 0.00982771 0.0118973 0.0152867 0.0204821 0.0279993 0.0382425 0.0512269 0.0661852 0.0812868 0.0939788 0.102301 0.10645 0.109021 0.113596 0.123031 0.138593 0.160062 0.186875 0.220577 0.268073 0.344224 0.473242 0.687113 0.935099 0.740523 0.553238 0.472521 0.475455 0.537312 0.613834 0.632476 0.56603 0.456041 0.341697 0.244275 0.171187 0.121238 0.090058 0.0731567 0.0669682 0.0688928 0.0769535 0.0893126 0.103788 0.117615 0.127833 0.132325 0.130633 0.123644 0.112638 0.0988931 0.083924 0.0695091 0.0572901 0.0483634 0.0431777 0.0416602 0.0433725 0.0475899 0.0533193 0.0593531 0.0644725 0.0678102 0.0692026 0.0692794 0.0692015 0.0702178 0.0732874 0.0788949 0.0870335 0.0972481 0.108633 0.119786 0.128897 0.134164 0.134469 0.129958 0.122156 0.113503 0.106381 0.102009 0.0997746 0.0974709 0.0926029 0.0840822 0.0729159 0.0613385 0.0514364 0.0443994 0.0405012 0.0393811 0.0403292 0.0425214 0.0452439 0.0480941 0.0510636 0.054431 0.0585226 0.0635125 0.0693949 0.076122 0.0837652 0.0925236 0.102494 0.113279 0.123699 0.13198 0.136539 0.136849 0.133671 0.128568 0.123261 0.119128 0.116829 0.116144 0.116244 0.11641 0.116748 0.118263 0.122162 0.128849 0.137147 0.144305 0.147263 0.144767 0.138456 0.131861 0.128685 0.131924 0.143604 0.16406 0.19021 0.214173 0.226088 0.222063 0.207519 0.190501 0.175139 0.161321 0.147343 0.132225 0.116536 0.101862 0.0898088 0.0813817 0.0768928 0.0761522 0.0787056 0.0840485 0.0918443 0.102152 0.115606 0.133458 0.157476 0.189836 0.233278 0.291673 0.370821 0.479338 0.627891 0.79864 0.78311 0.569749 0.389415 0.267105 0.187094 0.134452 0.0990001 0.0744931 0.0572707 0.0451471 0.0367035 0.0309127 0.0269775 0.0242852 0.0224109 0.0211285 0.0204089 0.0204041 0.0214334 0.0239956 0.0288255 0.0370088 0.0501622 0.0706642 0.101864 0.148031 0.213416 0.299218 0.397706 0.488346 0.545656 0.548308 0.491899 0.408423 0.335218 0.2896 0.277019 0.30058 0.362576 0.454979 0.530229 0.511303 0.42611 0.351665 0.316153 0.324379 0.380232 0.493201 0.674367 0.879169 0.82803 0.627136 0.460377 0.335087 0.24476 0.183748 0.146043 0.125599 0.116966 0.115446 0.116945 0.117954 0.115971 0.110124 0.101348 0.0918216 0.0840681 0.0802724 0.0819771 0.0899549 0.103942 0.12206 0.140221 0.152653 0.154676 0.146058 0.131008 0.114795 0.100993 0.0910204 0.0848449 0.081729 0.0806815 0.0806884 0.0808554 0.0805562 0.0795838 0.0782172 0.0771233 0.0770999 0.0787555 0.0822243 0.0869793 0.0917876 0.094899 0.0945663 0.0898014 0.0809161 0.0693818 0.0571125 0.0457434 0.0363043 0.0292555 0.0246761 0.0224392 0.0223115 0.023975 0.0269943 0.0307705 0.0345361 0.0374396 0.0387332 0.037997 0.0352788 0.0310541 0.0260287 0.0208987 0.0161833 0.0121708 0.00895016 0.00647722 0.00464068 0.00330924 0.00235934 0.00168755 0.00121354 0.000878047 0.000638909 0.000466888 0.000341987 0.000250577 0.000183314 0.000133692 9.70923e-05 7.0167e-05 5.04439e-05 3.60753e-05 2.56714e-05 1.81856e-05 1.28329e-05 9.02767e-06 6.337e-06 4.44331e-06 3.11578e-06 2.18807e-06 1.54125e-06 1.09085e-06 7.77283e-07 5.58733e-07 4.05991e-07 2.98742e-07 2.22909e-07 1.68772e-07 1.29641e-07 1.00927e-07 7.94934e-08 6.31994e-08 5.05868e-08 4.06612e-08 3.27407e-08 2.63531e-08 2.11655e-08 1.69375e-08 1.34896e-08 1.06834e-08 8.40847e-09 6.57412e-09 5.10457e-09 3.93573e-09 3.01315e-09 2.29066e-09 1.72938e-09 1.29679e-09 9.65992e-10 7.14976e-10 5.25916e-10 3.84547e-10 2.79572e-10 2.02142e-10 1.45395e-10 1.04059e-10 7.41242e-11 5.25661e-11 3.71219e-11 2.61125e-11 1.83012e-11 1.27833e-11 8.90135e-12 6.18082e-12 4.28094e-12 2.95845e-12 2.04058e-12 1.40521e-12 9.66422e-13 6.63994e-13 4.55905e-13 3.1292e-13 2.14771e-13 1.47445e-13 1.0128e-13 6.96243e-14 4.79125e-14 3.3012e-14 2.27773e-14 1.57395e-14 1.08937e-14 7.55202e-15 5.24391e-15 3.64694e-15 2.54005e-15 1.77152e-15 1.237e-15 8.64656e-16 6.04898e-16 4.23449e-16 2.9656e-16 2.07744e-16 1.45534e-16 1.01939e-16 7.13804e-17 4.99584e-17 3.49433e-17 2.44224e-17 1.70542e-17 
1.94276e-17 2.90886e-17 4.34966e-17 6.49518e-17 9.68513e-17 1.44203e-16 2.14373e-16 3.18178e-16 4.71468e-16 6.97419e-16 1.02984e-15 1.51797e-15 2.23331e-15 3.27951e-15 4.80643e-15 7.03024e-15 1.0262e-14 1.49485e-14 2.17291e-14 3.15177e-14 4.56163e-14 6.58757e-14 9.49205e-14 1.36463e-13 1.95739e-13 2.80122e-13 3.99961e-13 5.69754e-13 8.09758e-13 1.14822e-12 1.62443e-12 2.29295e-12 3.22933e-12 4.53805e-12 6.3633e-12 8.90371e-12 1.24324e-11 1.73246e-11 2.40947e-11 3.34471e-11 4.63455e-11 6.41067e-11 8.85283e-11 1.22063e-10 1.68053e-10 2.31054e-10 3.17268e-10 4.35145e-10 5.96186e-10 8.16057e-10 1.1161e-09 1.52543e-09 2.08375e-09 2.84536e-09 3.88462e-09 5.30359e-09 7.24275e-09 9.89615e-09 1.35328e-08 1.85273e-08 2.54037e-08 3.48979e-08 4.80494e-08 6.63311e-08 9.18392e-08 1.27564e-07 1.77783e-07 2.48613e-07 3.48804e-07 4.90846e-07 6.92506e-07 9.78949e-07 1.38559e-06 1.96191e-06 2.7764e-06 3.92292e-06 5.52854e-06 7.76304e-06 1.08499e-05 1.50783e-05 2.08164e-05 2.85233e-05 3.87611e-05 5.22053e-05 6.96557e-05 9.20515e-05 0.000120502 0.00015635 0.000201294 0.000257605 0.000328484 0.000418586 0.000534722 0.000686688 0.000888086 0.00115686 0.00151518 0.00198804 0.0026002 0.00337084 0.00430646 0.00539299 0.00659008 0.00783078 0.00902949 0.0100978 0.0109628 0.0115819 0.0119466 0.0120789 0.0120271 0.0118668 0.0117114 0.0117297 0.0121643 0.013353 0.0157533 0.0199704 0.0267776 0.0370888 0.0517941 0.0713148 0.0947471 0.11882 0.137878 0.146664 0.144734 0.137271 0.131082 0.130832 0.138272 0.153294 0.175643 0.207095 0.253929 0.329035 0.452766 0.646109 0.829409 0.687299 0.513441 0.424353 0.405694 0.432736 0.469656 0.473235 0.427102 0.351221 0.27038 0.199648 0.145221 0.107638 0.084883 0.07444 0.0741914 0.0825713 0.0982838 0.119702 0.143999 0.166403 0.180831 0.182926 0.173106 0.155575 0.134686 0.113159 0.0926316 0.0744402 0.059684 0.0490035 0.0425162 0.0399333 0.0407004 0.0440708 0.049119 0.0547705 0.05993 0.0637343 0.0658363 0.0665508 0.0667417 0.0674963 0.0697547 0.074052 0.080428 0.0884779 0.0974747 0.106493 0.114497 0.120428 0.123436 0.123342 0.121164 0.119137 0.11979 0.124357 0.131312 0.136142 0.133593 0.121665 0.103254 0.083498 0.0664042 0.0537482 0.0456419 0.0413834 0.0400283 0.0406912 0.0427053 0.0457003 0.0495803 0.0543832 0.0600735 0.0663985 0.0729211 0.0792251 0.0851401 0.090798 0.096453 0.102169 0.107595 0.112029 0.114792 0.115688 0.115197 0.114332 0.11429 0.116013 0.119748 0.124833 0.130014 0.134409 0.138499 0.144204 0.153842 0.168516 0.186437 0.202041 0.208131 0.201584 0.186574 0.170798 0.160546 0.159635 0.170333 0.19318 0.224528 0.253459 0.264751 0.252112 0.224506 0.194452 0.168243 0.146618 0.128342 0.112378 0.0984825 0.086978 0.0783285 0.0728462 0.0706102 0.0715064 0.0753012 0.081726 0.0906069 0.102063 0.116755 0.136126 0.162574 0.199579 0.251832 0.325192 0.425966 0.560262 0.739381 0.986802 0.962797 0.636306 0.414681 0.273115 0.183421 0.126305 0.0894298 0.0651985 0.0490355 0.0381779 0.0309007 0.0260631 0.0228698 0.0207617 0.0193748 0.0185262 0.0182046 0.0185612 0.0199083 0.0227446 0.0278239 0.0362824 0.0498351 0.0710358 0.103532 0.152062 0.221423 0.312582 0.41357 0.492108 0.517194 0.489745 0.428879 0.358751 0.300636 0.265552 0.25701 0.275617 0.319176 0.37626 0.417266 0.410983 0.368147 0.325524 0.306202 0.319121 0.369238 0.460334 0.585304 0.696748 0.711568 0.628541 0.503566 0.37763 0.275276 0.203466 0.158788 0.134774 0.125067 0.124024 0.126453 0.127659 0.12437 0.115896 0.10414 0.0922378 0.083101 0.0787654 0.0803776 0.0882999 0.101975 0.119483 0.137132 0.150007 0.154181 0.14926 0.138403 0.125862 0.114805 0.106788 0.102141 0.100459 0.100912 0.102404 0.103727 0.10385 0.102303 0.099433 0.096273 0.0940893 0.0938453 0.0958162 0.0994228 0.103283 0.105503 0.104263 0.0985632 0.0887209 0.0762176 0.063 0.0507729 0.0406587 0.0332144 0.0286078 0.0267908 0.0275967 0.030745 0.0357722 0.0419312 0.0481406 0.0530828 0.0555103 0.054674 0.0506293 0.0441951 0.0365809 0.0289355 0.0220598 0.0163469 0.0118687 0.00850587 0.00605719 0.00431072 0.00307968 0.00221517 0.00160607 0.00117324 0.000862024 0.00063549 0.000468832 0.000345308 0.000253419 0.000185061 0.00013436 9.69479e-05 6.95229e-05 4.95645e-05 3.51483e-05 2.48108e-05 1.74484e-05 1.22371e-05 8.56824e-06 5.99695e-06 4.20146e-06 2.95108e-06 2.08181e-06 1.47785e-06 1.05795e-06 7.65399e-07 5.60753e-07 4.16707e-07 3.14414e-07 2.40908e-07 1.873e-07 1.4752e-07 1.1743e-07 9.42235e-08 7.59931e-08 6.14427e-08 4.9684e-08 4.00996e-08 3.22502e-08 2.58131e-08 2.05422e-08 1.62426e-08 1.27544e-08 9.94347e-09 7.6952e-09 5.91136e-09 4.50774e-09 3.41254e-09 2.56515e-09 1.91489e-09 1.41992e-09 1.04611e-09 7.65923e-10 5.57447e-10 4.03408e-10 2.90352e-10 2.07904e-10 1.4814e-10 1.0507e-10 7.41989e-11 5.21856e-11 3.65647e-11 2.55303e-11 1.77687e-11 1.23309e-11 8.53497e-12 5.89403e-12 4.06222e-12 2.79509e-12 1.92067e-12 1.31849e-12 9.0451e-13 6.20308e-13 4.25401e-13 2.91827e-13 2.00315e-13 1.37621e-13 9.46557e-14 6.5191e-14 4.4966e-14 3.10663e-14 2.15001e-14 1.49056e-14 1.03517e-14 7.20114e-15 5.01736e-15 3.50085e-15 2.44584e-15 1.71063e-15 1.19748e-15 8.38829e-16 5.87868e-16 4.12091e-16 2.88885e-16 2.02482e-16 1.41874e-16 9.9356e-17 6.9534e-17 4.8624e-17 3.39705e-17 2.37086e-17 
2.55955e-17 3.83903e-17 5.75087e-17 8.60342e-17 1.28531e-16 1.91741e-16 2.85607e-16 4.2476e-16 6.30688e-16 9.34883e-16 1.3834e-15 2.04346e-15 3.01292e-15 4.43393e-15 6.51255e-15 9.54669e-15 1.39661e-14 2.0389e-14 2.97031e-14 4.3179e-14 6.26315e-14 9.06461e-14 1.30896e-13 1.88589e-13 2.71084e-13 3.88762e-13 5.56224e-13 7.93956e-13 1.13064e-12 1.60631e-12 2.27678e-12 3.21959e-12 4.54234e-12 6.39392e-12 8.98008e-12 1.25845e-11 1.75975e-11 2.45559e-11 3.41956e-11 4.75256e-11 6.59261e-11 9.12836e-11 1.26174e-10 1.74111e-10 2.39885e-10 3.30017e-10 4.53389e-10 6.22082e-10 8.52535e-10 1.1671e-09 1.5962e-09 2.18122e-09 2.97851e-09 4.06489e-09 5.54521e-09 7.56286e-09 1.03144e-08 1.40701e-08 1.9203e-08 2.62299e-08 3.58702e-08 4.91307e-08 6.74272e-08 9.2761e-08 1.27975e-07 1.77122e-07 2.46001e-07 3.42928e-07 4.79831e-07 6.73811e-07 9.49336e-07 1.34128e-06 1.89906e-06 2.69229e-06 3.81812e-06 5.41084e-06 7.65389e-06 1.07945e-05 1.5161e-05 2.11816e-05 2.9405e-05 4.05192e-05 5.53677e-05 7.4961e-05 0.000100483 0.000133295 0.000174953 0.000227261 0.000292395 0.000373178 0.000473561 0.000599404 0.000759586 0.000967428 0.00124225 0.00161067 0.00210706 0.0027722 0.00364904 0.00477474 0.00616864 0.00781798 0.00966554 0.0116063 0.0134994 0.0151956 0.0165723 0.0175585 0.0181387 0.0183397 0.0182163 0.0178529 0.0173849 0.0170298 0.0171164 0.0181112 0.0206512 0.0255975 0.0341085 0.0476914 0.0681109 0.0968657 0.133718 0.173909 0.205912 0.216358 0.203242 0.178805 0.1569 0.144728 0.143714 0.152649 0.170106 0.196336 0.234795 0.292527 0.37674 0.479343 0.541357 0.497144 0.408649 0.345648 0.321668 0.325672 0.336433 0.33166 0.302019 0.254754 0.202698 0.155639 0.118676 0.0934266 0.0796809 0.0766902 0.0838513 0.100879 0.127556 0.162987 0.204007 0.242696 0.265785 0.262366 0.235251 0.197539 0.160018 0.127113 0.0996577 0.0775725 0.0607401 0.0489826 0.041952 0.0391419 0.0399377 0.0436227 0.0493316 0.056008 0.0624577 0.0675744 0.0707048 0.0719542 0.0721901 0.0726851 0.0746005 0.07857 0.0845247 0.0917853 0.0993842 0.106461 0.112475 0.117114 0.120189 0.121912 0.123546 0.127681 0.13742 0.154387 0.17598 0.19343 0.195101 0.176601 0.145444 0.11284 0.085698 0.065995 0.0530747 0.0454681 0.0417513 0.0408363 0.0420181 0.0449252 0.0494002 0.0553131 0.0623555 0.0699223 0.0771958 0.0834291 0.0882532 0.0917791 0.0944291 0.0966295 0.0985707 0.100184 0.101339 0.102125 0.103018 0.104837 0.108506 0.114686 0.123348 0.133535 0.143736 0.15303 0.16234 0.174628 0.193754 0.22248 0.259194 0.293422 0.306997 0.29076 0.256716 0.222976 0.199595 0.189832 0.194822 0.214612 0.245206 0.274226 0.283567 0.265485 0.23073 0.193906 0.162124 0.136408 0.115753 0.0991636 0.0860825 0.0762636 0.0695892 0.065976 0.0653525 0.0676589 0.0728379 0.0808299 0.0916228 0.105415 0.122925 0.145804 0.177013 0.221061 0.284131 0.37376 0.495755 0.643567 0.786011 0.872743 0.79738 0.586344 0.396277 0.262721 0.174947 0.118392 0.0820202 0.0584908 0.0431552 0.0331186 0.026563 0.0223155 0.0195962 0.0178844 0.0168543 0.0163459 0.0163509 0.0170067 0.0186038 0.0216164 0.0267726 0.0351765 0.0484917 0.06918 0.100723 0.147572 0.214054 0.300331 0.392837 0.456738 0.462686 0.423363 0.367232 0.313272 0.272204 0.248858 0.244161 0.256936 0.283465 0.314738 0.335782 0.334891 0.316481 0.296764 0.290119 0.305093 0.347015 0.418805 0.51641 0.621061 0.698075 0.695292 0.582782 0.431281 0.306158 0.220968 0.169653 0.143307 0.134209 0.135751 0.14147 0.144878 0.141171 0.129609 0.113509 0.0975726 0.0854652 0.0791818 0.0794462 0.0861497 0.0984307 0.114438 0.131134 0.144754 0.152252 0.152836 0.148111 0.1408 0.133469 0.12796 0.125283 0.125658 0.128568 0.132753 0.136336 0.137366 0.134775 0.129086 0.122173 0.116259 0.112928 0.112608 0.114534 0.117015 0.117925 0.11537 0.108388 0.097335 0.0836897 0.0693998 0.0562167 0.0453541 0.0374787 0.0328687 0.0315862 0.0335743 0.0386475 0.0463733 0.0558819 0.0657076 0.0738439 0.0781977 0.0773873 0.0714257 0.0617167 0.0503318 0.039143 0.0293431 0.0214207 0.0153707 0.0109327 0.00776424 0.00553811 0.00398348 0.00289466 0.00212429 0.00157111 0.00116742 0.000868579 0.00064509 0.000477092 0.000350762 0.000256104 0.00018562 0.000133556 9.54326e-05 6.77659e-05 4.78598e-05 3.3651e-05 2.35812e-05 1.64888e-05 1.15194e-05 8.05202e-06 5.6402e-06 3.9661e-06 2.8052e-06 2e-06 1.44059e-06 1.05064e-06 7.77334e-07 5.84237e-07 4.46297e-07 3.46343e-07 2.72648e-07 2.17233e-07 1.74689e-07 1.41358e-07 1.14771e-07 9.3251e-08 7.56501e-08 6.11649e-08 4.92163e-08 3.93694e-08 3.12834e-08 2.468e-08 1.93245e-08 1.50151e-08 1.15766e-08 8.85689e-09 6.72483e-09 5.06816e-09 3.79206e-09 2.81745e-09 2.07924e-09 1.52451e-09 1.11085e-09 8.04644e-10 5.79554e-10 4.15196e-10 2.95941e-10 2.09931e-10 1.48249e-10 1.04251e-10 7.30245e-11 5.09668e-11 3.54542e-11 2.45892e-11 1.70081e-11 1.17365e-11 8.08234e-12 5.55647e-12 3.8148e-12 2.61641e-12 1.79331e-12 1.22876e-12 8.41968e-13 5.77137e-13 3.95873e-13 2.71801e-13 1.86843e-13 1.28627e-13 8.86939e-14 6.12659e-14 4.23978e-14 2.93956e-14 2.04186e-14 1.42085e-14 9.90369e-15 6.91372e-15 4.83297e-15 3.38233e-15 2.36932e-15 1.66088e-15 1.16482e-15 8.17123e-16 5.73232e-16 4.02066e-16 2.81905e-16 1.97548e-16 1.38335e-16 9.67891e-17 6.76545e-17 4.72386e-17 3.29449e-17 
3.36253e-17 5.05199e-17 7.58119e-17 1.13622e-16 1.70062e-16 2.54183e-16 3.79359e-16 5.65318e-16 8.41103e-16 1.24937e-15 1.85267e-15 2.74248e-15 4.0523e-15 5.97657e-15 8.79772e-15 1.29251e-14 1.89507e-14 2.77281e-14 4.04855e-14 5.89854e-14 8.57509e-14 1.24384e-13 1.80014e-13 2.59927e-13 3.74445e-13 5.38151e-13 7.716e-13 1.10369e-12 1.57493e-12 2.242e-12 3.18398e-12 4.51098e-12 6.37591e-12 8.99072e-12 1.26485e-11 1.7754e-11 2.48644e-11 3.47466e-11 4.8453e-11 6.74268e-11 9.36435e-11 1.29804e-10 1.79598e-10 2.48058e-10 3.42044e-10 4.70896e-10 6.47329e-10 8.88632e-10 1.21831e-09 1.6683e-09 2.28201e-09 3.11838e-09 4.25755e-09 5.80846e-09 7.91938e-09 1.07924e-08 1.47033e-08 2.00298e-08 2.72904e-08 3.71998e-08 5.07478e-08 6.93119e-08 9.48201e-08 1.29987e-07 1.78654e-07 2.46292e-07 3.4072e-07 4.7316e-07 6.5975e-07 9.23709e-07 1.29843e-06 1.83178e-06 2.59211e-06 3.67642e-06 5.22129e-06 7.41719e-06 1.05268e-05 1.49075e-05 2.10386e-05 2.95511e-05 4.12603e-05 5.7196e-05 7.86269e-05 0.000107074 0.000144307 0.000192328 0.000253354 0.000329821 0.000424486 0.000540716 0.000683099 0.000858534 0.00107792 0.00135849 0.00172651 0.00222002 0.0028905 0.00380209 0.00502653 0.00663172 0.00866266 0.0111164 0.0139176 0.0169068 0.0198573 0.0225225 0.0247012 0.0262824 0.0272452 0.0276212 0.0274581 0.026825 0.0258596 0.0248315 0.0241858 0.0245627 0.0268226 0.0321185 0.042039 0.0588057 0.0854079 0.125312 0.180733 0.247318 0.30458 0.319121 0.284464 0.232014 0.188808 0.163472 0.15499 0.159472 0.172979 0.192998 0.219483 0.254514 0.298566 0.34236 0.362365 0.342428 0.299808 0.262194 0.241773 0.235952 0.234596 0.226896 0.207685 0.1792 0.147468 0.118248 0.095371 0.0808635 0.0757118 0.0806121 0.0964497 0.124437 0.165902 0.221618 0.289812 0.360147 0.40415 0.389194 0.325481 0.251383 0.188459 0.140456 0.104936 0.0789898 0.0605805 0.0484036 0.0415495 0.039308 0.0410668 0.0462043 0.0539353 0.0631422 0.0723195 0.0798177 0.0844475 0.0861376 0.0860897 0.0862203 0.088274 0.0931026 0.100322 0.108425 0.11546 0.120076 0.122186 0.122689 0.122737 0.12358 0.127177 0.136767 0.15644 0.18911 0.232117 0.270754 0.27998 0.249419 0.19766 0.147212 0.107928 0.0805967 0.062834 0.0519565 0.0458896 0.0432813 0.0433653 0.0457689 0.0503039 0.0567391 0.0645861 0.0729943 0.0808717 0.0872322 0.0915681 0.0939829 0.0950079 0.0952676 0.0952121 0.0950616 0.0949644 0.0952318 0.0964686 0.0995127 0.105215 0.114115 0.126092 0.140184 0.15498 0.16979 0.185963 0.207279 0.23938 0.288548 0.35744 0.43159 0.464014 0.422596 0.34814 0.283924 0.24133 0.218571 0.213096 0.223296 0.244781 0.266017 0.270892 0.252312 0.218895 0.183138 0.151626 0.125754 0.105043 0.0888327 0.076623 0.0680159 0.0626801 0.0603793 0.0610094 0.0646014 0.0712794 0.0811989 0.0945281 0.111573 0.133141 0.161115 0.198935 0.251733 0.326377 0.431942 0.577972 0.754377 0.8679 0.82001 0.677795 0.506662 0.354364 0.240355 0.16181 0.109665 0.0755592 0.0533483 0.0388911 0.0294942 0.023422 0.0195472 0.0171284 0.0156806 0.0149043 0.0146504 0.0149043 0.0157824 0.0175421 0.0206123 0.0256546 0.0336632 0.0461079 0.0650983 0.0934865 0.134646 0.191258 0.261742 0.333463 0.380239 0.383068 0.353144 0.313854 0.280042 0.257574 0.247232 0.247574 0.256673 0.271812 0.287878 0.297802 0.297021 0.28792 0.278381 0.276846 0.289985 0.323394 0.382507 0.472757 0.600763 0.771128 0.88904 0.706638 0.483445 0.328504 0.231811 0.176422 0.149598 0.142394 0.147626 0.15779 0.164438 0.160813 0.14603 0.125167 0.104778 0.0893247 0.0807269 0.0792922 0.0845206 0.0953995 0.110347 0.127126 0.143067 0.155712 0.163506 0.166113 0.164435 0.160491 0.156872 0.15585 0.158718 0.165484 0.174583 0.182729 0.185844 0.18142 0.17048 0.156887 0.144829 0.136904 0.13361 0.133695 0.134829 0.134399 0.130301 0.121586 0.108719 0.0932848 0.077328 0.0627018 0.0507285 0.0421805 0.03744 0.0366844 0.0399983 0.0473594 0.0584691 0.0724351 0.0874019 0.100414 0.10797 0.10747 0.0987475 0.0842343 0.0674853 0.0514883 0.03792 0.0272888 0.019396 0.0137434 0.00978272 0.00703416 0.0051236 0.00378028 0.00281825 0.00211457 0.00158984 0.00119303 0.000890782 0.000660378 0.000485503 0.000353809 0.000255606 0.000183155 0.000130276 9.20739e-05 6.47332e-05 4.5328e-05 3.16532e-05 2.20738e-05 1.5395e-05 1.07552e-05 7.53959e-06 5.31395e-06 3.77362e-06 2.70629e-06 1.96465e-06 1.44689e-06 1.08283e-06 8.24256e-07 6.3811e-07 5.01815e-07 4.00008e-07 3.22284e-07 2.61623e-07 2.13308e-07 1.74168e-07 1.42056e-07 1.15502e-07 9.34641e-08 7.5179e-08 6.00564e-08 4.76179e-08 3.74598e-08 2.92319e-08 2.26265e-08 1.73724e-08 1.32324e-08 1.00007e-08 7.50107e-09 5.5851e-09 4.12922e-09 3.0322e-09 2.21223e-09 1.60403e-09 1.15621e-09 8.28768e-10 5.90933e-10 4.19259e-10 2.96073e-10 2.08172e-10 1.45776e-10 1.01701e-10 7.07091e-11 4.90095e-11 3.38752e-11 2.33574e-11 1.60715e-11 1.10391e-11 7.57192e-12 5.18842e-12 3.55287e-12 2.43219e-12 1.66511e-12 1.14044e-12 7.8167e-13 5.36331e-13 3.68485e-13 2.53562e-13 1.74787e-13 1.20714e-13 8.35341e-14 5.79218e-14 4.02422e-14 2.80124e-14 1.95342e-14 1.36441e-14 9.54372e-15 6.6837e-15 4.68534e-15 3.28689e-15 2.30697e-15 1.6196e-15 1.13706e-15 7.98122e-16 5.59993e-16 3.92682e-16 2.75153e-16 1.92627e-16 1.34714e-16 9.4106e-17 6.56581e-17 4.57504e-17 
4.40483e-17 6.62888e-17 9.96456e-17 1.49607e-16 2.24333e-16 3.35931e-16 5.02336e-16 7.50063e-16 1.11824e-15 1.66446e-15 2.47338e-15 3.66913e-15 5.43328e-15 8.03089e-15 1.1848e-14 1.74454e-14 2.56358e-14 3.75946e-14 5.50164e-14 8.03392e-14 1.17061e-13 1.70187e-13 2.46861e-13 3.57253e-13 5.15802e-13 7.42951e-13 1.06757e-12 1.53033e-12 2.18835e-12 3.12169e-12 4.44224e-12 6.306e-12 8.93e-12 1.26154e-11 1.77793e-11 2.49979e-11 3.50661e-11 4.90778e-11 6.85364e-11 9.55041e-11 1.32806e-10 1.84306e-10 2.55283e-10 3.52942e-10 4.87102e-10 6.71138e-10 9.23247e-10 1.26817e-09 1.73954e-09 2.38302e-09 3.26057e-09 4.45633e-09 6.08441e-09 8.29966e-09 1.13123e-08 1.5408e-08 2.09752e-08 2.85433e-08 3.88358e-08 5.28443e-08 7.1934e-08 9.79934e-08 1.3365e-07 1.82583e-07 2.49977e-07 3.43185e-07 4.72699e-07 6.53567e-07 9.07449e-07 1.2656e-06 1.77317e-06 2.49522e-06 3.52534e-06 4.99732e-06 7.10125e-06 1.01047e-05 1.43802e-05 2.04403e-05 2.89788e-05 4.09195e-05 5.74678e-05 8.01604e-05 0.000110905 0.000152 0.000206115 0.00027624 0.000365593 0.000477526 0.000615524 0.000783426 0.000986115 0.00123095 0.00153018 0.0019046 0.00238808 0.00303255 0.00391203 0.00512345 0.00678151 0.00900345 0.0118808 0.0154378 0.0195857 0.024094 0.0286081 0.0327318 0.0361455 0.0386893 0.0403486 0.0411583 0.0411192 0.0402135 0.0385221 0.0363617 0.0343507 0.0333887 0.0346232 0.0395036 0.0499872 0.0689044 0.100419 0.150306 0.224946 0.325052 0.423707 0.44643 0.374637 0.284638 0.219265 0.183411 0.171226 0.175225 0.188077 0.203545 0.218159 0.231867 0.245337 0.255433 0.254794 0.239366 0.214923 0.19179 0.176171 0.167829 0.162354 0.154662 0.141993 0.124928 0.10627 0.0893159 0.0768499 0.0709868 0.0735115 0.0863414 0.111868 0.153014 0.212938 0.294647 0.400686 0.527536 0.628136 0.586423 0.442881 0.310937 0.215941 0.151473 0.108076 0.0788302 0.0594575 0.0474594 0.041382 0.0403668 0.0438809 0.0514823 0.0625275 0.0758152 0.0893377 0.100524 0.107272 0.109291 0.108537 0.108208 0.111176 0.118781 0.130131 0.141987 0.149939 0.151078 0.146062 0.138264 0.131318 0.12802 0.131041 0.144064 0.172079 0.219941 0.287036 0.35404 0.374632 0.326355 0.249009 0.180177 0.13012 0.0966286 0.0750144 0.0613304 0.0529579 0.0484005 0.0469168 0.0481849 0.0520244 0.0581537 0.0659875 0.0745531 0.0826333 0.0891395 0.0935038 0.0958119 0.0966002 0.0964905 0.0959101 0.0950624 0.0941473 0.0936327 0.0943403 0.0972864 0.103398 0.113236 0.126778 0.143377 0.162158 0.182962 0.207358 0.239134 0.284919 0.355735 0.46654 0.618722 0.708178 0.593218 0.443497 0.340041 0.277051 0.240626 0.222659 0.219531 0.226882 0.235755 0.234776 0.218599 0.191823 0.162442 0.135464 0.112546 0.0938622 0.0792385 0.0684209 0.0610927 0.0569324 0.0557176 0.0574072 0.0621644 0.0703096 0.0822302 0.098315 0.119053 0.145463 0.179824 0.226161 0.289736 0.375884 0.490843 0.646105 0.847882 0.965299 0.80425 0.605069 0.439893 0.310455 0.21461 0.147017 0.100854 0.0699042 0.0493684 0.035835 0.02698 0.0212503 0.0176126 0.0153803 0.0141026 0.0134989 0.0134242 0.0138524 0.0148747 0.0167093 0.0197261 0.0244928 0.0318437 0.0429671 0.0594779 0.0833817 0.116709 0.160377 0.21172 0.261327 0.294219 0.3014 0.289754 0.273944 0.264322 0.263681 0.269127 0.276154 0.282804 0.289544 0.295541 0.297588 0.293411 0.284625 0.275888 0.27248 0.279492 0.302612 0.349196 0.429784 0.561687 0.773936 1.02584 0.736876 0.484913 0.326421 0.230854 0.177223 0.152266 0.147363 0.155628 0.169237 0.178482 0.175123 0.158156 0.134032 0.110646 0.0929495 0.0827548 0.0801016 0.0843302 0.0945419 0.10967 0.128405 0.149087 0.169547 0.186932 0.198151 0.201626 0.199114 0.195102 0.194269 0.199699 0.212343 0.230315 0.247727 0.255653 0.247946 0.227076 0.201732 0.179925 0.165576 0.158822 0.157348 0.157679 0.156314 0.150685 0.139783 0.124276 0.106065 0.0874935 0.0706387 0.0569667 0.0473359 0.0421955 0.0418126 0.0464226 0.0562325 0.0712216 0.0906832 0.112523 0.132637 0.145296 0.145607 0.132936 0.111557 0.0875233 0.0654063 0.0473436 0.0336673 0.0238051 0.0169039 0.0121458 0.00886855 0.00658419 0.00495612 0.00376349 0.00286668 0.00217905 0.00164637 0.00123314 0.00091432 0.000670771 0.000487003 0.000350162 0.000249588 0.00017657 0.000124145 8.68683e-05 6.05824e-05 4.21726e-05 2.93482e-05 2.04506e-05 1.42942e-05 1.00409e-05 7.10346e-06 5.07284e-06 3.66585e-06 2.68699e-06 2.00173e-06 1.51764e-06 1.17139e-06 9.19688e-07 7.33057e-07 5.91517e-07 4.81605e-07 3.94298e-07 3.23571e-07 2.65399e-07 2.1707e-07 1.76712e-07 1.42986e-07 1.14878e-07 9.15794e-08 7.24082e-08 5.67679e-08 4.41273e-08 3.40108e-08 2.59947e-08 1.97057e-08 1.48197e-08 1.10597e-08 8.19281e-09 6.02611e-09 4.40245e-09 3.19554e-09 2.3053e-09 1.65342e-09 1.17938e-09 8.36914e-10 5.9102e-10 4.15489e-10 2.90866e-10 2.02836e-10 1.40949e-10 9.76301e-11 6.74315e-11 4.64569e-11 3.19376e-11 2.19167e-11 1.50187e-11 1.02811e-11 7.03338e-12 4.81027e-12 3.29019e-12 2.25153e-12 1.54204e-12 1.05733e-12 7.26018e-13 4.99366e-13 3.4412e-13 2.37621e-13 1.6443e-13 1.14027e-13 7.92427e-14 5.51815e-14 3.84993e-14 2.69068e-14 1.88334e-14 1.31992e-14 9.26007e-15 6.50147e-15 4.56696e-15 3.20886e-15 2.25463e-15 1.58381e-15 1.11209e-15 7.80373e-16 5.47165e-16 3.83284e-16 2.68197e-16 1.87442e-16 1.30835e-16 9.11992e-17 6.34807e-17 
5.75383e-17 8.67273e-17 1.30585e-16 1.96398e-16 2.95023e-16 4.42604e-16 6.63111e-16 9.92062e-16 1.48199e-15 2.21042e-15 3.29156e-15 4.89325e-15 7.26166e-15 1.0757e-14 1.59051e-14 2.3472e-14 3.45703e-14 5.08129e-14 7.45315e-14 1.09088e-13 1.59319e-13 2.32159e-13 3.37533e-13 4.89598e-13 7.08501e-13 1.02283e-12 1.47304e-12 2.11623e-12 3.03278e-12 4.33553e-12 6.18246e-12 8.79424e-12 1.24783e-11 1.76618e-11 2.49373e-11 3.51244e-11 4.93545e-11 6.91869e-11 9.67658e-11 1.35035e-10 1.88029e-10 2.6127e-10 3.62307e-10 5.01441e-10 6.92722e-10 9.55284e-10 1.31517e-09 1.80778e-09 2.48121e-09 3.40077e-09 4.65503e-09 6.36412e-09 8.69081e-09 1.18557e-08 1.61575e-08 2.20011e-08 2.99355e-08 4.07058e-08 5.53252e-08 7.51753e-08 1.02146e-07 1.38834e-07 1.8883e-07 2.57125e-07 3.50709e-07 4.79445e-07 6.57353e-07 9.0449e-07 1.24972e-06 1.73476e-06 2.42003e-06 3.39311e-06 4.78069e-06 6.76537e-06 9.60876e-06 1.36827e-05 1.95103e-05 2.78185e-05 3.96034e-05 5.62055e-05 7.93947e-05 0.000111452 0.000155239 0.000214228 0.000292476 0.000394503 0.000525086 0.000688971 0.000890623 0.00113423 0.00142429 0.00176736 0.00217531 0.00267076 0.0032943 0.00411306 0.00522848 0.00678057 0.00894393 0.0119095 0.0158453 0.0208328 0.0267872 0.0333951 0.0401271 0.046369 0.0516368 0.0557285 0.058673 0.0605052 0.0610765 0.0601014 0.0574469 0.0534543 0.0490465 0.0455749 0.0446044 0.0478693 0.0575052 0.0765393 0.10957 0.163436 0.246984 0.365738 0.494253 0.524131 0.423528 0.311688 0.237035 0.199788 0.191334 0.202062 0.221053 0.236516 0.240541 0.233667 0.221571 0.207986 0.192701 0.174859 0.156017 0.139374 0.127091 0.118932 0.112816 0.106277 0.0978526 0.0876625 0.0771066 0.0681896 0.0630326 0.0637801 0.0728341 0.0932434 0.129038 0.185184 0.266697 0.377069 0.51968 0.708763 0.956629 0.833755 0.546092 0.354693 0.233431 0.156856 0.108162 0.077072 0.0575861 0.0463307 0.0414877 0.0421623 0.04799 0.0588004 0.0741851 0.0929055 0.112332 0.12858 0.138143 0.140398 0.138548 0.13785 0.143038 0.156561 0.177187 0.198692 0.211 0.206941 0.189028 0.166415 0.147187 0.135799 0.134913 0.147707 0.178926 0.234026 0.313895 0.398201 0.42719 0.36898 0.279101 0.202947 0.149328 0.113827 0.0904362 0.0746756 0.0639074 0.0568592 0.0530422 0.052298 0.0544986 0.0593396 0.0661951 0.074079 0.0818006 0.0883149 0.0930759 0.0961384 0.097933 0.0988816 0.0991218 0.0985591 0.0972416 0.0957423 0.0951884 0.0969186 0.10207 0.11134 0.124959 0.142837 0.16494 0.191822 0.224922 0.266657 0.321966 0.403107 0.535216 0.755932 0.982256 0.707739 0.49506 0.369424 0.295591 0.250317 0.222213 0.206905 0.200923 0.198323 0.192033 0.178248 0.158431 0.136524 0.115614 0.097185 0.0818025 0.0696651 0.0607672 0.0549499 0.0520024 0.0517986 0.0544053 0.060126 0.0694667 0.0830444 0.101509 0.125653 0.156952 0.198503 0.255533 0.333737 0.434342 0.549948 0.67316 0.797955 0.836828 0.699875 0.524344 0.380375 0.271344 0.191165 0.133654 0.0932943 0.0654609 0.0465304 0.0338102 0.0253713 0.0198651 0.0163633 0.0142339 0.0130552 0.0125589 0.0125985 0.0131341 0.0142302 0.0160636 0.0189406 0.0233256 0.0298795 0.039497 0.0533042 0.0725395 0.0981728 0.13008 0.165772 0.199548 0.224371 0.237333 0.243386 0.251918 0.270009 0.297366 0.324601 0.339581 0.340401 0.335658 0.331293 0.325875 0.316621 0.304188 0.29147 0.281569 0.278371 0.287629 0.316908 0.375093 0.470565 0.596658 0.668682 0.570152 0.416292 0.296535 0.218325 0.172808 0.151508 0.148107 0.15694 0.17081 0.180262 0.177102 0.160319 0.136355 0.11308 0.0953981 0.085082 0.082195 0.0862415 0.0967331 0.113368 0.13596 0.164021 0.195724 0.226388 0.248454 0.256018 0.251023 0.242264 0.238736 0.246157 0.267099 0.300116 0.33573 0.354522 0.340584 0.30075 0.255527 0.219347 0.196797 0.186481 0.184168 0.184652 0.183129 0.176281 0.162924 0.144026 0.122042 0.0998625 0.0799445 0.0639401 0.0527638 0.0468731 0.0465709 0.0522172 0.0642809 0.0831542 0.108597 0.138643 0.168106 0.188145 0.189947 0.171915 0.141481 0.108523 0.079497 0.0567354 0.0400837 0.0284024 0.0203909 0.0149281 0.0111632 0.00850113 0.00655168 0.00507223 0.00391815 0.00300444 0.00227931 0.00170788 0.00126331 0.000922822 0.000666331 0.00047619 0.00033731 0.000237206 0.000165874 0.000115531 8.02798e-05 5.57463e-05 3.8749e-05 2.70086e-05 1.89128e-05 1.33327e-05 9.4836e-06 6.82309e-06 4.97765e-06 3.69059e-06 2.78579e-06 2.14256e-06 1.67835e-06 1.33684e-06 1.07982e-06 8.81497e-07 7.24605e-07 5.97663e-07 4.93077e-07 4.05812e-07 3.32484e-07 2.70741e-07 2.18862e-07 1.75497e-07 1.39519e-07 1.09936e-07 8.5851e-08 6.64446e-08 5.0973e-08 3.87679e-08 2.92394e-08 2.18751e-08 1.62389e-08 1.19655e-08 8.75432e-09 6.36175e-09 4.59353e-09 3.29673e-09 2.35253e-09 1.66975e-09 1.17919e-09 8.28846e-10 5.80063e-10 4.0433e-10 2.80805e-10 1.94372e-10 1.34146e-10 9.23416e-11 6.34237e-11 4.34817e-11 2.97668e-11 2.03563e-11 1.39118e-11 9.50518e-12 6.49532e-12 4.44093e-12 3.03907e-12 2.08233e-12 1.42901e-12 9.82451e-13 6.76812e-13 4.67277e-13 3.23346e-13 2.24265e-13 1.55897e-13 1.08607e-13 7.58151e-14 5.30209e-14 3.71392e-14 2.60496e-14 1.82908e-14 1.28532e-14 9.03668e-15 6.35496e-15 4.46899e-15 3.14192e-15 2.20786e-15 1.55044e-15 1.08784e-15 7.625e-16 5.33847e-16 3.73293e-16 2.60674e-16 1.81773e-16 1.26566e-16 8.79927e-17 
7.49479e-17 1.1314e-16 1.70626e-16 2.57048e-16 3.868e-16 5.81339e-16 8.72592e-16 1.30797e-15 1.95778e-15 2.926e-15 4.36619e-15 6.50456e-15 9.67373e-15 1.43616e-14 2.12822e-14 3.14781e-14 4.64678e-14 6.8458e-14 1.00646e-13 1.47656e-13 2.16152e-13 3.15717e-13 4.60098e-13 6.68949e-13 9.70306e-13 1.40404e-12 2.02671e-12 2.91829e-12 4.19162e-12 6.00537e-12 8.58219e-12 1.22335e-11 1.73941e-11 2.46687e-11 3.48977e-11 4.92447e-11 6.93183e-11 9.73371e-11 1.36355e-10 1.9057e-10 2.65735e-10 3.69735e-10 5.13348e-10 7.11293e-10 9.8365e-10 1.35777e-09 1.8709e-09 2.57365e-09 3.53481e-09 4.84775e-09 6.63909e-09 9.08048e-09 1.24043e-08 1.69252e-08 2.30687e-08 3.14102e-08 4.27278e-08 5.80743e-08 7.8875e-08 1.07063e-07 1.45267e-07 1.97075e-07 2.67408e-07 3.63056e-07 4.93455e-07 6.71826e-07 9.16847e-07 1.25513e-06 1.72488e-06 2.38129e-06 3.30447e-06 4.61097e-06 6.4704e-06 9.12899e-06 1.29425e-05 1.84216e-05 2.62922e-05 3.75745e-05 5.36823e-05 7.65425e-05 0.00010873 0.000153605 0.000215436 0.00029946 0.000411848 0.000559505 0.000749661 0.000989262 0.00128425 0.00163902 0.00205662 0.00254049 0.0030987 0.00375158 0.00454282 0.00555323 0.00691445 0.00881862 0.0115176 0.0153034 0.0204576 0.0271614 0.0353694 0.044692 0.0543855 0.0635503 0.0715036 0.078052 0.0833632 0.087472 0.0898539 0.0895266 0.0857502 0.0788289 0.0703113 0.0624539 0.0575306 0.0575671 0.064593 0.0812188 0.111312 0.160444 0.235041 0.336175 0.436938 0.460003 0.386186 0.296312 0.235248 0.20927 0.214076 0.241942 0.278998 0.303118 0.296467 0.263933 0.223798 0.187971 0.159099 0.135968 0.11737 0.102938 0.0924261 0.0850352 0.0794256 0.0742256 0.068609 0.0625979 0.057009 0.0532204 0.0529995 0.0585456 0.0727772 0.099817 0.145526 0.217626 0.324016 0.466275 0.629415 0.796043 0.952254 0.823906 0.552001 0.357479 0.232472 0.15377 0.104427 0.0736903 0.0551435 0.0451623 0.0418679 0.0444771 0.0528748 0.0672236 0.0874206 0.112266 0.138514 0.160766 0.173741 0.17636 0.173424 0.172843 0.181981 0.205632 0.243764 0.286589 0.311437 0.298637 0.256462 0.208766 0.170764 0.147224 0.139016 0.147291 0.174779 0.224678 0.295388 0.367007 0.392482 0.348894 0.276391 0.21232 0.165999 0.13416 0.11148 0.0941513 0.0803803 0.0697462 0.0623897 0.0584768 0.0579612 0.0605032 0.0654442 0.0718418 0.0786317 0.0849161 0.090232 0.0945949 0.0982512 0.101279 0.103326 0.103779 0.102372 0.0997465 0.0974105 0.0971416 0.100387 0.108063 0.120722 0.138894 0.163429 0.195562 0.236305 0.285435 0.342793 0.414623 0.51784 0.660166 0.741541 0.619407 0.465319 0.358513 0.290323 0.244513 0.211871 0.189101 0.174194 0.163775 0.153722 0.141354 0.126522 0.110654 0.0952782 0.0814135 0.0696615 0.0603656 0.0536619 0.049521 0.0478487 0.0486202 0.0519957 0.058379 0.0684063 0.0828782 0.10271 0.129103 0.164234 0.2125 0.281385 0.37934 0.505564 0.628751 0.697434 0.709133 0.667069 0.563347 0.438045 0.327252 0.239712 0.173295 0.124038 0.0882473 0.0627625 0.0449624 0.0327541 0.0245342 0.0191188 0.0156598 0.0135641 0.0124271 0.0119848 0.0120844 0.0126703 0.0137808 0.0155526 0.0182311 0.0221838 0.0279157 0.0360712 0.0473931 0.0625839 0.0820062 0.105209 0.130463 0.154903 0.176042 0.19443 0.215242 0.246867 0.296698 0.363603 0.42658 0.450134 0.431131 0.40228 0.382472 0.369402 0.356678 0.34246 0.32655 0.308591 0.29151 0.282567 0.289941 0.319249 0.369883 0.426052 0.448198 0.407178 0.330373 0.256937 0.202323 0.167624 0.150046 0.146332 0.152597 0.163088 0.170072 0.166927 0.15271 0.132419 0.11248 0.09718 0.0882936 0.0861665 0.0907393 0.102154 0.121045 0.148548 0.18574 0.231775 0.28021 0.31659 0.326851 0.313738 0.294486 0.284529 0.292411 0.322931 0.377392 0.444837 0.48676 0.4605 0.386232 0.311398 0.257327 0.226068 0.212839 0.210751 0.212551 0.211901 0.204511 0.18887 0.166276 0.139931 0.113494 0.0899432 0.0711582 0.0580772 0.0511009 0.0504939 0.0566707 0.0703131 0.0922425 0.122852 0.160707 0.200026 0.228626 0.232435 0.208391 0.168305 0.126638 0.0914636 0.0648669 0.0459743 0.0330155 0.0242528 0.0182919 0.0141271 0.0110882 0.00876055 0.00690563 0.00539462 0.00415882 0.00315739 0.00235956 0.00173674 0.00126064 0.000903878 0.000641343 0.000451195 0.000315332 0.000219345 0.000152142 0.000105419 7.30992e-05 5.08171e-05 3.54824e-05 2.49337e-05 1.76714e-05 1.26621e-05 9.19565e-06 6.78544e-06 5.09802e-06 3.90495e-06 3.04986e-06 2.42588e-06 1.96025e-06 1.60373e-06 1.32329e-06 1.09702e-06 9.10482e-07 7.54266e-07 6.22191e-07 5.10111e-07 4.15108e-07 3.34971e-07 2.67884e-07 2.12243e-07 1.66575e-07 1.29504e-07 9.97507e-08 7.61371e-08 5.76029e-08 4.32111e-08 3.21512e-08 2.37358e-08 1.73931e-08 1.26555e-08 9.14675e-09 6.5691e-09 4.68981e-09 3.32945e-09 2.35135e-09 1.65251e-09 1.15614e-09 8.0551e-10 5.59093e-10 3.86731e-10 2.6669e-10 1.83417e-10 1.25858e-10 8.61986e-11 5.89488e-11 4.02703e-11 2.74924e-11 1.87647e-11 1.28102e-11 8.75045e-12 5.98324e-12 4.09667e-12 2.80967e-12 1.93078e-12 1.32971e-12 9.17912e-13 6.3519e-13 4.40632e-13 3.06407e-13 2.13563e-13 1.49172e-13 1.04397e-13 7.31844e-14 5.13762e-14 3.61069e-14 2.53965e-14 1.78723e-14 1.25803e-14 8.85484e-15 6.2308e-15 4.38207e-15 3.07962e-15 2.16231e-15 1.51661e-15 1.06244e-15 7.43299e-16 5.19288e-16 3.6225e-16 2.52312e-16 1.75461e-16 1.21822e-16 
9.7354e-17 1.47174e-16 2.2229e-16 3.35416e-16 5.05574e-16 7.61182e-16 1.14462e-15 1.71896e-15 2.57795e-15 3.86059e-15 5.77261e-15 8.61788e-15 1.28442e-14 1.91102e-14 2.83822e-14 4.20745e-14 6.22527e-14 9.19256e-14 1.35465e-13 1.99207e-13 2.92309e-13 4.27974e-13 6.25182e-13 9.11144e-13 1.32476e-12 1.9215e-12 2.7802e-12 4.01262e-12 5.77674e-12 8.29524e-12 1.18811e-11 1.6973e-11 2.41844e-11 3.43701e-11 4.87193e-11 6.88816e-11 9.71397e-11 1.36646e-10 1.91744e-10 2.68407e-10 3.74835e-10 5.22264e-10 7.26068e-10 1.00725e-09 1.39448e-09 1.92681e-09 2.65744e-09 3.65869e-09 5.02887e-09 6.90139e-09 9.45724e-09 1.29417e-08 1.76867e-08 2.41414e-08 3.29127e-08 4.48204e-08 6.09705e-08 8.28555e-08 1.12489e-07 1.52589e-07 2.06831e-07 2.80199e-07 3.79473e-07 5.1393e-07 6.96346e-07 9.44464e-07 1.28315e-06 1.74759e-06 2.38805e-06 3.27702e-06 4.51965e-06 6.26936e-06 8.75046e-06 1.22908e-05 1.7368e-05 2.46743e-05 3.52043e-05 5.03716e-05 7.21597e-05 0.000103306 0.000147517 0.000209697 0.000296158 0.000414756 0.000574858 0.000787048 0.00106244 0.00141152 0.00184263 0.0023604 0.00296485 0.00365268 0.00442216 0.00528352 0.00627542 0.00748612 0.00907582 0.011294 0.0144839 0.0190624 0.0254612 0.034009 0.0447516 0.0572606 0.0705774 0.083491 0.0951409 0.105488 0.115052 0.123915 0.130757 0.132944 0.128142 0.11645 0.100862 0.0856013 0.0742386 0.0691076 0.071775 0.0838281 0.107487 0.145621 0.200175 0.266776 0.324487 0.338482 0.302746 0.252202 0.217461 0.210934 0.236184 0.292089 0.365507 0.414987 0.393207 0.319771 0.243321 0.183845 0.14181 0.112723 0.0924982 0.0784184 0.0687116 0.0620073 0.0571044 0.053041 0.0492786 0.0458293 0.0432643 0.0426596 0.0455941 0.0543038 0.0720638 0.10384 0.157208 0.243275 0.376114 0.56336 0.760573 0.837207 0.792856 0.657226 0.475404 0.321614 0.213475 0.142437 0.097144 0.0689843 0.0523906 0.044119 0.0425401 0.0471228 0.0580504 0.0758163 0.100602 0.131251 0.164002 0.192142 0.20879 0.212396 0.209161 0.209477 0.223699 0.26063 0.325457 0.409413 0.46623 0.43595 0.347517 0.261723 0.199691 0.161566 0.143836 0.144422 0.163072 0.199575 0.249362 0.29667 0.315729 0.295827 0.2555 0.216355 0.186093 0.162891 0.142717 0.123297 0.104773 0.0885033 0.0757737 0.0672214 0.0628372 0.0621551 0.0644187 0.0687104 0.0741071 0.0798841 0.0856747 0.0914442 0.0972179 0.102673 0.106894 0.108669 0.107344 0.103597 0.0993239 0.0967612 0.0976899 0.103258 0.114305 0.131836 0.157315 0.192369 0.237402 0.28935 0.341966 0.392951 0.448329 0.504241 0.521205 0.469046 0.387721 0.317464 0.265397 0.225945 0.194469 0.169524 0.150531 0.136015 0.123795 0.112093 0.100223 0.0883973 0.0771726 0.0670943 0.0586024 0.0520095 0.0474795 0.0450436 0.0446755 0.0464029 0.0504143 0.0571302 0.0672205 0.0815795 0.101334 0.128087 0.16472 0.216858 0.294328 0.410324 0.570664 0.726005 0.742934 0.656923 0.560874 0.464725 0.371511 0.288678 0.219464 0.163614 0.119854 0.0866353 0.0622085 0.0447621 0.0326161 0.0243582 0.0188852 0.0153799 0.0132591 0.0121184 0.0116886 0.0118059 0.0123969 0.0134744 0.0151387 0.0175813 0.0210885 0.0260415 0.0329009 0.0421546 0.0541978 0.069134 0.0865522 0.105476 0.124809 0.144504 0.167145 0.199087 0.250452 0.333488 0.455215 0.586439 0.619839 0.544376 0.469819 0.428713 0.409991 0.400629 0.394071 0.382731 0.358147 0.322961 0.290878 0.274048 0.276753 0.295165 0.316981 0.324219 0.306183 0.269708 0.229246 0.194365 0.168634 0.152785 0.146346 0.147465 0.152285 0.155366 0.152065 0.141453 0.126568 0.111757 0.100279 0.0937909 0.0929768 0.09831 0.110614 0.131434 0.163184 0.208667 0.268772 0.336474 0.389476 0.4014 0.376272 0.343438 0.324876 0.330731 0.367683 0.441751 0.547337 0.626294 0.579691 0.459102 0.353951 0.284861 0.247474 0.233053 0.232392 0.236586 0.237925 0.231042 0.213896 0.188022 0.157446 0.126744 0.0995101 0.0778737 0.0627696 0.0544861 0.0531714 0.0591857 0.0732705 0.0964744 0.12962 0.171788 0.217141 0.2515 0.256921 0.22915 0.183309 0.136909 0.098761 0.0705685 0.0509209 0.0376332 0.0286935 0.0225435 0.0180967 0.014665 0.0118583 0.00948397 0.00746124 0.00575937 0.00436 0.00323996 0.00236744 0.00170462 0.00121223 0.000853428 0.00059618 0.000414174 0.000286754 0.000198261 0.000137154 9.51111e-05 6.62383e-05 4.6416e-05 3.2794e-05 2.34135e-05 1.69336e-05 1.24381e-05 9.3005e-06 7.09209e-06 5.51914e-06 4.3804e-06 3.53832e-06 2.89938e-06 2.40056e-06 1.99994e-06 1.67001e-06 1.39295e-06 1.15735e-06 9.55812e-07 7.83386e-07 6.36501e-07 5.12314e-07 4.08332e-07 3.22223e-07 2.5175e-07 1.94764e-07 1.49236e-07 1.13291e-07 8.52345e-08 6.35766e-08 4.70337e-08 3.45242e-08 2.51544e-08 1.81994e-08 1.30805e-08 9.34308e-09 6.63469e-09 4.6858e-09 3.29266e-09 2.30289e-09 1.60372e-09 1.11244e-09 7.68924e-10 5.29808e-10 3.64044e-10 2.49553e-10 1.70738e-10 1.16636e-10 7.95916e-11 5.42776e-11 3.70071e-11 2.5238e-11 1.72233e-11 1.17665e-11 8.0504e-12 5.51793e-12 3.79011e-12 2.60944e-12 1.80109e-12 1.24641e-12 8.64824e-13 6.01613e-13 4.19543e-13 2.93241e-13 2.05383e-13 1.44103e-13 1.01256e-13 7.12322e-14 5.01527e-14 3.53296e-14 2.48931e-14 1.75383e-14 1.23523e-14 8.69485e-15 6.1155e-15 4.29711e-15 3.01596e-15 2.11407e-15 1.47983e-15 1.03433e-15 7.21821e-16 5.02925e-16 3.49834e-16 2.42939e-16 1.68423e-16 
1.26114e-16 1.90906e-16 2.88755e-16 4.36369e-16 6.58799e-16 9.93549e-16 1.49667e-15 2.2518e-15 3.38348e-15 5.07685e-15 7.60661e-15 1.13794e-14 1.69962e-14 2.53427e-14 3.77221e-14 5.60465e-14 8.31158e-14 1.23019e-13 1.81712e-13 2.6785e-13 3.93977e-13 5.78221e-13 8.46711e-13 1.237e-12 1.80292e-12 2.62138e-12 3.80201e-12 5.50053e-12 7.93761e-12 1.14249e-11 1.64014e-11 2.34836e-11 3.35351e-11 4.77617e-11 6.78433e-11 9.61136e-11 1.35807e-10 1.91393e-10 2.69041e-10 3.7724e-10 5.27653e-10 7.36274e-10 1.025e-09 1.42376e-09 1.97343e-09 2.72971e-09 3.76847e-09 5.19297e-09 7.14349e-09 9.81056e-09 1.34526e-08 1.842e-08 2.51868e-08 3.43946e-08 4.69097e-08 6.39015e-08 8.69459e-08 1.18165e-07 1.60415e-07 2.17535e-07 2.94696e-07 3.98857e-07 5.39424e-07 7.29144e-07 9.85406e-07 1.3321e-06 1.80238e-06 2.44271e-06 3.31898e-06 4.52568e-06 6.19961e-06 8.54045e-06 1.18411e-05 1.65322e-05 2.32462e-05 3.29082e-05 4.68618e-05 6.70397e-05 9.6187e-05 0.000138143 0.000198179 0.000283371 0.000402959 0.00056862 0.00079449 0.00109676 0.00149263 0.00199831 0.00262623 0.0033816 0.00425946 0.00524434 0.00631523 0.00745916 0.00869484 0.0101047 0.0118694 0.0142951 0.0178229 0.0230091 0.0304574 0.0406791 0.0538646 0.0696156 0.0868331 0.104077 0.120458 0.136389 0.153171 0.17121 0.187869 0.196881 0.191749 0.17185 0.143851 0.11637 0.0952145 0.0828367 0.0797927 0.0861248 0.102053 0.127841 0.162464 0.200742 0.230826 0.239223 0.225039 0.203365 0.192152 0.204298 0.249348 0.335404 0.459883 0.561328 0.512849 0.378439 0.262956 0.183189 0.131183 0.0976894 0.0760275 0.0619144 0.0526611 0.0465048 0.0422271 0.0390155 0.0364583 0.0345703 0.0338054 0.0350699 0.0397985 0.0501656 0.0695121 0.103079 0.159166 0.250817 0.397832 0.626243 0.92368 0.894667 0.696639 0.5311 0.387008 0.270255 0.184693 0.126135 0.0877893 0.0637205 0.0497729 0.0434592 0.043613 0.0500576 0.0632993 0.084128 0.112923 0.148487 0.186604 0.219698 0.239953 0.245433 0.242882 0.244127 0.261941 0.30947 0.400427 0.539962 0.663738 0.597327 0.438254 0.311937 0.228392 0.17727 0.150056 0.141902 0.150216 0.172542 0.203783 0.233958 0.251038 0.250663 0.240108 0.228813 0.219491 0.208412 0.191025 0.166923 0.13988 0.114509 0.093818 0.0788804 0.0694878 0.0648266 0.0638932 0.0657019 0.0694081 0.07441 0.0803965 0.0872516 0.0947649 0.102237 0.108274 0.111176 0.109977 0.105357 0.0994752 0.0948895 0.0936298 0.0970189 0.106063 0.121956 0.146295 0.180561 0.224385 0.272858 0.316381 0.348004 0.369835 0.383343 0.379267 0.351108 0.309347 0.268252 0.233061 0.202708 0.175707 0.152061 0.13225 0.116115 0.102794 0.0912791 0.0808971 0.0714116 0.0628873 0.0555307 0.0495872 0.0452683 0.0427005 0.0419151 0.0428904 0.0456295 0.0502517 0.0570762 0.0666828 0.0799478 0.098111 0.123043 0.157973 0.208772 0.28527 0.400702 0.561964 0.717782 0.711006 0.594326 0.487707 0.403607 0.333157 0.270606 0.214006 0.163989 0.122029 0.0888265 0.0638719 0.0458665 0.0332827 0.0247206 0.0190499 0.0154238 0.0132356 0.0120631 0.0116213 0.01173 0.0122959 0.0133068 0.0148299 0.0170115 0.0200743 0.0243093 0.0300546 0.0376463 0.0473282 0.05913 0.0727871 0.0878564 0.104218 0.123022 0.147867 0.185914 0.248853 0.353896 0.522876 0.754582 0.802283 0.625387 0.504234 0.447544 0.430096 0.434954 0.451506 0.459245 0.431135 0.371281 0.310805 0.270091 0.252564 0.252566 0.260227 0.265025 0.260467 0.246527 0.226807 0.204816 0.183422 0.165503 0.153344 0.147378 0.145662 0.14466 0.141125 0.133942 0.124405 0.114894 0.10749 0.103534 0.103928 0.109609 0.121967 0.143188 0.176486 0.225725 0.293035 0.371739 0.435594 0.450121 0.419469 0.379521 0.354815 0.355836 0.389855 0.464138 0.575017 0.661412 0.608155 0.47645 0.36535 0.293944 0.256378 0.243251 0.245006 0.252279 0.256558 0.251418 0.234032 0.205968 0.172046 0.137791 0.107429 0.0833222 0.0663783 0.0567423 0.054388 0.0595065 0.0726851 0.0948363 0.126672 0.167216 0.210768 0.243766 0.249312 0.223398 0.180149 0.136172 0.100007 0.073383 0.0549521 0.0425498 0.0341505 0.02818 0.0235654 0.019675 0.0162114 0.013088 0.0103191 0.007942 0.0059745 0.00440308 0.00318783 0.00227397 0.00160281 0.00111944 0.000776758 0.000536809 0.000370346 0.000255612 0.000176851 0.000122885 8.59119e-05 6.05461e-05 4.31012e-05 3.10638e-05 2.27229e-05 1.69127e-05 1.28363e-05 9.94765e-06 7.87158e-06 6.35042e-06 5.20785e-06 4.32424e-06 3.61946e-06 3.04079e-06 2.55428e-06 2.13845e-06 1.77989e-06 1.47011e-06 1.20338e-06 9.75414e-07 7.82518e-07 6.2119e-07 4.87948e-07 3.79315e-07 2.91882e-07 2.22399e-07 1.67857e-07 1.25545e-07 9.3088e-08 6.84563e-08 4.99514e-08 3.61813e-08 2.60262e-08 1.85999e-08 1.32119e-08 9.33159e-09 6.55625e-09 4.58394e-09 3.19066e-09 2.21183e-09 1.52767e-09 1.05169e-09 7.21948e-10 4.94388e-10 3.37879e-10 2.30557e-10 1.5715e-10 1.07047e-10 7.29048e-11 4.96666e-11 3.38607e-11 2.31122e-11 1.58007e-11 1.08234e-11 7.43084e-12 5.11455e-12 3.5298e-12 2.44291e-12 1.69547e-12 1.17996e-12 8.23353e-13 5.75909e-13 4.03703e-13 2.83518e-13 1.99421e-13 1.40437e-13 9.89845e-14 6.98036e-14 4.92351e-14 3.47236e-14 2.44799e-14 1.72472e-14 1.21411e-14 8.53767e-15 5.99645e-15 4.20593e-15 2.94573e-15 2.0599e-15 1.43812e-15 1.00234e-15 6.97412e-16 4.84409e-16 3.35877e-16 2.32486e-16 
1.62936e-16 2.46948e-16 3.74018e-16 5.66027e-16 8.55852e-16 1.29281e-15 1.95079e-15 2.94024e-15 4.42609e-15 6.65402e-15 9.98944e-15 1.49747e-14 2.2413e-14 3.34917e-14 4.99615e-14 7.43984e-14 1.10584e-13 1.64055e-13 2.429e-13 3.589e-13 5.29177e-13 7.78541e-13 1.14284e-12 1.67375e-12 2.44551e-12 3.56447e-12 5.18259e-12 7.51629e-12 1.08729e-11 1.56874e-11 2.25741e-11 3.23974e-11 4.637e-11 6.61893e-11 9.42231e-11 1.33767e-10 1.89393e-10 2.67431e-10 3.76625e-10 5.29019e-10 7.41177e-10 1.03583e-09 1.44412e-09 2.00863e-09 2.78753e-09 3.86017e-09 5.33464e-09 7.35805e-09 1.01304e-08 1.39234e-08 1.91057e-08 2.61771e-08 3.58146e-08 4.89338e-08 6.67719e-08 9.09981e-08 1.23861e-07 1.68386e-07 2.28635e-07 3.1006e-07 4.19966e-07 5.68143e-07 7.67721e-07 1.03635e-06 1.39787e-06 1.88465e-06 2.54104e-06 3.42851e-06 4.63325e-06 6.27783e-06 8.53873e-06 1.1673e-05 1.60581e-05 2.22517e-05 3.10785e-05 4.37562e-05 6.20724e-05 8.86296e-05 0.000127173 0.000183011 0.00026354 0.000378835 0.000542263 0.000770987 0.00108614 0.00151234 0.00207613 0.00280291 0.00371202 0.0048103 0.00608549 0.00750238 0.00900654 0.0105413 0.0120813 0.0136807 0.0155248 0.0179695 0.021554 0.0269739 0.0350031 0.0463375 0.0613387 0.0797192 0.1004 0.121953 0.143778 0.167194 0.195008 0.228939 0.265219 0.290526 0.287088 0.251793 0.201562 0.15467 0.119804 0.0984229 0.0890789 0.0897604 0.0986844 0.11419 0.133989 0.154105 0.168764 0.173209 0.168409 0.162129 0.165169 0.188293 0.242466 0.339521 0.483773 0.612477 0.549086 0.388538 0.260219 0.17464 0.12009 0.0857378 0.0641102 0.0504343 0.0417223 0.0360894 0.0323356 0.0297331 0.02794 0.0269744 0.0272173 0.0294453 0.0349263 0.0456271 0.0645915 0.0965531 0.148838 0.232477 0.362677 0.552852 0.757671 0.734379 0.56689 0.421533 0.307379 0.219423 0.154559 0.109009 0.0784381 0.0590049 0.0479284 0.0435732 0.0453311 0.0534475 0.0688017 0.0925255 0.125244 0.165743 0.209351 0.24759 0.271628 0.278842 0.27596 0.275512 0.291405 0.338252 0.432011 0.582185 0.725449 0.649965 0.476398 0.342213 0.251933 0.193583 0.158677 0.142316 0.141306 0.152576 0.171952 0.193837 0.213094 0.228476 0.243204 0.260265 0.276411 0.281139 0.26499 0.230077 0.187689 0.148115 0.116331 0.0932645 0.0779308 0.0687995 0.0644128 0.0635923 0.0654737 0.0694894 0.0753073 0.0826759 0.0911389 0.0996945 0.106661 0.110128 0.109016 0.103978 0.0971971 0.0912941 0.0883765 0.0898385 0.096711 0.110094 0.131263 0.161079 0.198392 0.237938 0.270663 0.289803 0.29654 0.295248 0.28675 0.27065 0.249659 0.227589 0.205918 0.184204 0.162231 0.140865 0.121364 0.104514 0.0903753 0.0785558 0.0685832 0.0601274 0.0530509 0.0473706 0.0431905 0.0406311 0.0397708 0.0406138 0.0430922 0.0470999 0.0525612 0.0595374 0.0683643 0.0797846 0.0950664 0.116193 0.146291 0.190288 0.255167 0.347693 0.463616 0.559643 0.563518 0.496162 0.424107 0.367335 0.320245 0.273663 0.223975 0.174372 0.130113 0.0943103 0.0673314 0.0479684 0.0345387 0.0254709 0.0195079 0.0157209 0.0134521 0.0122463 0.0117938 0.0118918 0.0124239 0.0133514 0.014711 0.0166117 0.0192284 0.0227904 0.0275578 0.0337808 0.0416336 0.0511434 0.0621785 0.0746126 0.0887843 0.106256 0.130717 0.168849 0.23111 0.332093 0.486926 0.676677 0.717035 0.583685 0.477473 0.427676 0.420814 0.44671 0.496512 0.536821 0.508216 0.418918 0.330851 0.272196 0.243453 0.236602 0.242131 0.251636 0.259372 0.262051 0.257024 0.242217 0.219065 0.193336 0.171356 0.156315 0.147751 0.143056 0.139411 0.135194 0.130286 0.125453 0.121621 0.11965 0.120512 0.12551 0.136433 0.155736 0.186716 0.2331 0.296692 0.370996 0.433029 0.453977 0.434804 0.402198 0.37701 0.370486 0.390449 0.441059 0.512429 0.558585 0.521913 0.430265 0.343541 0.284106 0.252415 0.24263 0.247126 0.257471 0.265095 0.26267 0.246376 0.217586 0.181765 0.145269 0.112842 0.0870195 0.0686718 0.0578108 0.0542222 0.0578537 0.0689671 0.0880298 0.115186 0.148969 0.184086 0.20985 0.214299 0.194793 0.161147 0.125817 0.0960975 0.0739979 0.0587042 0.0484221 0.0413125 0.0358938 0.0311811 0.0266765 0.0222615 0.0180395 0.0141856 0.0108438 0.00808241 0.00589511 0.00422331 0.00298261 0.00208356 0.00144431 0.000996414 0.000685975 0.000472418 0.00032617 0.000226211 0.000157873 0.000111064 7.89017e-05 5.67177e-05 4.13491e-05 3.06489e-05 2.31538e-05 1.78612e-05 1.40802e-05 1.13338e-05 9.29308e-06 7.73246e-06 6.49943e-06 5.49285e-06 4.64734e-06 3.92189e-06 3.29157e-06 2.74141e-06 2.26223e-06 1.84778e-06 1.49297e-06 1.19294e-06 9.4261e-07 7.36626e-07 5.69474e-07 4.35674e-07 3.29976e-07 2.4753e-07 1.83992e-07 1.35581e-07 9.90906e-08 7.18633e-08 5.17398e-08 3.69985e-08 2.62893e-08 1.85695e-08 1.30448e-08 9.11751e-09 6.34303e-09 4.39422e-09 3.0326e-09 2.08584e-09 1.43042e-09 9.78498e-10 6.67977e-10 4.55271e-10 3.0995e-10 2.10881e-10 1.43456e-10 9.76217e-11 6.64865e-11 4.53398e-11 3.09722e-11 2.12023e-11 1.45497e-11 1.00116e-11 6.90889e-12 4.78208e-12 3.31997e-12 2.31168e-12 1.61411e-12 1.12993e-12 7.92802e-13 5.57352e-13 3.92458e-13 2.76693e-13 1.95246e-13 1.37845e-13 9.73362e-14 6.87217e-14 4.8498e-14 3.42019e-14 2.40976e-14 1.69593e-14 1.19201e-14 8.36627e-15 5.86287e-15 4.10183e-15 2.86487e-15 1.99743e-15 1.39015e-15 9.6577e-16 6.69735e-16 4.63611e-16 3.20358e-16 
2.09972e-16 3.18583e-16 4.83099e-16 7.32076e-16 1.1085e-15 1.67702e-15 2.53463e-15 3.82673e-15 5.77085e-15 8.69186e-15 1.3074e-14 1.96379e-14 2.94533e-14 4.41055e-14 6.59381e-14 9.84088e-14 1.46606e-13 2.18e-13 3.23533e-13 4.79187e-13 7.08249e-13 1.04456e-12 1.53714e-12 2.25683e-12 3.3057e-12 4.83037e-12 7.0408e-12 1.02368e-11 1.48452e-11 2.14718e-11 3.09733e-11 4.45586e-11 6.39273e-11 9.14622e-11 1.30494e-10 1.85666e-10 2.6343e-10 3.72732e-10 5.2594e-10 7.40117e-10 1.03874e-09 1.45407e-09 2.03031e-09 2.82796e-09 3.9297e-09 5.44833e-09 7.5376e-09 1.04068e-08 1.43406e-08 1.97257e-08 2.70873e-08 3.71376e-08 5.08415e-08 6.95052e-08 9.48939e-08 1.2939e-07 1.76205e-07 2.39656e-07 3.25539e-07 4.41615e-07 5.98263e-07 8.09332e-07 1.09329e-06 1.4748e-06 1.98678e-06 2.67347e-06 3.59466e-06 4.832e-06 6.49843e-06 8.7525e-06 1.18203e-05 1.60294e-05 2.186e-05 3.00232e-05 4.1577e-05 5.80973e-05 8.19233e-05 0.000116502 0.000166862 0.000240233 0.000346836 0.000500818 0.000721255 0.00103306 0.00146745 0.00206148 0.00285587 0.00389035 0.00519564 0.00678238 0.00862824 0.0106679 0.0127931 0.0148734 0.0168036 0.0185758 0.0203576 0.0225464 0.0257781 0.0308811 0.0387756 0.0503063 0.0659868 0.0856988 0.108581 0.133559 0.160709 0.192672 0.234606 0.291715 0.362534 0.424134 0.427612 0.360473 0.271291 0.196645 0.145222 0.11442 0.0993704 0.0956094 0.0994869 0.10794 0.118138 0.127248 0.132719 0.133443 0.131168 0.130762 0.139058 0.163724 0.212756 0.292508 0.396536 0.47192 0.43556 0.327601 0.226659 0.153704 0.105266 0.074158 0.0544509 0.0420169 0.0341488 0.0291138 0.0258285 0.0236632 0.022338 0.0218787 0.02261 0.0251852 0.0306698 0.0406996 0.0577366 0.0854133 0.128852 0.194469 0.287491 0.401552 0.492845 0.490676 0.411047 0.318281 0.238476 0.175601 0.128405 0.0944678 0.0711329 0.0560743 0.0476392 0.0449805 0.0480616 0.0576066 0.0749856 0.101911 0.139681 0.18762 0.240742 0.288323 0.317582 0.323515 0.314386 0.305443 0.311226 0.343985 0.412734 0.512029 0.587984 0.5568 0.454688 0.353561 0.272717 0.212402 0.171079 0.14713 0.13837 0.142038 0.154999 0.174257 0.198101 0.227396 0.265228 0.313104 0.363074 0.391019 0.372299 0.314605 0.246561 0.187021 0.14154 0.109308 0.0876692 0.0739759 0.0661563 0.0627596 0.0628304 0.0657554 0.0711047 0.0784362 0.0870415 0.0956988 0.102648 0.106058 0.104957 0.0999527 0.0930369 0.0866279 0.0827262 0.0826872 0.0874596 0.0978893 0.114736 0.13815 0.166546 0.195494 0.218513 0.231089 0.234078 0.231533 0.226468 0.220024 0.212576 0.20385 0.192697 0.177959 0.159743 0.139633 0.119756 0.101736 0.0863007 0.0734753 0.0629658 0.0544594 0.0477615 0.0428157 0.0396643 0.0383908 0.0390609 0.041667 0.0460762 0.0519936 0.0589813 0.066603 0.0747135 0.083793 0.0951421 0.110885 0.133922 0.167858 0.216367 0.280532 0.352296 0.407705 0.421473 0.400423 0.371545 0.348272 0.325832 0.29268 0.245106 0.191254 0.141554 0.101445 0.0716188 0.0505224 0.036082 0.0264435 0.0201735 0.0162386 0.0139185 0.0127171 0.012293 0.012414 0.0129341 0.0137844 0.0149709 0.0165721 0.0187299 0.0216343 0.0254993 0.0305254 0.0368532 0.0445215 0.0534859 0.0637792 0.0758834 0.0912894 0.113087 0.146362 0.198065 0.275257 0.377641 0.476098 0.504572 0.457813 0.403197 0.376395 0.383163 0.423445 0.492057 0.55177 0.526813 0.428 0.332662 0.271263 0.243136 0.239791 0.25199 0.272006 0.294553 0.314937 0.324823 0.31377 0.280945 0.238936 0.201531 0.175091 0.159531 0.151835 0.148601 0.147326 0.146638 0.14592 0.144959 0.144018 0.144094 0.146891 0.154552 0.169541 0.194758 0.23319 0.285976 0.348081 0.404565 0.437542 0.442248 0.42709 0.403874 0.385902 0.384539 0.403146 0.431599 0.444277 0.418579 0.363656 0.306313 0.263544 0.239995 0.233891 0.240427 0.252898 0.263307 0.263801 0.249622 0.221726 0.185853 0.148816 0.115655 0.0890201 0.0697947 0.0579249 0.0530504 0.0548703 0.0632659 0.0781706 0.0991029 0.124241 0.149206 0.16682 0.170098 0.1577 0.135326 0.110881 0.089777 0.0740093 0.0632635 0.0561474 0.0510198 0.046487 0.0416704 0.0362724 0.0304608 0.0246444 0.0192475 0.0145676 0.0107347 0.00773861 0.00548273 0.00383383 0.00265616 0.00182972 0.0012572 0.000864055 0.000595487 0.000412395 0.000287502 0.000202084 0.000143427 0.000102954 7.48877e-05 5.53262e-05 4.16199e-05 3.19547e-05 2.50783e-05 2.01206e-05 1.64757e-05 1.37233e-05 1.15751e-05 9.83722e-06 8.38314e-06 7.13329e-06 6.0399e-06 5.07568e-06 4.22544e-06 3.48036e-06 2.83417e-06 2.28094e-06 1.81405e-06 1.42589e-06 1.10799e-06 8.51455e-07 6.47365e-07 4.87201e-07 3.63125e-07 2.68175e-07 1.96345e-07 1.42588e-07 1.02761e-07 7.35312e-08 5.22664e-08 3.69221e-08 2.59336e-08 1.81197e-08 1.25992e-08 8.72225e-09 6.01455e-09 4.13294e-09 2.83134e-09 1.93465e-09 1.31914e-09 8.97989e-10 6.106e-10 4.14923e-10 2.81921e-10 1.91629e-10 1.30373e-10 8.88223e-11 6.06266e-11 4.14755e-11 2.84486e-11 1.95701e-11 1.35044e-11 9.34873e-12 6.49274e-12 4.52341e-12 3.16076e-12 2.21461e-12 1.55544e-12 1.09472e-12 7.71755e-13 5.44771e-13 3.84888e-13 2.72066e-13 1.92342e-13 1.35954e-13 9.60485e-14 6.7804e-14 4.78171e-14 3.36811e-14 2.36913e-14 1.66392e-14 1.16671e-14 8.16677e-15 5.70638e-15 3.97993e-15 2.77067e-15 1.92523e-15 1.33527e-15 9.24382e-16 6.38765e-16 4.40607e-16 
2.69924e-16 4.09935e-16 6.22297e-16 9.44145e-16 1.4315e-15 2.16875e-15 3.28284e-15 4.96441e-15 7.49934e-15 1.13156e-14 1.70525e-14 2.56637e-14 3.85687e-14 5.78761e-14 8.67113e-14 1.29697e-13 1.93655e-13 2.88626e-13 4.29357e-13 6.37449e-13 9.44459e-13 1.39637e-12 2.05998e-12 3.03209e-12 4.45254e-12 6.52273e-12 9.5319e-12 1.38941e-11 2.02003e-11 2.92912e-11 4.23592e-11 6.10898e-11 8.78584e-11 1.26002e-10 1.80196e-10 2.56965e-10 3.65397e-10 5.18106e-10 7.32559e-10 1.03288e-09 1.45229e-09 2.03647e-09 2.84809e-09 3.97295e-09 5.52834e-09 7.67436e-09 1.06293e-08 1.46903e-08 2.02619e-08 2.78936e-08 3.83318e-08 5.25896e-08 7.204e-08 9.85429e-08 1.34614e-07 1.83652e-07 2.50238e-07 3.40539e-07 4.62831e-07 6.28197e-07 8.51434e-07 1.15224e-06 1.55679e-06 2.09978e-06 2.82719e-06 3.80008e-06 5.09984e-06 6.83587e-06 9.15687e-06 1.22682e-05 1.64584e-05 2.21411e-05 2.99193e-05 4.06856e-05 5.57735e-05 7.71852e-05 0.000107925 0.000152477 0.000217475 0.000312599 0.000451755 0.0006545 0.000947668 0.00136693 0.00195782 0.00277547 0.00388172 0.00533821 0.0071939 0.00946657 0.0121202 0.0150445 0.0180486 0.0208851 0.023319 0.025236 0.026761 0.0283326 0.0306956 0.0348125 0.0417232 0.0523651 0.0673508 0.0867426 0.110037 0.136758 0.16784 0.207193 0.262405 0.344 0.46061 0.591779 0.615134 0.481742 0.336603 0.232262 0.166253 0.128358 0.109734 0.103682 0.105037 0.109636 0.114175 0.116414 0.115477 0.112046 0.108369 0.108003 0.115313 0.13488 0.170543 0.222557 0.28034 0.314734 0.297255 0.240135 0.176623 0.12471 0.087486 0.0624209 0.0460787 0.0355868 0.0288705 0.0245348 0.0216973 0.0198556 0.0188025 0.0185799 0.0194673 0.0220013 0.0270322 0.035819 0.0501509 0.072432 0.105542 0.151974 0.21119 0.274042 0.318147 0.320739 0.285181 0.234035 0.184184 0.14223 0.10942 0.0850009 0.0676616 0.0561852 0.0497924 0.0483081 0.0522412 0.0628396 0.0821227 0.11279 0.157702 0.218263 0.290563 0.359314 0.398504 0.394696 0.36528 0.336462 0.324331 0.336597 0.375076 0.430097 0.472896 0.472685 0.431426 0.369247 0.300739 0.2375 0.18821 0.156224 0.140748 0.139241 0.149062 0.168461 0.197439 0.238513 0.29669 0.376599 0.471275 0.536861 0.508529 0.409791 0.306553 0.224655 0.165688 0.125034 0.0977303 0.079919 0.068972 0.0632217 0.06163 0.0635061 0.0682775 0.0752794 0.083554 0.0917218 0.0980756 0.101038 0.0998721 0.0951669 0.0886242 0.0823149 0.0780036 0.0769183 0.0798742 0.087452 0.0999661 0.117095 0.13726 0.157279 0.173226 0.182715 0.186588 0.187924 0.189627 0.192999 0.197433 0.200477 0.198621 0.189252 0.172536 0.151289 0.129069 0.108478 0.0907035 0.075927 0.0638919 0.0542998 0.0469731 0.0418751 0.0390726 0.0386891 0.040851 0.0456092 0.0528081 0.0619122 0.0718909 0.0813775 0.0892762 0.0955923 0.101851 0.110744 0.125369 0.148534 0.181917 0.224422 0.269808 0.306733 0.326304 0.331574 0.3336 0.337899 0.336514 0.313888 0.266075 0.206877 0.151744 0.107743 0.0754645 0.052901 0.0376098 0.0275012 0.0210016 0.016994 0.0147048 0.0135978 0.0132943 0.0135234 0.0140975 0.0149078 0.0159268 0.017208 0.0188763 0.0211063 0.0240914 0.0280077 0.0329763 0.0390422 0.0462049 0.0545551 0.0645485 0.0773707 0.0952382 0.121395 0.159427 0.211116 0.271651 0.323961 0.345813 0.336175 0.317765 0.311153 0.325967 0.36528 0.422989 0.467973 0.451338 0.380407 0.30791 0.261949 0.246129 0.255 0.280536 0.315415 0.355786 0.398601 0.429784 0.421771 0.368306 0.298922 0.240363 0.201009 0.179048 0.169641 0.168012 0.170455 0.174327 0.177634 0.178916 0.177762 0.175343 0.174066 0.176596 0.185354 0.202767 0.231375 0.272778 0.325395 0.382875 0.435501 0.471473 0.477184 0.451279 0.414406 0.388023 0.378154 0.377062 0.37033 0.347625 0.311517 0.273332 0.243144 0.22581 0.221832 0.228712 0.241519 0.253225 0.256047 0.244674 0.219381 0.185459 0.149568 0.116825 0.0900599 0.0703138 0.0575894 0.0514554 0.0514075 0.0569941 0.0677141 0.0826813 0.100081 0.116684 0.128135 0.130758 0.124023 0.111073 0.0965373 0.0840228 0.0751284 0.0697078 0.0665396 0.0639991 0.0606426 0.0556379 0.0489359 0.041126 0.0330769 0.0255759 0.019125 0.0139163 0.00991186 0.0069473 0.00481488 0.00331372 0.00227331 0.0015598 0.00107348 0.00074278 0.000517701 0.000363972 0.000258425 0.000185515 0.00013484 9.94204e-05 7.45395e-05 5.69741e-05 4.44958e-05 3.55465e-05 2.90297e-05 2.41733e-05 2.04385e-05 1.74561e-05 1.49804e-05 1.28551e-05 1.09864e-05 9.32178e-06 7.83472e-06 6.51271e-06 5.34938e-06 4.33947e-06 3.47612e-06 2.74992e-06 2.14897e-06 1.65957e-06 1.26714e-06 9.57061e-07 7.15459e-07 5.2967e-07 3.88551e-07 2.82591e-07 2.0388e-07 1.45993e-07 1.03814e-07 7.33452e-08 5.15099e-08 3.59769e-08 2.50021e-08 1.72963e-08 1.19166e-08 8.18057e-09 5.59816e-09 3.82075e-09 2.60199e-09 1.76904e-09 1.20134e-09 8.1531e-10 5.53277e-10 3.75631e-10 2.55278e-10 1.73749e-10 1.18496e-10 8.10116e-11 5.55414e-11 3.81982e-11 2.63581e-11 1.82507e-11 1.26806e-11 8.84e-12 6.18208e-12 4.33578e-12 3.04863e-12 2.14823e-12 1.5164e-12 1.07182e-12 7.58254e-13 5.36687e-13 3.79902e-13 2.68852e-13 1.90155e-13 1.3438e-13 9.48605e-14 6.68761e-14 4.70779e-14 3.30874e-14 2.32144e-14 1.6258e-14 1.13648e-14 7.92919e-15 5.52146e-15 3.83739e-15 2.66182e-15 1.84285e-15 1.27345e-15 8.78361e-16 6.04759e-16 
3.46198e-16 5.26184e-16 7.99506e-16 1.21429e-15 1.84329e-15 2.79627e-15 4.23872e-15 6.41971e-15 9.71352e-15 1.46817e-14 2.21651e-14 3.34212e-14 5.03258e-14 7.56727e-14 1.13614e-13 1.70305e-13 2.54855e-13 3.8071e-13 5.67666e-13 8.44805e-13 1.25473e-12 1.85968e-12 2.75036e-12 4.05853e-12 5.9751e-12 8.77578e-12 1.28576e-11 1.87906e-11 2.73902e-11 3.98197e-11 5.77332e-11 8.34744e-11 1.20354e-10 1.73035e-10 2.48058e-10 3.54576e-10 5.05357e-10 7.18151e-10 1.01757e-09 1.43765e-09 2.02533e-09 2.84519e-09 3.98588e-09 5.56887e-09 7.76026e-09 1.07869e-08 1.4958e-08 2.0695e-08 2.8571e-08 3.93654e-08 5.4137e-08 7.43231e-08 1.01874e-07 1.39431e-07 1.90573e-07 2.60138e-07 3.54656e-07 4.82926e-07 6.5677e-07 8.9203e-07 1.20986e-06 1.63839e-06 2.21493e-06 2.98871e-06 4.02459e-06 5.4078e-06 7.25055e-06 9.70112e-06 1.29573e-05 1.72863e-05 2.30568e-05 3.07878e-05 4.12278e-05 5.54786e-05 7.5189e-05 0.000102851 0.000142243 0.000199082 0.000281947 0.000403566 0.000582524 0.000845422 0.00122943 0.00178489 0.00257741 0.00368804 0.00520976 0.00723743 0.00984845 0.0130728 0.0168547 0.0210157 0.0252386 0.0290986 0.0321645 0.0341649 0.0351657 0.035669 0.0365707 0.0389967 0.0440971 0.052854 0.0659155 0.0834835 0.105413 0.131804 0.164193 0.206958 0.268376 0.361228 0.501336 0.683936 0.729734 0.539144 0.364095 0.247859 0.177176 0.137743 0.119021 0.11337 0.114804 0.118293 0.119894 0.117476 0.111173 0.102938 0.0955906 0.0920941 0.0951981 0.10714 0.128879 0.158268 0.187359 0.202539 0.193587 0.164408 0.12815 0.0951898 0.0695621 0.0512865 0.0388839 0.0306829 0.025297 0.0217259 0.0193224 0.0177293 0.0168214 0.0166677 0.0175165 0.0198058 0.0241947 0.0316066 0.043253 0.0605681 0.0848994 0.116691 0.1539 0.190086 0.214728 0.219174 0.203985 0.177509 0.148418 0.121851 0.0998039 0.0825362 0.0696264 0.0606172 0.0553756 0.0542803 0.0583368 0.0693143 0.0899605 0.124273 0.177636 0.256067 0.361899 0.477973 0.54201 0.506703 0.429826 0.367133 0.332735 0.326307 0.344246 0.378811 0.416499 0.442268 0.443468 0.40931 0.343659 0.269799 0.208527 0.167442 0.145897 0.140713 0.148998 0.169267 0.202053 0.250546 0.321194 0.422524 0.55438 0.661801 0.619249 0.477807 0.347336 0.250962 0.18389 0.138068 0.106934 0.0860013 0.0724868 0.0647422 0.0617526 0.0627784 0.0671024 0.0738344 0.0817762 0.0894118 0.0951128 0.0975784 0.0963436 0.0920226 0.0860636 0.080178 0.0758393 0.0740952 0.0756254 0.0808307 0.089779 0.101967 0.116052 0.129899 0.141332 0.149417 0.155273 0.161554 0.170998 0.184986 0.202364 0.218657 0.226965 0.221862 0.203663 0.177843 0.150546 0.12555 0.104159 0.0863266 0.0716399 0.0598026 0.0507399 0.04454 0.041387 0.0415316 0.0452688 0.0528534 0.064269 0.0787997 0.0945401 0.108376 0.117182 0.119989 0.119128 0.119008 0.123927 0.136737 0.158336 0.187218 0.219127 0.248215 0.270691 0.288151 0.305656 0.324331 0.334152 0.318064 0.272194 0.212484 0.156196 0.111091 0.0779175 0.0546903 0.0389537 0.0285946 0.0220127 0.0180638 0.0159462 0.01509 0.015073 0.0155684 0.0163258 0.0171765 0.0180494 0.0189801 0.0200989 0.0215967 0.0236796 0.0265231 0.0302391 0.0348678 0.040417 0.0469739 0.0548944 0.0650154 0.0787605 0.0979557 0.124131 0.157088 0.192931 0.223485 0.240723 0.244493 0.243304 0.247224 0.262844 0.29188 0.328025 0.352432 0.343982 0.306936 0.267442 0.245709 0.248656 0.274577 0.316699 0.367209 0.424045 0.490035 0.549422 0.545953 0.46144 0.358416 0.278569 0.22838 0.202487 0.193744 0.195849 0.203748 0.213309 0.220904 0.22365 0.220557 0.213436 0.205977 0.201687 0.202968 0.211848 0.230897 0.26313 0.311126 0.376186 0.455916 0.533244 0.563757 0.523914 0.457922 0.406191 0.375477 0.356735 0.338657 0.31462 0.285093 0.25529 0.230955 0.215886 0.211438 0.216594 0.227892 0.239439 0.244045 0.236161 0.214953 0.184399 0.150486 0.118431 0.0915057 0.0711279 0.0574709 0.0500778 0.0482771 0.0513579 0.0585346 0.0687526 0.080427 0.0913265 0.0989289 0.101399 0.0986589 0.0925434 0.0857885 0.080703 0.0783759 0.0785387 0.0798466 0.0804131 0.0785009 0.0731845 0.0646872 0.0541825 0.0431945 0.0330047 0.0243625 0.0175054 0.0123285 0.00856151 0.0058936 0.00404025 0.0027694 0.00190457 0.00131778 0.000919194 0.000647259 0.000460489 0.000331206 0.000241018 0.000177676 0.000132952 0.000101246 7.8683e-05 6.25359e-05 5.0863e-05 4.22739e-05 3.57769e-05 3.06761e-05 2.64972e-05 2.2931e-05 1.97882e-05 1.69635e-05 1.44059e-05 1.20962e-05 1.00304e-05 8.2086e-06 6.62816e-06 5.28101e-06 4.15298e-06 3.2248e-06 2.47383e-06 1.87591e-06 1.40699e-06 1.04443e-06 7.67807e-07 5.59338e-07 4.04027e-07 2.89545e-07 2.05985e-07 1.4555e-07 1.02206e-07 7.13591e-08 4.95627e-08 3.42616e-08 2.35841e-08 1.61735e-08 1.10554e-08 7.53621e-09 5.12574e-09 3.4803e-09 2.3603e-09 1.59974e-09 1.0842e-09 7.35189e-10 4.99068e-10 3.39339e-10 2.31231e-10 1.5798e-10 1.08262e-10 7.44395e-11 5.13667e-11 3.55762e-11 2.47305e-11 1.72527e-11 1.20763e-11 8.47884e-12 5.96901e-12 4.21163e-12 2.97703e-12 2.10719e-12 1.49285e-12 1.0581e-12 7.5e-13 5.31447e-13 3.76337e-13 2.66249e-13 1.8814e-13 1.3276e-13 9.35339e-14 6.57849e-14 4.6184e-14 3.23616e-14 2.26315e-14 1.57954e-14 1.1002e-14 7.6478e-15 5.30556e-15 3.67338e-15 2.53838e-15 1.75074e-15 1.20527e-15 8.28265e-16 
4.43084e-16 6.73841e-16 1.02463e-15 1.55762e-15 2.36691e-15 3.59482e-15 5.45628e-15 8.27544e-15 1.25405e-14 1.89853e-14 2.87118e-14 4.33709e-14 6.54323e-14 9.85826e-14 1.48315e-13 2.22794e-13 3.34135e-13 5.00268e-13 7.47665e-13 1.11532e-12 1.66052e-12 2.46719e-12 3.658e-12 5.41163e-12 7.98772e-12 1.17623e-11 1.72786e-11 2.53181e-11 3.70027e-11 5.39366e-11 7.84069e-11 1.13663e-10 1.64306e-10 2.36828e-10 3.40364e-10 4.87717e-10 6.9678e-10 9.92476e-10 1.40941e-09 1.99552e-09 2.81695e-09 3.96485e-09 5.5644e-09 7.78724e-09 1.08682e-08 1.5128e-08 2.1004e-08 2.90922e-08 4.02035e-08 5.54404e-08 7.6301e-08 1.0482e-07 1.43758e-07 1.96859e-07 2.69199e-07 3.67648e-07 5.01492e-07 6.83263e-07 9.29828e-07 1.26382e-06 1.71552e-06 2.32521e-06 3.14627e-06 4.24909e-06 5.72591e-06 7.69721e-06 1.03198e-05 1.37976e-05 1.83975e-05 2.44717e-05 3.24931e-05 4.31125e-05 5.72498e-05 7.62438e-05 0.000102091 0.00013782 0.000188073 0.000259966 0.000364357 0.000517631 0.000744149 0.00107945 0.00157416 0.00229832 0.00334519 0.00483281 0.00689994 0.00969194 0.0133311 0.0178678 0.0232159 0.0290891 0.0349719 0.0401697 0.0439704 0.0459004 0.0459829 0.0448536 0.0436481 0.0437192 0.0463412 0.0525086 0.0628426 0.0775969 0.0968425 0.120978 0.151585 0.192355 0.249637 0.331935 0.444944 0.565492 0.586551 0.46903 0.335307 0.237411 0.175771 0.141559 0.126454 0.123684 0.127308 0.131696 0.13209 0.126143 0.114808 0.101312 0.0892324 0.0813267 0.0793228 0.0839876 0.0948774 0.10963 0.123376 0.129811 0.124836 0.109742 0.0898133 0.0702663 0.0540007 0.0417597 0.0330994 0.0271681 0.0231275 0.0203242 0.0183325 0.0169367 0.0160968 0.0159173 0.0166336 0.0186153 0.0223842 0.0286277 0.0381781 0.0518986 0.0703857 0.0933996 0.11907 0.143364 0.160859 0.167342 0.162427 0.14942 0.132822 0.116144 0.101253 0.0887331 0.0785632 0.0707069 0.0654805 0.0637181 0.0668571 0.0770985 0.0977679 0.133965 0.193553 0.288382 0.434429 0.639258 0.783815 0.649335 0.489104 0.387665 0.334607 0.316751 0.325608 0.355002 0.398915 0.44879 0.483883 0.467531 0.392699 0.301035 0.226051 0.176562 0.150244 0.142564 0.149933 0.170522 0.204438 0.254013 0.324273 0.421667 0.543133 0.636482 0.59955 0.472692 0.350533 0.258065 0.192478 0.146554 0.114232 0.0915353 0.0761851 0.0669095 0.0628858 0.0633966 0.0676119 0.0744368 0.0824414 0.0899554 0.0953789 0.0976268 0.0964856 0.0926508 0.087406 0.0821489 0.0780439 0.0759264 0.0763698 0.0797298 0.0860496 0.0948566 0.105042 0.115084 0.123749 0.130992 0.13844 0.149023 0.165942 0.191235 0.223827 0.257088 0.278578 0.277241 0.253909 0.219581 0.184611 0.153774 0.127757 0.105765 0.0870799 0.0715236 0.0593224 0.0508497 0.046505 0.0467422 0.0521452 0.0634055 0.0810203 0.104478 0.13088 0.153929 0.165868 0.163356 0.151115 0.13796 0.130971 0.133558 0.146136 0.166908 0.192327 0.21809 0.241211 0.261902 0.282469 0.302229 0.312215 0.298854 0.259235 0.206094 0.154248 0.111375 0.0790344 0.0559757 0.0401943 0.0298051 0.0233062 0.0195867 0.017843 0.0174777 0.0180131 0.019039 0.0202015 0.0212322 0.0219952 0.0225163 0.0229684 0.023612 0.0247153 0.0264861 0.0290365 0.0323875 0.03652 0.0414751 0.0474889 0.0551085 0.0652008 0.078745 0.0963328 0.117415 0.139652 0.159247 0.172983 0.180768 0.185969 0.193189 0.20581 0.224234 0.244193 0.2567 0.254189 0.239778 0.226282 0.226464 0.247324 0.289197 0.345701 0.407135 0.471015 0.54464 0.615353 0.612781 0.511228 0.39263 0.304193 0.250762 0.225723 0.22129 0.230435 0.246711 0.263782 0.275656 0.278034 0.270151 0.255493 0.239712 0.227307 0.220539 0.22097 0.231284 0.255828 0.30034 0.371575 0.4742 0.592691 0.650243 0.590338 0.498273 0.431909 0.392475 0.366293 0.341806 0.314164 0.28414 0.255117 0.230766 0.214003 0.206533 0.208382 0.217344 0.228694 0.235868 0.232716 0.216461 0.189113 0.15609 0.123318 0.0950287 0.0732189 0.0582161 0.0494641 0.0460837 0.0471329 0.0516396 0.0585086 0.0664159 0.0738293 0.0792854 0.0819069 0.0818698 0.0804208 0.0793449 0.0801939 0.0836542 0.0892217 0.0952299 0.0992775 0.0990562 0.0933442 0.0826233 0.0688178 0.0543123 0.0410009 0.0298968 0.0212455 0.014828 0.0102319 0.00702051 0.00481357 0.0033118 0.00229406 0.00160367 0.00113292 0.00080925 0.000584494 0.000426862 0.000315359 0.000235998 0.000179307 0.000138735 0.000109646 8.86955e-05 7.34406e-05 6.20954e-05 5.33702e-05 4.63575e-05 4.04461e-05 3.52503e-05 3.05492e-05 2.62357e-05 2.22738e-05 1.86652e-05 1.5425e-05 1.25664e-05 1.00924e-05 7.99262e-06 6.24432e-06 4.81533e-06 3.66765e-06 2.76097e-06 2.05565e-06 1.51478e-06 1.10551e-06 7.99601e-07 5.73541e-07 4.0823e-07 2.88506e-07 2.02566e-07 1.41377e-07 9.81357e-08 6.77862e-08 4.66173e-08 3.19351e-08 2.18036e-08 1.48442e-08 1.00829e-08 6.83681e-09 4.63026e-09 3.13396e-09 2.12117e-09 1.43653e-09 9.7403e-10 6.61607e-10 4.50441e-10 3.07542e-10 2.10662e-10 1.4482e-10 9.99385e-11 6.92386e-11 4.81581e-11 3.36234e-11 2.35591e-11 1.65607e-11 1.16741e-11 8.24881e-12 5.83948e-12 4.13958e-12 2.93715e-12 2.08489e-12 1.47993e-12 1.05009e-12 7.44553e-13 5.27369e-13 3.73054e-13 2.63496e-13 1.858e-13 1.30775e-13 9.18688e-14 6.44078e-14 4.50625e-14 3.14618e-14 2.19199e-14 1.524e-14 1.05737e-14 7.32117e-15 5.05898e-15 3.48896e-15 2.40163e-15 1.65013e-15 1.13178e-15 
5.66002e-16 8.61103e-16 1.31011e-15 1.99302e-15 3.03118e-15 4.6084e-15 7.00279e-15 1.06346e-14 1.61382e-14 2.44691e-14 3.70652e-14 5.6086e-14 8.47692e-14 1.2796e-13 1.92896e-13 2.90364e-13 4.36408e-13 6.5484e-13 9.80913e-13 1.4667e-12 2.18891e-12 3.26027e-12 4.84596e-12 7.18738e-12 1.06362e-11 1.57035e-11 2.31292e-11 3.39815e-11 4.97977e-11 7.27826e-11 1.06088e-10 1.54203e-10 2.23503e-10 3.23004e-10 4.65421e-10 6.68616e-10 9.57602e-10 1.36728e-09 1.94622e-09 2.76174e-09 3.90693e-09 5.51011e-09 7.74776e-09 1.08619e-08 1.51839e-08 2.11664e-08 2.94269e-08 4.08063e-08 5.64493e-08 7.79118e-08 1.07308e-07 1.4751e-07 2.02415e-07 2.77313e-07 3.79378e-07 5.18334e-07 7.07345e-07 9.64207e-07 1.31293e-06 1.78579e-06 2.42608e-06 3.29153e-06 4.45875e-06 6.02878e-06 8.1339e-06 1.09461e-05 1.46876e-05 1.9644e-05 2.61815e-05 3.47723e-05 4.60316e-05 6.07793e-05 8.01407e-05 0.000105719 0.000139876 0.000186199 0.000250227 0.000340582 0.00047065 0.000661026 0.000942946 0.00136292 0.00198866 0.00291599 0.00427577 0.00623821 0.00900966 0.0128139 0.0178472 0.0241985 0.0317373 0.0400002 0.0481425 0.05504 0.0595798 0.0610719 0.0595971 0.056088 0.0520694 0.0492076 0.0489176 0.0521729 0.0594973 0.0710747 0.086976 0.107547 0.133917 0.168391 0.214261 0.274139 0.3444 0.403075 0.408968 0.352642 0.275053 0.209514 0.165398 0.141049 0.132 0.133409 0.140076 0.146144 0.146087 0.137235 0.121308 0.102812 0.0861172 0.0739412 0.0673789 0.0663731 0.0699335 0.0760769 0.0818884 0.0842568 0.0812986 0.0733845 0.0626751 0.0516568 0.0420317 0.0344796 0.0289453 0.0250178 0.0222126 0.0201301 0.018521 0.0172912 0.0164796 0.0162323 0.0167897 0.018491 0.0217885 0.0272571 0.0355696 0.0473948 0.063164 0.0826703 0.104571 0.126096 0.14347 0.153324 0.154404 0.148184 0.137786 0.126186 0.115118 0.105068 0.0959492 0.087809 0.0812487 0.0775038 0.0783891 0.0863671 0.104931 0.139408 0.198282 0.295206 0.451785 0.697865 0.939562 0.693884 0.496279 0.383308 0.326563 0.307735 0.316487 0.346963 0.395582 0.456718 0.507695 0.498384 0.415549 0.313578 0.231933 0.178735 0.150361 0.141507 0.148131 0.16791 0.199998 0.244811 0.303863 0.377733 0.457195 0.507364 0.485466 0.40699 0.319469 0.246389 0.190967 0.14974 0.11883 0.0957807 0.0794179 0.0691734 0.0645776 0.0650147 0.0695957 0.0770612 0.0857648 0.0938531 0.0996815 0.102301 0.101721 0.098758 0.094597 0.0903328 0.0867607 0.0844441 0.0838907 0.0855921 0.0898223 0.096316 0.104112 0.111854 0.118608 0.124815 0.132738 0.146087 0.169086 0.205101 0.254102 0.307947 0.346644 0.349365 0.318073 0.273194 0.230269 0.193973 0.163284 0.136178 0.11176 0.0904293 0.0731568 0.0608508 0.054201 0.053875 0.0608151 0.0764161 0.102316 0.139259 0.184181 0.225809 0.245491 0.23326 0.200894 0.167798 0.145544 0.137434 0.14257 0.158185 0.180355 0.204535 0.226989 0.246534 0.264078 0.278774 0.284381 0.272155 0.240011 0.195858 0.150493 0.111031 0.0800628 0.0573893 0.0416645 0.0313354 0.0250481 0.0217494 0.0206472 0.0211175 0.0226089 0.024581 0.0265061 0.0279411 0.0286398 0.0286294 0.028192 0.0277491 0.0277109 0.0283643 0.0298278 0.0320767 0.0350188 0.0386053 0.0429479 0.0483918 0.055486 0.064805 0.0766222 0.0905304 0.105242 0.118897 0.129962 0.138206 0.144878 0.151945 0.160926 0.17184 0.182574 0.189607 0.19092 0.189224 0.191698 0.206456 0.239119 0.290302 0.353532 0.417459 0.476696 0.535326 0.582221 0.571442 0.489241 0.389313 0.311352 0.264489 0.246002 0.250426 0.271453 0.301057 0.328684 0.343795 0.341208 0.323281 0.297326 0.271255 0.250006 0.235235 0.227796 0.230152 0.247047 0.285093 0.352002 0.452748 0.571343 0.633583 0.586109 0.507818 0.453317 0.421952 0.39812 0.370814 0.338286 0.303814 0.271018 0.242688 0.221287 0.208983 0.2069 0.214201 0.227391 0.24014 0.244368 0.23356 0.20713 0.171195 0.134123 0.101952 0.0772605 0.0602342 0.0499494 0.0451704 0.0446829 0.0473533 0.0520741 0.0577137 0.0631633 0.0675269 0.0704083 0.0721306 0.0737063 0.0765018 0.0817091 0.0897911 0.100048 0.110459 0.117999 0.119597 0.113531 0.100473 0.0831912 0.0650533 0.0486083 0.0351063 0.0247557 0.0171906 0.0118404 0.00813929 0.00561317 0.00389971 0.0027373 0.00194426 0.00139784 0.00101664 0.000747314 0.000554922 0.000416423 0.000316339 0.000243987 0.000191766 0.000154115 0.000126877 0.000106927 9.19276e-05 8.01737e-05 7.04686e-05 6.2024e-05 5.43671e-05 4.72571e-05 4.06087e-05 3.44281e-05 2.87631e-05 2.36673e-05 1.91785e-05 1.53085e-05 1.20422e-05 9.34111e-06 7.15007e-06 5.40464e-06 4.0374e-06 2.98297e-06 2.18142e-06 1.58012e-06 1.13452e-06 8.07982e-07 5.71139e-07 4.00963e-07 2.79737e-07 1.94058e-07 1.33935e-07 9.20184e-08 6.29668e-08 4.29379e-08 2.91944e-08 1.9803e-08 1.34086e-08 9.06808e-09 6.12899e-09 4.14263e-09 2.80189e-09 1.89753e-09 1.28754e-09 8.75828e-10 5.97582e-10 4.09161e-10 2.81233e-10 1.94097e-10 1.34524e-10 9.36284e-11 6.54293e-11 4.58963e-11 3.23047e-11 2.28055e-11 1.61393e-11 1.14438e-11 8.12576e-12 5.77485e-12 4.10569e-12 2.91879e-12 2.07403e-12 1.47253e-12 1.04428e-12 7.39533e-13 5.2287e-13 3.69018e-13 2.59933e-13 1.82721e-13 1.28173e-13 8.97155e-14 6.26596e-14 4.36673e-14 3.03654e-14 2.107e-14 1.45892e-14 1.00809e-14 6.95177e-15 4.78457e-15 3.28681e-15 2.25383e-15 1.54283e-15 
7.21821e-16 1.09832e-15 1.67157e-15 2.54421e-15 3.87213e-15 5.89187e-15 8.96202e-15 1.36254e-14 2.0703e-14 3.14342e-14 4.76878e-14 7.22769e-14 1.09429e-13 1.65486e-13 2.49943e-13 3.76991e-13 5.6779e-13 8.53827e-13 1.28185e-12 1.9211e-12 2.87386e-12 4.29089e-12 6.39374e-12 9.50712e-12 1.41056e-11 2.08804e-11 3.08361e-11 4.54267e-11 6.67509e-11 9.78277e-11 1.42985e-10 2.08404e-10 3.02887e-10 4.38916e-10 6.34135e-10 9.13394e-10 1.31156e-09 1.8774e-09 2.67886e-09 3.81033e-09 5.40247e-09 7.63565e-09 1.07581e-08 1.51104e-08 2.11594e-08 2.95425e-08 4.11296e-08 5.71052e-08 7.90812e-08 1.09248e-07 1.50582e-07 2.07124e-07 2.84359e-07 3.89733e-07 5.33352e-07 7.28923e-07 9.95033e-07 1.35685e-06 1.84842e-06 2.51565e-06 3.42025e-06 4.64486e-06 6.29943e-06 8.52937e-06 1.15253e-05 1.5535e-05 2.08772e-05 2.79581e-05 3.72916e-05 4.95245e-05 6.54742e-05 8.61886e-05 0.000113049 0.000147952 0.000193632 0.000254199 0.000336046 0.000449266 0.000609856 0.000842971 0.00118764 0.0017033 0.00247854 0.00364198 0.00537426 0.00791808 0.0115793 0.0167055 0.0236227 0.0325061 0.0431801 0.0548968 0.0662352 0.0753193 0.080418 0.0806744 0.0765205 0.0695348 0.0618657 0.0555718 0.0521845 0.0525872 0.0571146 0.065745 0.0783381 0.0949145 0.115924 0.142314 0.175051 0.2136 0.252938 0.280744 0.282238 0.255521 0.215461 0.178418 0.152516 0.139111 0.136442 0.1415 0.150172 0.156948 0.156096 0.14486 0.125529 0.103449 0.0834612 0.0682163 0.058433 0.0536507 0.0527323 0.0540863 0.0558615 0.0563453 0.0545194 0.0504015 0.0448582 0.0390305 0.0338113 0.0296311 0.0265107 0.0242296 0.0224962 0.0210692 0.019821 0.0187486 0.0179557 0.0176308 0.0180366 0.0195193 0.0225315 0.0276554 0.0356039 0.0471654 0.0630383 0.0834944 0.107834 0.133747 0.157068 0.172846 0.178013 0.173609 0.163797 0.152693 0.142299 0.132632 0.122974 0.113067 0.103663 0.0964253 0.0935508 0.0975847 0.111681 0.140286 0.190018 0.270152 0.390115 0.541142 0.629327 0.5524 0.43359 0.350815 0.308805 0.299295 0.3144 0.347411 0.392424 0.442232 0.477558 0.461839 0.387489 0.296105 0.221138 0.171327 0.144354 0.135698 0.141577 0.159418 0.187463 0.224298 0.268431 0.316893 0.361179 0.38417 0.370898 0.327201 0.273058 0.222973 0.181434 0.147654 0.120016 0.0978764 0.0814099 0.0708986 0.0663121 0.0672052 0.0726994 0.0814379 0.0916008 0.101147 0.108335 0.112286 0.113202 0.112042 0.109897 0.107465 0.104962 0.102488 0.100505 0.0999266 0.101656 0.105901 0.111807 0.117807 0.122746 0.127216 0.134107 0.148067 0.174423 0.217866 0.279772 0.351781 0.407709 0.416352 0.380794 0.330779 0.285247 0.247319 0.213489 0.180427 0.147797 0.117687 0.0926479 0.0744473 0.0640384 0.0621545 0.069996 0.0897704 0.124874 0.179017 0.252109 0.32863 0.36596 0.333855 0.265827 0.204169 0.163883 0.145076 0.143834 0.155622 0.175613 0.198633 0.220202 0.238341 0.253522 0.265373 0.269548 0.25955 0.232846 0.194175 0.152119 0.113833 0.0828674 0.0598306 0.0438103 0.0334376 0.0274271 0.0247532 0.0246305 0.0264073 0.0294362 0.0329805 0.0362213 0.0384045 0.0390837 0.038304 0.0365758 0.0346393 0.0331749 0.0326089 0.0330633 0.0344161 0.0364281 0.0388968 0.0417949 0.0453411 0.049956 0.0560966 0.0640124 0.0735156 0.0838987 0.0941153 0.103212 0.110784 0.11713 0.123001 0.129071 0.135425 0.141371 0.145984 0.149416 0.154115 0.164746 0.18669 0.223902 0.276411 0.338037 0.397911 0.448397 0.487976 0.508663 0.491592 0.434438 0.363407 0.304704 0.270195 0.262458 0.280335 0.320102 0.372318 0.417639 0.433859 0.416133 0.378338 0.335782 0.297629 0.267361 0.245088 0.230655 0.225874 0.234837 0.262954 0.31525 0.391813 0.47585 0.524819 0.515671 0.48456 0.464499 0.455214 0.441378 0.413932 0.376425 0.336293 0.298051 0.263941 0.236351 0.21832 0.212466 0.219743 0.238303 0.261898 0.278545 0.274179 0.244141 0.198516 0.151659 0.112343 0.0831802 0.0635143 0.0516092 0.0456607 0.0441094 0.0456478 0.0491383 0.0535541 0.0580073 0.0618757 0.0649823 0.0677205 0.0710148 0.0760701 0.083946 0.0950337 0.108551 0.122244 0.132587 0.135788 0.12956 0.114647 0.0945469 0.0734945 0.0545865 0.0392406 0.0276073 0.0191864 0.0132759 0.00920675 0.00643331 0.00454654 0.00325611 0.00236354 0.00173678 0.00128955 0.000965858 0.000729249 0.000555495 0.000427979 0.000334823 0.00026719 0.000218304 0.000182889 0.000156841 0.000137034 0.000121168 0.000107649 9.54633e-05 8.40514e-05 7.31856e-05 6.28527e-05 5.31543e-05 4.42299e-05 3.62041e-05 2.91571e-05 2.31143e-05 1.80488e-05 1.38926e-05 1.05498e-05 7.91051e-06 5.86188e-06 4.29644e-06 3.11729e-06 2.2407e-06 1.59681e-06 1.12902e-06 7.9254e-07 5.5271e-07 3.83179e-07 2.64238e-07 1.81356e-07 1.23955e-07 8.44187e-08 5.73199e-08 3.88255e-08 2.62503e-08 1.77266e-08 1.19637e-08 8.07492e-09 5.45423e-09 3.68929e-09 2.50063e-09 1.69952e-09 1.15883e-09 7.93123e-10 5.45078e-10 3.76257e-10 2.60897e-10 1.8172e-10 1.27118e-10 8.92801e-11 6.29314e-11 4.44971e-11 3.15435e-11 2.24055e-11 1.59373e-11 1.13461e-11 8.08032e-12 5.7537e-12 4.09466e-12 2.91125e-12 2.06725e-12 1.46568e-12 1.03736e-12 7.32789e-13 5.16578e-13 3.63375e-13 2.55039e-13 1.78596e-13 1.2478e-13 8.69811e-14 6.04951e-14 4.19803e-14 2.90683e-14 2.00848e-14 1.38489e-14 9.53003e-15 6.5454e-15 4.48722e-15 3.07081e-15 2.09798e-15 
9.19279e-16 1.3986e-15 2.12876e-15 3.24098e-15 4.93485e-15 7.51376e-15 1.14383e-14 1.74071e-14 2.64784e-14 4.02535e-14 6.11516e-14 9.28224e-14 1.40763e-13 2.13239e-13 3.22656e-13 4.87601e-13 7.3586e-13 1.10889e-12 1.66842e-12 2.50609e-12 3.75774e-12 5.62407e-12 8.40094e-12 1.25233e-11 1.86285e-11 2.76483e-11 4.094e-11 6.04751e-11 8.91072e-11 1.30954e-10 1.91935e-10 2.80532e-10 4.08853e-10 5.94121e-10 8.60741e-10 1.24317e-09 1.78988e-09 2.56881e-09 3.6748e-09 5.23983e-09 7.4469e-09 1.05489e-08 1.48943e-08 2.09618e-08 2.94072e-08 4.11268e-08 5.73435e-08 7.97225e-08 1.10528e-07 1.52838e-07 2.10828e-07 2.90168e-07 3.98552e-07 5.46423e-07 7.47955e-07 1.02239e-06 1.39584e-06 1.90375e-06 2.59413e-06 3.53195e-06 4.80489e-06 6.53075e-06 8.86704e-06 1.20229e-05 1.62737e-05 2.19781e-05 2.95978e-05 3.97196e-05 5.30781e-05 7.0583e-05 9.3351e-05 0.000122756 0.000160519 0.000208879 0.000270926 0.000351203 0.000456763 0.000598924 0.000796051 0.00107781 0.00149145 0.00211081 0.00304879 0.00447382 0.00662986 0.00985707 0.0146043 0.0214143 0.0308459 0.0432801 0.0585667 0.075558 0.0918124 0.103995 0.109235 0.106653 0.0977588 0.0855128 0.0730483 0.0628306 0.056374 0.0543288 0.0567162 0.0631727 0.0731682 0.0862196 0.102072 0.120716 0.142016 0.164818 0.185787 0.199272 0.200145 0.188532 0.170597 0.153858 0.142962 0.139104 0.141391 0.147936 0.155842 0.160743 0.157775 0.144663 0.123821 0.100503 0.0793626 0.0628414 0.051465 0.0446568 0.0413342 0.0402213 0.040043 0.0397301 0.0386343 0.0366348 0.0340422 0.031349 0.0289762 0.0271337 0.0258096 0.0248443 0.024033 0.0232163 0.0223337 0.0214364 0.0206729 0.0202699 0.0205262 0.0218298 0.0246944 0.029811 0.0380974 0.0507201 0.0690271 0.0942664 0.126849 0.16488 0.202269 0.22895 0.236951 0.228055 0.211596 0.195582 0.182636 0.171505 0.159953 0.146879 0.133085 0.120806 0.112736 0.111395 0.119217 0.139073 0.174644 0.229569 0.303173 0.37946 0.418994 0.397555 0.346694 0.304678 0.286182 0.29221 0.318151 0.3551 0.39128 0.416353 0.420337 0.390782 0.329094 0.257628 0.197186 0.155611 0.132553 0.125066 0.130139 0.145284 0.168249 0.19659 0.227456 0.257214 0.280453 0.290045 0.281342 0.257226 0.226021 0.19479 0.166275 0.140432 0.117058 0.0969429 0.0814125 0.0715139 0.0676556 0.0696234 0.0766425 0.0873624 0.0998764 0.111996 0.121856 0.128589 0.13255 0.134866 0.136536 0.137641 0.137281 0.134524 0.129716 0.124759 0.121954 0.122482 0.125668 0.129459 0.13207 0.133906 0.138302 0.150617 0.176775 0.22186 0.287517 0.365549 0.42972 0.44838 0.42362 0.384125 0.347798 0.315822 0.281989 0.241846 0.197222 0.154035 0.11771 0.0911414 0.0752808 0.0705274 0.0779554 0.100251 0.142427 0.211921 0.315599 0.442663 0.514161 0.445098 0.327119 0.235466 0.17962 0.152645 0.146743 0.155521 0.173406 0.195105 0.216345 0.235474 0.253368 0.270023 0.280676 0.27656 0.252107 0.211448 0.165276 0.122935 0.08894 0.0639892 0.0469683 0.0363059 0.030595 0.0287653 0.0300276 0.0337117 0.0390621 0.0450657 0.0504353 0.0538704 0.0545577 0.0525842 0.0488984 0.0448239 0.0415 0.039564 0.0391135 0.0398398 0.041239 0.0428501 0.0444654 0.0462336 0.0485985 0.0520981 0.0571126 0.063665 0.071354 0.0794583 0.0871882 0.0939763 0.0996506 0.104396 0.108536 0.112295 0.115748 0.119117 0.123366 0.130702 0.144506 0.16853 0.205431 0.254804 0.311487 0.366459 0.411289 0.440543 0.44845 0.429296 0.386485 0.335259 0.292792 0.270559 0.274749 0.309148 0.375594 0.467174 0.549645 0.564511 0.509563 0.435406 0.369939 0.318548 0.279643 0.250583 0.230047 0.219053 0.220547 0.238048 0.273679 0.324898 0.380068 0.420552 0.438932 0.448921 0.464133 0.479786 0.479039 0.454457 0.414993 0.371698 0.329417 0.289897 0.255944 0.232004 0.222628 0.231042 0.25786 0.29791 0.334099 0.338348 0.298331 0.234673 0.172855 0.124194 0.0899104 0.0675996 0.0543215 0.0475766 0.0454409 0.0464408 0.0493951 0.053314 0.0573922 0.0610977 0.0643092 0.0674167 0.0712924 0.0770792 0.0858052 0.0978746 0.112535 0.127508 0.139091 0.143139 0.137009 0.121394 0.100107 0.0777936 0.0578127 0.0416605 0.0294612 0.0206543 0.0144786 0.0102194 0.00729977 0.00529119 0.0038929 0.002902 0.00218558 0.0016581 0.00126469 0.000969541 0.000748395 0.000583879 0.000462823 0.000374782 0.000311271 0.000265372 0.000231543 0.00020549 0.000184058 0.000165103 0.000147334 0.000130135 0.000113369 9.71939e-05 8.19047e-05 6.78131e-05 5.5169e-05 4.41217e-05 3.47127e-05 2.68888e-05 2.05258e-05 1.5456e-05 1.14915e-05 8.44418e-06 6.13807e-06 4.41758e-06 3.15047e-06 2.22819e-06 1.564e-06 1.09028e-06 7.55363e-07 5.20432e-07 3.56811e-07 2.43581e-07 1.65669e-07 1.12329e-07 7.59736e-08 5.12889e-08 3.45823e-08 2.33046e-08 1.57067e-08 1.05947e-08 7.15742e-09 4.84611e-09 3.29068e-09 2.24233e-09 1.53412e-09 1.05425e-09 7.27905e-10 5.0501e-10 3.52051e-10 2.46549e-10 1.73401e-10 1.2242e-10 8.671e-11 6.15808e-11 4.38238e-11 3.12316e-11 2.22761e-11 1.58929e-11 1.13362e-11 8.08046e-12 5.75364e-12 4.09114e-12 2.90416e-12 2.05768e-12 1.45493e-12 1.02648e-12 7.22553e-13 5.0742e-13 3.55493e-13 2.48459e-13 1.73238e-13 1.20506e-13 8.3631e-14 5.79086e-14 4.00094e-14 2.75838e-14 1.89782e-14 1.30316e-14 8.9315e-15 6.1104e-15 4.17325e-15 2.84565e-15 
1.16955e-15 1.77862e-15 2.70665e-15 4.12087e-15 6.27602e-15 9.55978e-15 1.45617e-14 2.21774e-14 3.37663e-14 5.13887e-14 7.81638e-14 1.18807e-13 1.80437e-13 2.73781e-13 4.14978e-13 6.28266e-13 9.49974e-13 1.43445e-12 2.1628e-12 3.25584e-12 4.89308e-12 7.34056e-12 1.09916e-11 1.64261e-11 2.44966e-11 3.64529e-11 5.41216e-11 8.01637e-11 1.18444e-10 1.74553e-10 2.56559e-10 3.7605e-10 5.49624e-10 8.00953e-10 1.16368e-09 1.68543e-09 2.43338e-09 3.50186e-09 5.02291e-09 7.18059e-09 1.02306e-08 1.45267e-08 2.05571e-08 2.89928e-08 4.07537e-08 5.70978e-08 7.97407e-08 1.11018e-07 1.54106e-07 2.13314e-07 2.94491e-07 4.05567e-07 5.57297e-07 7.64269e-07 1.04628e-06 1.4302e-06 1.95255e-06 2.66292e-06 3.62867e-06 4.9412e-06 6.72427e-06 9.145e-06 1.2428e-05 1.6873e-05 2.28773e-05 3.09612e-05 4.17973e-05 5.62417e-05 7.53641e-05 0.000100475 0.00013315 0.000175256 0.000229004 0.000297069 0.000382884 0.000491247 0.000629492 0.000809558 0.00105142 0.00138851 0.00187584 0.00260201 0.00370629 0.00540247 0.00801024 0.011993 0.0179943 0.0268494 0.0395195 0.0568463 0.0789802 0.104409 0.128994 0.146375 0.15111 0.142579 0.125121 0.104613 0.0856593 0.0709422 0.0616162 0.0578437 0.0591786 0.0647847 0.0735751 0.0843816 0.0962038 0.108412 0.12066 0.132403 0.142356 0.148607 0.149825 0.146762 0.142281 0.139569 0.140245 0.143909 0.149077 0.154276 0.158022 0.15797 0.151207 0.136461 0.115816 0.0934989 0.0733038 0.0572607 0.0457918 0.0383764 0.0340933 0.0319318 0.0309605 0.0304402 0.0299059 0.0291902 0.0283629 0.0276078 0.027092 0.0268798 0.0269103 0.0270309 0.0270626 0.0268684 0.026402 0.0257257 0.0250059 0.0245004 0.0245573 0.0256371 0.0283634 0.0336088 0.0426097 0.0571019 0.0794291 0.112468 0.158918 0.218855 0.284088 0.332613 0.341314 0.31545 0.280462 0.252508 0.233748 0.21974 0.205369 0.188028 0.168514 0.149912 0.13563 0.128141 0.128962 0.139287 0.160326 0.192445 0.232524 0.270548 0.291512 0.288688 0.272666 0.260389 0.263189 0.285157 0.323571 0.366663 0.395036 0.395551 0.370346 0.326275 0.270745 0.214666 0.16799 0.135349 0.116927 0.110923 0.11511 0.127297 0.145179 0.1661 0.187085 0.205079 0.217095 0.220588 0.214696 0.201303 0.184007 0.165672 0.147187 0.128375 0.10964 0.0925337 0.0790524 0.0707597 0.0684518 0.0722127 0.0815001 0.0951188 0.111205 0.12748 0.141902 0.153474 0.162647 0.170865 0.179275 0.187117 0.191167 0.187855 0.177063 0.163063 0.151224 0.144525 0.142551 0.142563 0.141866 0.140364 0.141427 0.150582 0.173595 0.214908 0.275326 0.347291 0.410718 0.443366 0.444461 0.431759 0.417963 0.401431 0.371612 0.322327 0.260237 0.198535 0.147055 0.109718 0.0868463 0.0778625 0.0830748 0.104798 0.148209 0.221806 0.335355 0.483158 0.573226 0.48487 0.347237 0.24641 0.186531 0.157511 0.150034 0.157021 0.17289 0.193089 0.214717 0.237746 0.264616 0.29627 0.325595 0.334687 0.308341 0.253889 0.192544 0.139147 0.0984758 0.0699123 0.0511756 0.0399919 0.0346171 0.0338683 0.0369587 0.0432355 0.0518528 0.0614492 0.0700362 0.0754026 0.0760819 0.07224 0.0656128 0.0585109 0.0527794 0.0493269 0.0481622 0.0486536 0.0498592 0.0508996 0.0513073 0.0512067 0.0512164 0.0521343 0.0545904 0.0588186 0.064592 0.0713068 0.0781786 0.0844843 0.0897572 0.0938555 0.0969056 0.0992056 0.101204 0.103634 0.107769 0.115635 0.12994 0.153571 0.188586 0.234779 0.28835 0.341822 0.385898 0.412059 0.414691 0.393501 0.355552 0.313547 0.280706 0.267324 0.281304 0.330786 0.426096 0.57515 0.742442 0.752563 0.613835 0.487517 0.398235 0.3355 0.289395 0.254331 0.228326 0.211983 0.207302 0.216302 0.2395 0.27425 0.313901 0.350622 0.382175 0.413895 0.449624 0.481185 0.491756 0.475043 0.441198 0.401123 0.358784 0.315839 0.276273 0.246462 0.233055 0.241517 0.27514 0.331198 0.389321 0.403506 0.349709 0.265683 0.189762 0.133556 0.0957029 0.071852 0.0579725 0.0510194 0.0488225 0.0498162 0.0527985 0.0567784 0.0609358 0.0646929 0.0678551 0.0707334 0.0741412 0.0791984 0.0869478 0.0978491 0.111262 0.125085 0.135842 0.139588 0.133752 0.118892 0.0985459 0.0771058 0.0578038 0.0421209 0.0302182 0.021581 0.0154848 0.0112402 0.00828711 0.00621003 0.00471946 0.00362312 0.00279774 0.00216584 0.00167839 0.00130304 0.00101679 0.000801806 0.000643267 0.000528405 0.000446175 0.00038718 0.000343698 0.00030969 0.000280753 0.000253992 0.000227804 0.000201603 0.000175505 0.000150031 0.000125847 0.000103574 8.36722e-05 6.63982e-05 5.18059e-05 3.9783e-05 3.01012e-05 2.24653e-05 1.65556e-05 1.20596e-05 8.69173e-06 6.20392e-06 4.38932e-06 3.08075e-06 2.14677e-06 1.48628e-06 1.02308e-06 7.00644e-07 4.77697e-07 3.24451e-07 2.19666e-07 1.48344e-07 9.99895e-08 6.73141e-08 4.52926e-08 3.04809e-08 2.05318e-08 1.38531e-08 9.36938e-09 6.35657e-09 4.32878e-09 2.96061e-09 2.03451e-09 1.40516e-09 9.75519e-10 6.80714e-10 4.77328e-10 3.36224e-10 2.37785e-10 1.68743e-10 1.20079e-10 8.56286e-11 6.11491e-11 4.37022e-11 3.12394e-11 2.23233e-11 1.59392e-11 1.13672e-11 8.09414e-12 5.75309e-12 4.08082e-12 2.88826e-12 2.03944e-12 1.4366e-12 1.00945e-12 7.07533e-13 4.94676e-13 3.44997e-13 2.40019e-13 1.66583e-13 1.15345e-13 7.96858e-14 5.49301e-14 3.77853e-14 2.59393e-14 1.77729e-14 1.21552e-14 8.2988e-15 5.65666e-15 3.84981e-15 
1.48699e-15 2.25972e-15 3.43704e-15 5.23146e-15 7.96702e-15 1.21375e-14 1.84948e-14 2.81831e-14 4.29416e-14 6.54113e-14 9.95981e-14 1.5157e-13 2.30504e-13 3.50266e-13 5.31758e-13 8.06451e-13 1.22163e-12 1.84821e-12 2.79231e-12 4.21243e-12 6.34472e-12 9.54019e-12 1.43193e-11 2.14516e-11 3.20722e-11 4.78499e-11 7.12315e-11 1.05793e-10 1.56743e-10 2.31645e-10 3.41441e-10 5.01905e-10 7.3569e-10 1.07522e-09 1.56668e-09 2.27568e-09 3.29497e-09 4.75516e-09 6.8395e-09 9.80398e-09 1.40048e-08 1.9936e-08 2.82795e-08 3.99742e-08 5.63081e-08 7.90427e-08 1.10581e-07 1.54193e-07 2.14322e-07 2.96994e-07 4.10375e-07 5.65527e-07 7.77433e-07 1.06639e-06 1.45994e-06 1.99541e-06 2.72357e-06 3.71339e-06 5.05874e-06 6.88725e-06 9.37242e-06 1.27495e-05 1.73366e-05 2.3561e-05 3.19931e-05 4.33859e-05 5.87202e-05 7.92526e-05 0.000106559 0.000142569 0.000189573 0.000250217 0.000327474 0.000424658 0.000545575 0.000695029 0.000879989 0.00111191 0.00141085 0.00181211 0.0023766 0.00320616 0.00446601 0.00641706 0.00946163 0.014205 0.0215305 0.0326696 0.0492071 0.072871 0.104786 0.143707 0.183222 0.210688 0.214056 0.193499 0.160641 0.127196 0.0994979 0.0796917 0.0679042 0.0634571 0.065299 0.0720321 0.0818236 0.0924884 0.101969 0.109054 0.113718 0.116696 0.118699 0.1201 0.121322 0.123369 0.127707 0.135261 0.145247 0.154966 0.161279 0.162665 0.159464 0.152136 0.140277 0.123754 0.104066 0.0839726 0.0660333 0.0516798 0.0412081 0.0341978 0.0299175 0.0275834 0.0264986 0.0261229 0.0261044 0.0262736 0.0266017 0.0271316 0.0279062 0.0289128 0.0300598 0.0311873 0.032105 0.0326455 0.0327158 0.0323345 0.0316505 0.0309469 0.0306402 0.0312974 0.0336904 0.0389099 0.0485511 0.0649847 0.0917192 0.133787 0.197764 0.289808 0.405909 0.503693 0.50673 0.435165 0.363649 0.316755 0.289984 0.272477 0.254928 0.232754 0.206809 0.181345 0.160693 0.147245 0.14152 0.143225 0.152012 0.167142 0.186215 0.204347 0.215952 0.219307 0.219097 0.223556 0.240101 0.272837 0.319752 0.36724 0.390113 0.373371 0.328906 0.275186 0.222448 0.176055 0.139466 0.114162 0.0998266 0.0951293 0.0983817 0.107751 0.12117 0.13625 0.150452 0.161515 0.167857 0.168829 0.164862 0.157352 0.147928 0.137475 0.125847 0.112689 0.0985555 0.0851624 0.0746729 0.0688943 0.068955 0.0753312 0.0878916 0.105808 0.127427 0.150386 0.17222 0.191402 0.208287 0.225114 0.244273 0.264631 0.27827 0.274275 0.250829 0.218666 0.189994 0.170469 0.159499 0.153277 0.148052 0.142949 0.140791 0.146566 0.165288 0.200441 0.252289 0.315322 0.377168 0.42474 0.455167 0.476297 0.494497 0.502362 0.480258 0.418392 0.332368 0.247026 0.177542 0.128061 0.097364 0.0832202 0.0845409 0.102325 0.140029 0.20306 0.294888 0.401111 0.457544 0.406619 0.310851 0.23218 0.183397 0.160012 0.154967 0.16206 0.176475 0.195056 0.217065 0.245115 0.284803 0.340716 0.405343 0.442051 0.406779 0.31962 0.230018 0.159554 0.109864 0.076852 0.0561365 0.0444013 0.0394661 0.040033 0.045358 0.054868 0.0676802 0.0820545 0.095064 0.10312 0.103692 0.097082 0.0863175 0.0752108 0.0665599 0.0615603 0.0600318 0.0608546 0.0624317 0.0632429 0.0624377 0.0601695 0.0574197 0.0554478 0.0552544 0.0572986 0.0614664 0.0671866 0.0736226 0.0798927 0.0852682 0.0893048 0.0919054 0.0933419 0.0942571 0.0956775 0.0990656 0.106382 0.120039 0.142601 0.176137 0.22116 0.275217 0.331498 0.37869 0.404472 0.402498 0.376407 0.337125 0.297658 0.269323 0.260818 0.279841 0.336049 0.44432 0.626163 0.883198 0.886414 0.665767 0.51327 0.416183 0.349671 0.299221 0.258941 0.227799 0.206854 0.197734 0.201649 0.218484 0.245979 0.279688 0.314807 0.349424 0.385371 0.423497 0.45717 0.474315 0.47 0.450039 0.420374 0.382588 0.338609 0.29433 0.258427 0.23942 0.244056 0.276613 0.33523 0.399021 0.416523 0.35949 0.271202 0.193224 0.136653 0.0992175 0.0760221 0.0627872 0.0563949 0.0546959 0.0561826 0.0596993 0.0642445 0.0689005 0.0729102 0.0758726 0.0779428 0.0798805 0.0828448 0.0879655 0.0958148 0.105929 0.116535 0.124686 0.127084 0.121592 0.108601 0.0909147 0.072131 0.0550136 0.0409252 0.0300991 0.0221458 0.0164537 0.0124167 0.00953282 0.00742829 0.005846 0.00462025 0.00364957 0.0028733 0.00225408 0.00176631 0.00138961 0.00110564 0.00089709 0.000747583 0.000642105 0.00056743 0.000512499 0.000468641 0.000429632 0.000391565 0.000352537 0.000312207 0.000271271 0.000230965 0.000192635 0.000157439 0.000126183 9.92754e-05 7.67606e-05 5.84015e-05 4.3776e-05 3.23671e-05 2.3634e-05 1.70616e-05 1.219e-05 8.62825e-06 6.05579e-06 4.21815e-06 2.91828e-06 2.00685e-06 1.37277e-06 9.34718e-07 6.33948e-07 4.28555e-07 2.88955e-07 1.94455e-07 1.307e-07 8.78044e-08 5.90015e-08 3.96873e-08 2.67437e-08 1.80681e-08 1.22476e-08 8.33558e-09 5.69937e-09 3.91677e-09 2.70628e-09 1.88024e-09 1.31349e-09 9.2235e-10 6.50794e-10 4.61135e-10 3.27919e-10 2.33857e-10 1.67132e-10 1.19615e-10 8.56701e-11 6.1365e-11 4.39356e-11 3.14272e-11 2.24495e-11 1.60093e-11 1.13941e-11 8.09163e-12 5.73278e-12 4.0515e-12 2.85597e-12 2.00797e-12 1.40805e-12 9.84788e-13 6.86972e-13 4.78e-13 3.31768e-13 2.29714e-13 1.58681e-13 1.09365e-13 7.52132e-14 5.16191e-14 3.53568e-14 2.41728e-14 1.64974e-14 1.12406e-14 7.64698e-15 5.19478e-15 
1.8902e-15 2.86933e-15 4.36059e-15 6.63325e-15 1.00982e-14 1.53824e-14 2.34415e-14 3.57318e-14 5.44706e-14 8.30299e-14 1.26534e-13 1.92758e-13 2.93489e-13 4.46565e-13 6.78945e-13 1.03131e-12 1.56491e-12 2.37188e-12 3.59041e-12 5.42746e-12 8.19223e-12 1.23456e-11 1.8573e-11 2.78909e-11 4.18031e-11 6.25274e-11 9.3326e-11 1.38981e-10 2.06483e-10 3.06012e-10 4.52345e-10 6.66856e-10 9.80338e-10 1.437e-09 2.10003e-09 3.05942e-09 4.4428e-09 6.43039e-09 9.27566e-09 1.33335e-08 1.90991e-08 2.72597e-08 3.87665e-08 5.493e-08 7.75497e-08 1.09088e-07 1.52903e-07 2.13566e-07 2.97281e-07 4.12454e-07 5.70462e-07 7.86694e-07 1.08196e-06 1.4844e-06 2.03212e-06 2.77677e-06 3.78847e-06 5.16254e-06 7.02877e-06 9.56401e-06 1.30093e-05 1.76931e-05 2.40616e-05 3.27188e-05 4.44773e-05 6.04201e-05 8.19723e-05 0.000110979 0.000149774 0.000201236 0.000268785 0.000356319 0.00046807 0.000608401 0.000781671 0.000992417 0.0012463 0.00155249 0.00192838 0.00240769 0.00305318 0.00397579 0.00536249 0.00751726 0.0109215 0.0163221 0.024856 0.0382076 0.0587633 0.0896122 0.133941 0.192656 0.258192 0.306331 0.307065 0.262742 0.203783 0.151808 0.11341 0.088404 0.0749629 0.0712799 0.0757252 0.0864103 0.100579 0.114374 0.123733 0.126379 0.123129 0.116963 0.110992 0.107356 0.107397 0.112175 0.122459 0.1379 0.155782 0.170741 0.177185 0.173288 0.161736 0.146266 0.128932 0.110482 0.0917572 0.0741069 0.0588506 0.0467451 0.0378873 0.0319126 0.0282449 0.0262821 0.025501 0.0255035 0.0260255 0.0269207 0.0281296 0.0296399 0.031447 0.0335175 0.0357608 0.0380135 0.0400458 0.0415967 0.0424389 0.0424626 0.0417495 0.0406095 0.0395713 0.0393651 0.0409507 0.0456397 0.0553355 0.0729192 0.102841 0.152017 0.231077 0.355521 0.542387 0.759228 0.732392 0.560338 0.441998 0.376846 0.343208 0.322504 0.301699 0.274681 0.24261 0.210997 0.185026 0.166875 0.156017 0.150927 0.15041 0.15369 0.159624 0.166274 0.171765 0.175997 0.181566 0.192921 0.214644 0.249524 0.295169 0.338277 0.354899 0.331956 0.283425 0.229873 0.181995 0.143129 0.113963 0.0942253 0.083081 0.0793539 0.0816968 0.0886185 0.0984092 0.109129 0.118811 0.125863 0.129442 0.129582 0.127019 0.122784 0.117654 0.111733 0.104544 0.0957303 0.0858199 0.0763548 0.0693499 0.0666765 0.0697811 0.0796674 0.096874 0.121269 0.151671 0.18555 0.219335 0.24984 0.276575 0.303398 0.336994 0.379475 0.415387 0.411988 0.36112 0.294103 0.237614 0.198827 0.174828 0.159855 0.148981 0.140375 0.135773 0.138992 0.153965 0.183392 0.227693 0.283909 0.345575 0.405506 0.460888 0.515283 0.570665 0.610415 0.598045 0.518322 0.402823 0.291685 0.204292 0.143389 0.105386 0.0860483 0.0826238 0.0943567 0.122201 0.167432 0.227602 0.288089 0.317979 0.29808 0.25 0.204625 0.175572 0.163677 0.164918 0.174337 0.188006 0.204329 0.224964 0.255443 0.30517 0.385043 0.495246 0.579801 0.524774 0.386138 0.263902 0.177351 0.120106 0.0836057 0.061424 0.0494007 0.0450774 0.047144 0.0549654 0.0680987 0.0856715 0.105576 0.12381 0.135028 0.135252 0.125012 0.109147 0.0934016 0.0816486 0.0753211 0.0739586 0.0758234 0.0784533 0.0794296 0.0773612 0.0725008 0.0664293 0.0610944 0.0579759 0.0577636 0.0604174 0.065364 0.0717038 0.0783949 0.0844192 0.0889532 0.0915682 0.092416 0.0922849 0.0924914 0.0947329 0.101025 0.113683 0.135214 0.167957 0.213282 0.269972 0.331435 0.383423 0.408587 0.3999 0.366268 0.323151 0.283948 0.257973 0.251604 0.270511 0.321907 0.415477 0.557486 0.711205 0.725695 0.608472 0.499195 0.421034 0.361016 0.309481 0.264726 0.228813 0.204178 0.192635 0.19521 0.211778 0.2403 0.276089 0.312517 0.344491 0.37205 0.398222 0.42262 0.440364 0.447848 0.444623 0.429218 0.399167 0.356067 0.3078 0.265492 0.239142 0.23549 0.2574 0.300933 0.346741 0.357436 0.314462 0.245336 0.181162 0.13312 0.100872 0.0808862 0.0696846 0.0646442 0.0639621 0.0663869 0.0709176 0.0765568 0.0821975 0.0867285 0.0893612 0.0900117 0.0894472 0.0890253 0.0901259 0.0935435 0.0990539 0.10527 0.109881 0.11037 0.105133 0.0943835 0.0800656 0.064783 0.0506584 0.0388397 0.0296064 0.0227069 0.0176668 0.0139876 0.0112464 0.00912955 0.00742971 0.0060236 0.00484527 0.00386152 0.00305375 0.00240692 0.00190443 0.00152684 0.00125262 0.00105966 0.000926681 0.000834527 0.000766997 0.000711438 0.000658968 0.000604351 0.000545523 0.000482845 0.000418222 0.000354237 0.00029345 0.000237926 0.000189014 0.000147315 0.000112801 8.49774e-05 6.30704e-05 4.61808e-05 3.34013e-05 2.38916e-05 1.69196e-05 1.18753e-05 8.26838e-06 5.71615e-06 3.92694e-06 2.68294e-06 1.8243e-06 1.23544e-06 8.33861e-07 5.61325e-07 3.77131e-07 2.53071e-07 1.69743e-07 1.13888e-07 7.64989e-08 5.14845e-08 3.47457e-08 2.35329e-08 1.60074e-08 1.09424e-08 7.52096e-09 5.19924e-09 3.61551e-09 2.52887e-09 1.77864e-09 1.25733e-09 8.9278e-10 6.36301e-10 4.54848e-10 3.25846e-10 2.33756e-10 1.67805e-10 1.20461e-10 8.6424e-11 6.19369e-11 4.43206e-11 3.16556e-11 2.25612e-11 1.60416e-11 1.13771e-11 8.04765e-12 5.67711e-12 3.99382e-12 2.80189e-12 1.9603e-12 1.36778e-12 9.51827e-13 6.60659e-13 4.57412e-13 3.15927e-13 2.177e-13 1.4968e-13 1.02695e-13 7.03177e-14 4.80568e-14 3.27846e-14 2.23285e-14 1.51835e-14 1.03099e-14 6.99137e-15 
2.40341e-15 3.64303e-15 5.52972e-15 8.40373e-15 1.27847e-14 1.94659e-14 2.96584e-14 4.52093e-14 6.89347e-14 1.05124e-13 1.60307e-13 2.44407e-13 3.72496e-13 5.67431e-13 8.63825e-13 1.31402e-12 1.99704e-12 3.03198e-12 4.59796e-12 6.96394e-12 1.05328e-11 1.59068e-11 2.39841e-11 3.61007e-11 5.4239e-11 8.1332e-11 1.21707e-10 1.8173e-10 2.70732e-10 4.02354e-10 5.96458e-10 8.81867e-10 1.30025e-09 1.91162e-09 2.80205e-09 4.0945e-09 5.96389e-09 8.65794e-09 1.2526e-08 1.80587e-08 2.59417e-08 3.71293e-08 5.29441e-08 7.52112e-08 1.06439e-07 1.50063e-07 2.10769e-07 2.94934e-07 4.11204e-07 5.71285e-07 7.90997e-07 1.09169e-06 1.50218e-06 2.06134e-06 2.82172e-06 3.85436e-06 5.25557e-06 7.15615e-06 9.73415e-06 1.32324e-05 1.79827e-05 2.44386e-05 3.32194e-05 4.51695e-05 6.14342e-05 8.35556e-05 0.000113587 0.000154222 0.000208916 0.000281982 0.000378605 0.000504714 0.000666661 0.000870674 0.00112218 0.00142532 0.00178321 0.00219999 0.002686 0.00326743 0.00400195 0.00500194 0.00646768 0.00873529 0.0123484 0.018168 0.0275402 0.0425446 0.0663294 0.103466 0.159957 0.241439 0.344494 0.431242 0.427274 0.340935 0.245872 0.173176 0.12469 0.0957575 0.0821183 0.0809995 0.0906199 0.109075 0.132756 0.155034 0.167506 0.165235 0.150972 0.132292 0.1159 0.105473 0.102555 0.107836 0.121482 0.142313 0.166175 0.185244 0.19132 0.182198 0.163004 0.140515 0.118676 0.0987263 0.0809261 0.0655435 0.0529089 0.0431752 0.0362028 0.0316166 0.0289342 0.027683 0.0274732 0.0280235 0.0291535 0.0307583 0.0327832 0.0352051 0.0380208 0.0412266 0.0447775 0.0485294 0.0521867 0.0553014 0.0573619 0.0579737 0.0570639 0.0549919 0.0525082 0.050629 0.0505732 0.0538572 0.0625645 0.0797837 0.110264 0.161415 0.244836 0.378388 0.586918 0.866582 0.821627 0.615111 0.48946 0.422484 0.387146 0.363616 0.338819 0.307 0.270043 0.234257 0.205103 0.184266 0.17022 0.160477 0.153433 0.148656 0.146054 0.145253 0.145884 0.148341 0.154206 0.165925 0.185942 0.215251 0.25069 0.281376 0.290595 0.270172 0.229954 0.1855 0.146095 0.114794 0.0918098 0.0764511 0.0677712 0.0647425 0.0662826 0.0712106 0.0781884 0.085739 0.0924243 0.0971552 0.0994679 0.0995765 0.0981487 0.0959074 0.0932399 0.0900147 0.0857735 0.0802619 0.0739436 0.0681023 0.064523 0.0651013 0.0716527 0.0859005 0.109434 0.143386 0.187617 0.239432 0.292782 0.340034 0.377345 0.410579 0.456242 0.531327 0.62038 0.625505 0.51073 0.383346 0.289359 0.22752 0.1883 0.16311 0.145941 0.134042 0.127821 0.129613 0.142142 0.167453 0.20626 0.257489 0.318291 0.385356 0.457987 0.540436 0.634586 0.714522 0.71294 0.605647 0.456959 0.323036 0.222043 0.153027 0.109749 0.0862306 0.0783311 0.083792 0.101574 0.130435 0.166412 0.200051 0.218146 0.214351 0.196718 0.179184 0.170755 0.173381 0.184145 0.198056 0.211183 0.223289 0.238531 0.264859 0.313502 0.397415 0.52046 0.623713 0.560795 0.405521 0.275292 0.185415 0.126664 0.0893917 0.0668819 0.0550061 0.0514527 0.0550887 0.0654443 0.0821792 0.104365 0.129484 0.152498 0.166383 0.165796 0.151642 0.130706 0.11062 0.0962008 0.0890476 0.0884206 0.0919611 0.0962406 0.0977384 0.0943801 0.0865951 0.0767924 0.0677864 0.0615862 0.0590847 0.0602803 0.0645899 0.0710683 0.0785288 0.0856361 0.0910962 0.0940299 0.0943992 0.0931587 0.091996 0.0929318 0.0981051 0.109775 0.130354 0.162277 0.2074 0.265311 0.329667 0.384064 0.407005 0.391485 0.35181 0.306957 0.269659 0.246739 0.241881 0.257861 0.297717 0.363584 0.449647 0.526528 0.546954 0.511385 0.461469 0.414568 0.366966 0.316641 0.268586 0.22911 0.202388 0.190762 0.195697 0.217923 0.256208 0.30449 0.349585 0.377087 0.385677 0.387608 0.39328 0.404469 0.417917 0.427831 0.42591 0.404794 0.364298 0.313411 0.265465 0.231605 0.217894 0.225156 0.247856 0.271261 0.274521 0.248308 0.204817 0.161426 0.127119 0.103392 0.0885986 0.0805414 0.0774456 0.0781229 0.0817933 0.0877672 0.095102 0.102387 0.107874 0.110076 0.10855 0.104241 0.0990463 0.0949008 0.092978 0.0933166 0.0948582 0.095813 0.0943013 0.0891313 0.0803484 0.069161 0.0572871 0.0462188 0.0368346 0.0293961 0.0237414 0.019504 0.0162774 0.0137131 0.0115633 0.00968257 0.00800659 0.00652146 0.0052349 0.00415599 0.00328461 0.00260865 0.00210591 0.00174772 0.00150268 0.00133977 0.00123059 0.00115105 0.00108245 0.00101203 0.00093289 0.000843197 0.000744952 0.000642424 0.000540671 0.000444364 0.000357055 0.000280897 0.000216703 0.00016421 0.000122419 8.9926e-05 6.51842e-05 4.66885e-05 3.30852e-05 2.3223e-05 1.6163e-05 1.11655e-05 7.66254e-06 5.22854e-06 3.55015e-06 2.40051e-06 1.61761e-06 1.08712e-06 7.29172e-07 4.88501e-07 3.2713e-07 2.19153e-07 1.46999e-07 9.88082e-08 6.66138e-08 4.5081e-08 3.06496e-08 2.09485e-08 1.44016e-08 9.96211e-09 6.93474e-09 4.85741e-09 3.42244e-09 2.42435e-09 1.7254e-09 1.23275e-09 8.83463e-10 6.3453e-10 4.56359e-10 3.28408e-10 2.36303e-10 1.69905e-10 1.2201e-10 8.74672e-11 6.25753e-11 4.46627e-11 3.17965e-11 2.25755e-11 1.59835e-11 1.12839e-11 7.94294e-12 5.575e-12 3.90175e-12 2.723e-12 1.89511e-12 1.3154e-12 9.10658e-13 6.28881e-13 4.33255e-13 2.97802e-13 2.04255e-13 1.39806e-13 9.55082e-14 6.51282e-14 4.43367e-14 3.01353e-14 2.04531e-14 1.38631e-14 9.38503e-15 
3.05841e-15 4.62722e-15 7.01238e-15 1.06428e-14 1.61738e-14 2.46066e-14 3.74706e-14 5.71011e-14 8.70625e-14 1.32792e-13 2.02575e-13 3.0903e-13 4.71349e-13 7.18696e-13 1.09532e-12 1.66828e-12 2.53902e-12 3.86079e-12 5.86469e-12 8.89851e-12 1.34847e-11 2.04062e-11 3.08341e-11 4.65156e-11 7.00505e-11 1.05298e-10 1.57969e-10 2.36492e-10 3.53265e-10 5.26468e-10 7.82667e-10 1.16054e-09 1.71621e-09 2.53075e-09 3.72087e-09 5.45384e-09 7.96836e-09 1.16036e-08 1.68393e-08 2.4351e-08 3.50854e-08 5.03632e-08 7.20185e-08 1.02586e-07 1.45556e-07 2.0571e-07 2.89575e-07 4.06029e-07 5.67108e-07 7.89083e-07 1.0939e-06 1.51114e-06 2.08058e-06 2.85579e-06 3.9089e-06 5.33718e-06 7.27215e-06 9.89201e-06 1.34391e-05 1.82436e-05 2.47574e-05 3.35995e-05 4.56191e-05 6.19806e-05 8.42768e-05 0.000114674 0.000156095 0.000212426 0.00028874 0.000391485 0.000528551 0.000709116 0.000943098 0.0012401 0.00160785 0.00205038 0.00256691 0.00315273 0.0038043 0.00453076 0.0053734 0.00643417 0.0079141 0.0101654 0.0137668 0.0196397 0.0292344 0.0448226 0.0699371 0.109962 0.172674 0.267574 0.398168 0.523391 0.514236 0.387965 0.267337 0.182846 0.12979 0.100133 0.0883447 0.0916167 0.108961 0.139613 0.180081 0.219857 0.240996 0.231277 0.198525 0.160641 0.129753 0.110178 0.102417 0.105972 0.12007 0.142753 0.168969 0.189545 0.19486 0.182528 0.159064 0.1329 0.10898 0.0887942 0.0722864 0.0591038 0.0489584 0.0415755 0.0366047 0.0336152 0.032157 0.0318378 0.0323734 0.0335957 0.0354213 0.0378076 0.0407239 0.0441568 0.0481365 0.0527445 0.0580574 0.0640126 0.0702404 0.0759658 0.0801107 0.0816712 0.080231 0.0762714 0.0710332 0.0661012 0.0631056 0.0637543 0.0701407 0.085195 0.11322 0.160502 0.235737 0.348878 0.501658 0.646336 0.661726 0.579469 0.504394 0.455915 0.42363 0.395724 0.364323 0.326773 0.286083 0.248366 0.218356 0.196881 0.18156 0.169257 0.158186 0.148249 0.140039 0.133997 0.130393 0.129737 0.133001 0.141418 0.155917 0.176128 0.198792 0.21644 0.219633 0.204288 0.175784 0.143462 0.114029 0.09032 0.0728296 0.0611029 0.0543999 0.0519172 0.0528214 0.0562135 0.0610943 0.066394 0.0711102 0.0745224 0.0763716 0.0768716 0.0765181 0.0757834 0.0748519 0.0735422 0.0714911 0.068537 0.0650807 0.0622034 0.061534 0.0650601 0.0750662 0.0942206 0.125658 0.17271 0.23763 0.318449 0.404618 0.477694 0.523892 0.549437 0.586158 0.680532 0.862349 0.909251 0.655313 0.460322 0.334541 0.253332 0.200145 0.164945 0.141525 0.126584 0.119331 0.12067 0.132146 0.155135 0.190348 0.237574 0.295785 0.364124 0.444335 0.542909 0.665194 0.784692 0.794352 0.653454 0.478658 0.333192 0.227189 0.155414 0.109958 0.084035 0.0728184 0.0732043 0.0831135 0.100451 0.121877 0.142185 0.15588 0.161031 0.161441 0.16396 0.173977 0.192634 0.215992 0.236552 0.248388 0.252541 0.256645 0.270792 0.305062 0.367005 0.450707 0.508248 0.468237 0.362272 0.25998 0.183095 0.129954 0.0948229 0.0730217 0.0615504 0.0587503 0.0638653 0.0766038 0.096593 0.12259 0.151429 0.177143 0.191769 0.189568 0.172087 0.147434 0.12437 0.108273 0.100863 0.10124 0.106586 0.112621 0.114751 0.110205 0.0996237 0.0862963 0.0738892 0.064876 0.0602969 0.0601713 0.0639244 0.0706064 0.0789297 0.087262 0.0938149 0.0972064 0.0971826 0.0948953 0.0924635 0.0922746 0.0965929 0.107548 0.127238 0.157693 0.200398 0.254758 0.314578 0.364003 0.382545 0.364724 0.326145 0.285648 0.2544 0.237081 0.235115 0.248706 0.277517 0.319684 0.368714 0.410745 0.431329 0.430358 0.417906 0.39621 0.36067 0.31354 0.265083 0.224946 0.198704 0.189444 0.199781 0.232681 0.29012 0.366977 0.438371 0.4628 0.43575 0.397046 0.373944 0.370937 0.382318 0.397998 0.405129 0.392301 0.356487 0.306184 0.255818 0.217112 0.195492 0.190676 0.197468 0.206207 0.206074 0.192268 0.169246 0.145083 0.125206 0.111254 0.102682 0.0983534 0.097388 0.0993918 0.1043 0.111983 0.121694 0.131596 0.138818 0.140554 0.135754 0.125928 0.114192 0.103526 0.0956371 0.0907394 0.0878934 0.0855578 0.0822005 0.0768506 0.0694121 0.0605827 0.0514434 0.0429857 0.0358221 0.0301338 0.0257718 0.02241 0.019685 0.0172952 0.0150507 0.0128778 0.010791 0.00885015 0.00712245 0.00565627 0.00447138 0.00356002 0.00289388 0.00243232 0.00212929 0.00193864 0.00181779 0.00173051 0.00164891 0.00155458 0.00143858 0.00130032 0.0011452 0.000981993 0.000820178 0.000668003 0.000531382 0.000413601 0.000315589 0.000236506 0.000174393 0.00012674 9.09236e-05 6.44832e-05 4.52682e-05 3.14947e-05 2.17398e-05 1.49033e-05 1.0156e-05 6.88571e-06 4.64854e-06 3.1273e-06 2.09817e-06 1.40496e-06 9.39685e-07 6.28269e-07 4.20263e-07 2.81507e-07 1.88992e-07 1.27286e-07 8.60779e-08 5.84978e-08 3.99799e-08 2.74947e-08 1.90337e-08 1.32654e-08 9.3066e-09 6.57019e-09 4.66475e-09 3.32826e-09 2.38435e-09 1.7135e-09 1.23411e-09 8.90008e-10 6.42159e-10 4.63211e-10 3.33827e-10 2.40234e-10 1.72553e-10 1.2366e-10 8.83955e-11 6.30139e-11 4.47902e-11 3.17415e-11 2.24258e-11 1.57956e-11 1.10917e-11 7.76527e-12 5.4204e-12 3.77276e-12 2.61865e-12 1.81272e-12 1.2516e-12 8.62049e-13 5.92355e-13 4.06135e-13 2.77875e-13 1.89748e-13 1.29332e-13 8.80021e-14 5.97852e-14 4.05567e-14 2.74759e-14 1.85917e-14 1.25664e-14 
3.89726e-15 5.88293e-15 8.89743e-15 1.34803e-14 2.04561e-14 3.10848e-14 4.72924e-14 7.20223e-14 1.09771e-13 1.67405e-13 2.55402e-13 3.89742e-13 5.94768e-13 9.0753e-13 1.38436e-12 2.11076e-12 3.21641e-12 4.89759e-12 7.45097e-12 1.13241e-11 1.71911e-11 2.60648e-11 3.94644e-11 5.96624e-11 9.00513e-11 1.35681e-10 2.0405e-10 3.06259e-10 4.5869e-10 6.85449e-10 1.02188e-09 1.51962e-09 2.25386e-09 3.3336e-09 4.91632e-09 7.22846e-09 1.05943e-08 1.54762e-08 2.25302e-08 3.26829e-08 4.72366e-08 6.8013e-08 9.75475e-08 1.39352e-07 1.98269e-07 2.80939e-07 3.96437e-07 5.57103e-07 7.79663e-07 1.0867e-06 1.50863e-06 2.08632e-06 2.87463e-06 3.94711e-06 5.40247e-06 7.37334e-06 1.00383e-05 1.36384e-05 1.85008e-05 2.50703e-05 3.39551e-05 4.59894e-05 6.23213e-05 8.45326e-05 0.000114803 0.000156126 0.000212591 0.000289719 0.000394852 0.000537511 0.000729634 0.00098546 0.00132078 0.00175122 0.00228927 0.00294032 0.00369864 0.00454564 0.00545383 0.00640032 0.00739225 0.00850354 0.00992036 0.0119945 0.0153115 0.0207924 0.0298578 0.0446892 0.0686131 0.106576 0.165415 0.252566 0.367531 0.469978 0.463177 0.359185 0.252588 0.175393 0.126723 0.100543 0.0925759 0.101315 0.127659 0.173629 0.238545 0.309254 0.349171 0.325864 0.261438 0.195997 0.14721 0.117177 0.103505 0.103627 0.115396 0.135979 0.159959 0.178481 0.182646 0.170287 0.147409 0.122029 0.099142 0.0804477 0.065943 0.0551236 0.0474559 0.0424428 0.0395827 0.0383635 0.0383128 0.0390733 0.0404529 0.0424162 0.0450152 0.048301 0.052278 0.0569384 0.0623606 0.0687822 0.0765387 0.0858088 0.0962198 0.106493 0.114455 0.117761 0.115189 0.107527 0.0971732 0.0869118 0.0790737 0.0755334 0.0781907 0.0895021 0.112871 0.152777 0.214213 0.300009 0.403109 0.495063 0.539156 0.537986 0.519608 0.495563 0.464943 0.427105 0.383694 0.337523 0.292782 0.254231 0.224801 0.204063 0.188934 0.175906 0.163034 0.150276 0.138501 0.128567 0.121111 0.116733 0.116085 0.119712 0.127679 0.139015 0.151042 0.159215 0.158725 0.147716 0.128842 0.107078 0.0866074 0.0696533 0.0568938 0.0482009 0.0431265 0.0411181 0.0415779 0.0438566 0.0472447 0.0510068 0.0544809 0.0572174 0.0590842 0.0602563 0.0610704 0.0618072 0.0625141 0.0629691 0.0628365 0.0619631 0.0606771 0.059946 0.0613705 0.0671349 0.0800759 0.103957 0.143885 0.206547 0.299183 0.424415 0.566587 0.68129 0.730153 0.719145 0.700598 0.744695 0.875274 0.894021 0.675852 0.490323 0.362419 0.273088 0.210055 0.166457 0.137548 0.120044 0.112295 0.114064 0.125911 0.148548 0.182348 0.227086 0.282128 0.347398 0.425171 0.520942 0.637496 0.747783 0.753591 0.62052 0.456503 0.319895 0.219612 0.150831 0.106401 0.0800278 0.067007 0.0640653 0.068853 0.0792967 0.0930373 0.107367 0.120096 0.131028 0.142726 0.159548 0.185404 0.220869 0.259925 0.289481 0.298295 0.289329 0.276544 0.273026 0.2866 0.318903 0.360141 0.383115 0.360985 0.302374 0.235936 0.178512 0.134192 0.102241 0.081136 0.0697028 0.0672776 0.0735996 0.0885317 0.1115 0.140594 0.171546 0.197376 0.210074 0.204974 0.184765 0.158 0.133495 0.116646 0.109197 0.110197 0.1166 0.123642 0.126065 0.120651 0.10818 0.0924968 0.077788 0.0668012 0.0606733 0.0594687 0.0626682 0.0693733 0.0782653 0.08751 0.0949338 0.098743 0.0985073 0.0955581 0.0923917 0.0917075 0.0958538 0.106757 0.125983 0.154637 0.192919 0.239013 0.286809 0.323892 0.336194 0.321134 0.291054 0.260943 0.239836 0.230986 0.234354 0.248346 0.2705 0.297428 0.324629 0.347133 0.361937 0.369855 0.37161 0.362219 0.33544 0.294335 0.250235 0.213631 0.190794 0.185687 0.202538 0.247633 0.329554 0.453516 0.589789 0.616927 0.516559 0.416731 0.358337 0.33678 0.339764 0.35361 0.363564 0.356537 0.32727 0.282307 0.234989 0.196431 0.17162 0.160292 0.158649 0.160829 0.161103 0.156695 0.148774 0.140412 0.133927 0.129944 0.127979 0.127414 0.128152 0.130765 0.13624 0.14542 0.158116 0.172031 0.182391 0.183797 0.174027 0.155979 0.135276 0.11665 0.102365 0.092513 0.0858957 0.0808475 0.0758678 0.0700397 0.0631844 0.0557327 0.0484044 0.0418665 0.0365122 0.0323987 0.0293069 0.0268626 0.0246715 0.0224297 0.0199878 0.0173539 0.0146485 0.0120383 0.00967585 0.00766467 0.00604981 0.00482608 0.00395331 0.00337136 0.00301164 0.00280497 0.00268721 0.00260347 0.00251179 0.00238543 0.0022133 0.00199798 0.00175172 0.00149157 0.00123473 0.000995392 0.000783064 0.000602475 0.000454335 0.000336534 0.000245336 0.000176347 0.000125191 8.79082e-05 6.1141e-05 4.21711e-05 2.88776e-05 1.96524e-05 1.3304e-05 8.96702e-06 6.02242e-06 4.03372e-06 2.6965e-06 1.80056e-06 1.20197e-06 8.02849e-07 5.37066e-07 3.6015e-07 2.42336e-07 1.63774e-07 1.11263e-07 7.60462e-08 5.23227e-08 3.62546e-08 2.53021e-08 1.77833e-08 1.2582e-08 8.95555e-09 6.40737e-09 4.60363e-09 3.3183e-09 2.39712e-09 1.73382e-09 1.25451e-09 9.07323e-10 6.55502e-10 4.72787e-10 3.40279e-10 2.44302e-10 1.74911e-10 1.24859e-10 8.88528e-11 6.30285e-11 4.45655e-11 3.14091e-11 2.20658e-11 1.5453e-11 1.07887e-11 7.5098e-12 5.21233e-12 3.60769e-12 2.49042e-12 1.71482e-12 1.17793e-12 8.07307e-13 5.52116e-13 3.76838e-13 2.56726e-13 1.74597e-13 1.18553e-13 8.03818e-14 5.44283e-14 3.68105e-14 2.48686e-14 1.67849e-14 
4.97599e-15 7.49104e-15 1.13019e-14 1.70862e-14 2.5879e-14 3.92625e-14 5.96559e-14 9.07577e-14 1.38223e-13 2.10694e-13 3.21373e-13 4.90422e-13 7.48594e-13 1.14277e-12 1.74435e-12 2.66191e-12 4.06041e-12 6.1901e-12 9.43002e-12 1.43533e-11 2.18253e-11 3.31496e-11 5.02865e-11 7.61767e-11 1.15223e-10 1.73998e-10 2.62293e-10 3.94646e-10 5.92589e-10 8.87905e-10 1.32736e-09 1.97953e-09 2.94458e-09 4.36832e-09 6.46209e-09 9.53094e-09 1.40133e-08 2.05364e-08 2.99933e-08 4.36496e-08 6.32897e-08 9.14168e-08 1.31524e-07 1.88463e-07 2.68931e-07 3.82135e-07 5.40661e-07 7.61636e-07 1.06826e-06 1.49185e-06 2.07449e-06 2.87259e-06 3.96164e-06 5.44248e-06 7.44981e-06 1.01637e-05 1.38255e-05 1.87594e-05 2.5403e-05 3.43497e-05 4.64089e-05 6.26896e-05 8.472e-05 0.000114613 0.000155297 0.00021083 0.000286817 0.000390945 0.000533618 0.000728641 0.000993778 0.00135089 0.00182509 0.00244233 0.00322448 0.00418188 0.00530424 0.00655332 0.00786326 0.009156 0.0103764 0.0115441 0.0128123 0.0145221 0.017252 0.0218822 0.0296991 0.0425621 0.0631171 0.0949282 0.142082 0.206898 0.282574 0.34004 0.337966 0.280728 0.210999 0.154551 0.117101 0.0974627 0.094196 0.107828 0.141493 0.200652 0.290092 0.400175 0.470901 0.425687 0.319254 0.22524 0.160731 0.122138 0.103342 0.0996147 0.107472 0.123345 0.142011 0.156174 0.159083 0.149047 0.130333 0.109104 0.089682 0.0739051 0.0620744 0.0538653 0.0487741 0.0462424 0.0456659 0.04642 0.0479466 0.0498744 0.0521032 0.0547814 0.0581709 0.0624715 0.0677257 0.0738934 0.0810824 0.0897715 0.100792 0.114917 0.132081 0.15042 0.165747 0.172665 0.167881 0.152995 0.133265 0.11402 0.0986992 0.0891668 0.086802 0.0933205 0.111123 0.143189 0.192337 0.259309 0.339504 0.421131 0.49095 0.542552 0.570922 0.566867 0.529001 0.470219 0.40621 0.346562 0.295792 0.256044 0.227537 0.208218 0.19435 0.182135 0.169282 0.155391 0.141245 0.127977 0.116652 0.108144 0.103072 0.101679 0.103657 0.107947 0.112589 0.114932 0.112552 0.104585 0.0922757 0.0781186 0.0644846 0.0528729 0.0439119 0.0376679 0.033926 0.0323502 0.0325459 0.0340752 0.0364664 0.0392476 0.0420174 0.0445298 0.0467509 0.0488357 0.051016 0.0534388 0.0560294 0.0584642 0.0603026 0.0612682 0.0615728 0.06214 0.0646655 0.0716134 0.0863555 0.113643 0.160493 0.237417 0.359302 0.542344 0.779338 0.96071 0.981377 0.89322 0.775172 0.719875 0.723641 0.696388 0.594068 0.475708 0.371553 0.284728 0.216476 0.166968 0.134108 0.115035 0.107616 0.110903 0.12484 0.149663 0.185258 0.230706 0.28442 0.345204 0.413613 0.491185 0.573638 0.635056 0.624181 0.529246 0.403703 0.290567 0.203278 0.141363 0.100228 0.0749521 0.0614953 0.056865 0.0588732 0.0657764 0.0760026 0.0881708 0.101521 0.116579 0.135577 0.16219 0.200275 0.25086 0.306368 0.346155 0.350011 0.32409 0.292229 0.271235 0.266891 0.277676 0.295208 0.305062 0.295047 0.265285 0.225128 0.183528 0.145873 0.115147 0.0930063 0.0802744 0.0773259 0.0843637 0.101364 0.127483 0.159927 0.192829 0.217636 0.226415 0.216607 0.192915 0.164232 0.138755 0.121333 0.11345 0.114049 0.120037 0.126649 0.128665 0.12289 0.110055 0.0939125 0.0785926 0.0668527 0.0598966 0.0578909 0.0604335 0.0667294 0.0755101 0.0848978 0.0925809 0.0966038 0.0964675 0.0935885 0.0906429 0.090493 0.0955338 0.10752 0.127457 0.155266 0.189295 0.225917 0.259281 0.281668 0.286657 0.274924 0.255078 0.237306 0.228075 0.229437 0.240382 0.258107 0.278619 0.297322 0.310655 0.318 0.321581 0.323866 0.323896 0.315897 0.294342 0.261289 0.225478 0.19578 0.178286 0.177558 0.19901 0.251249 0.34828 0.509954 0.738612 0.779459 0.56974 0.417572 0.333951 0.297694 0.290876 0.298357 0.305953 0.301546 0.279473 0.243798 0.204723 0.171397 0.14834 0.135939 0.132067 0.13351 0.137281 0.141715 0.146667 0.152585 0.159358 0.165935 0.170934 0.173654 0.174721 0.176011 0.180078 0.18937 0.204946 0.224377 0.240022 0.241548 0.224345 0.194328 0.161806 0.133979 0.11334 0.0992884 0.0898504 0.0828142 0.0764203 0.0697119 0.0625528 0.0553767 0.0488213 0.0434129 0.0393861 0.0366413 0.0348037 0.0333467 0.0317458 0.0296245 0.026845 0.0235121 0.0198965 0.0163208 0.0130619 0.0102993 0.00810844 0.00648203 0.00535864 0.00464781 0.00424727 0.00405374 0.00397049 0.00391402 0.00382055 0.00365096 0.00339218 0.003054 0.00266177 0.00224744 0.0018415 0.00146764 0.00114062 0.000866714 0.000645528 0.000472373 0.00034035 0.000241927 0.00016995 0.000118172 8.14463e-05 5.57101e-05 3.78609e-05 2.55912e-05 1.72204e-05 1.1546e-05 7.7203e-06 5.15241e-06 3.435e-06 2.28959e-06 1.5272e-06 1.02036e-06 6.83518e-07 4.59545e-07 3.10399e-07 2.10833e-07 1.44127e-07 9.92274e-08 6.88304e-08 4.81122e-08 3.38835e-08 2.40315e-08 1.71523e-08 1.23089e-08 8.87199e-09 6.41574e-09 4.6497e-09 3.37371e-09 2.44842e-09 1.77583e-09 1.28632e-09 9.29986e-10 6.70775e-10 4.82495e-10 3.46022e-10 2.47358e-10 1.76239e-10 1.25142e-10 8.8555e-11 6.24513e-11 4.3894e-11 3.07492e-11 2.14716e-11 1.49466e-11 1.03734e-11 7.17878e-12 4.95439e-12 3.41035e-12 2.34174e-12 1.60424e-12 1.09663e-12 7.4811e-13 5.09394e-13 3.46248e-13 2.34977e-13 1.59233e-13 1.07762e-13 7.28423e-14 4.91863e-14 3.3182e-14 2.23672e-14 
6.36976e-15 9.55951e-15 1.43813e-14 2.16848e-14 3.27675e-14 4.96121e-14 7.52497e-14 1.14316e-13 1.73902e-13 2.64851e-13 4.03744e-13 6.15924e-13 9.401e-13 1.43536e-12 2.19181e-12 3.34673e-12 5.10907e-12 7.79635e-12 1.18906e-11 1.81221e-11 2.75962e-11 4.1982e-11 6.37956e-11 9.68222e-11 1.46744e-10 2.22069e-10 3.35509e-10 5.06001e-10 7.61678e-10 1.14421e-09 1.71512e-09 2.56495e-09 3.82642e-09 5.69344e-09 8.44809e-09 1.24991e-08 1.8436e-08 2.71055e-08 3.97174e-08 5.79923e-08 8.43645e-08 1.2226e-07 1.76473e-07 2.53681e-07 3.63124e-07 5.17528e-07 7.34312e-07 1.0372e-06 1.45835e-06 2.04109e-06 2.84361e-06 3.94373e-06 5.44521e-06 7.48608e-06 1.02498e-05 1.39802e-05 1.90019e-05 2.57485e-05 3.4801e-05 4.69434e-05 6.32396e-05 8.51434e-05 0.000114656 0.000154547 0.000208673 0.000282412 0.000383271 0.000521685 0.000712032 0.000973816 0.00133283 0.00182186 0.00248021 0.00335058 0.00447198 0.00586712 0.00752488 0.00938227 0.0113159 0.0131575 0.0147446 0.0160022 0.017029 0.0181583 0.0199782 0.023334 0.0293491 0.0394776 0.055546 0.0796186 0.113304 0.155787 0.200087 0.230552 0.23138 0.204016 0.165336 0.13024 0.105446 0.0928879 0.0935487 0.109598 0.145435 0.207902 0.303905 0.426522 0.509259 0.455021 0.3342 0.231888 0.163021 0.121759 0.100717 0.0943369 0.0985235 0.109465 0.12257 0.132395 0.134363 0.127237 0.113573 0.0975057 0.0824017 0.0700894 0.0612057 0.0557326 0.053328 0.0534504 0.0553961 0.0583663 0.0616259 0.0647249 0.0676629 0.0708614 0.0749175 0.0802699 0.0869975 0.0949399 0.104152 0.115428 0.13044 0.151204 0.178808 0.21133 0.241375 0.256447 0.247361 0.218059 0.181311 0.14757 0.121465 0.104115 0.0957409 0.0969979 0.109324 0.134778 0.17555 0.233145 0.307521 0.396931 0.498009 0.601053 0.67841 0.690245 0.629155 0.532588 0.437596 0.359612 0.300855 0.259304 0.231833 0.214579 0.203103 0.193153 0.181677 0.167432 0.150901 0.13367 0.117601 0.104192 0.0942836 0.0880331 0.0849774 0.0841079 0.0839784 0.0829587 0.0797174 0.0737595 0.0656121 0.0564647 0.0475697 0.0398324 0.0337193 0.0293583 0.0266748 0.0254893 0.0255667 0.0266388 0.0284221 0.0306492 0.0331175 0.0357421 0.0385822 0.0418112 0.045621 0.0500801 0.0549955 0.0598592 0.0639657 0.0667419 0.0681948 0.0692487 0.0718085 0.0786636 0.093563 0.121764 0.171239 0.254685 0.392527 0.616771 0.970574 1.27918 1.13037 0.957775 0.769842 0.65076 0.595464 0.55808 0.507625 0.441527 0.364228 0.284945 0.215986 0.164165 0.129903 0.110953 0.105151 0.111409 0.129629 0.160059 0.202295 0.254205 0.311616 0.369947 0.426884 0.481631 0.528202 0.548807 0.521679 0.44662 0.349937 0.258243 0.184192 0.1299 0.0928888 0.0695541 0.056614 0.0515188 0.0524067 0.0579119 0.0670017 0.078965 0.0936088 0.111616 0.134905 0.166729 0.210974 0.269271 0.333771 0.37906 0.377901 0.33933 0.294877 0.263571 0.249971 0.251659 0.262329 0.273182 0.275872 0.265701 0.242307 0.208963 0.171686 0.137128 0.11028 0.0938306 0.088882 0.0958339 0.114671 0.144351 0.181281 0.217667 0.242362 0.246554 0.230125 0.200987 0.169091 0.141926 0.123364 0.114259 0.113288 0.117409 0.122257 0.123257 0.117633 0.105882 0.091064 0.0767146 0.0653509 0.0582086 0.0555998 0.0572829 0.0626022 0.0704125 0.0789693 0.0861212 0.0900638 0.0903621 0.0883838 0.0867247 0.0882284 0.0953381 0.109805 0.132308 0.161688 0.194167 0.223744 0.244473 0.253019 0.249663 0.238375 0.225743 0.218234 0.219784 0.231171 0.250602 0.274417 0.297235 0.312611 0.316321 0.30998 0.299483 0.289667 0.280732 0.268685 0.249588 0.22409 0.197303 0.175327 0.163209 0.165376 0.187159 0.23643 0.324583 0.463021 0.629731 0.65431 0.506043 0.373342 0.292442 0.25248 0.239264 0.240051 0.243291 0.239491 0.22394 0.198642 0.170155 0.145033 0.127123 0.117538 0.115704 0.120387 0.13043 0.1451 0.16386 0.185625 0.208023 0.227449 0.240341 0.245161 0.243508 0.239418 0.237836 0.243511 0.259612 0.284461 0.307108 0.309296 0.282043 0.236726 0.190795 0.153993 0.128272 0.111679 0.100951 0.0929019 0.0852458 0.0769964 0.0683333 0.0600708 0.0530803 0.0479233 0.0447202 0.0431688 0.0426398 0.0423267 0.0414449 0.0394431 0.0361528 0.031801 0.0268783 0.0219407 0.0174453 0.0136732 0.0107333 0.00860617 0.0071952 0.00636509 0.00596536 0.00584349 0.00585417 0.00586974 0.00579214 0.00556337 0.00516946 0.00463505 0.00400993 0.00335242 0.0027152 0.00213675 0.00163894 0.001229 0.000903542 0.000652955 0.000464903 0.000326797 0.000227205 0.000156485 0.00010692 7.25643e-05 4.89724e-05 3.28998e-05 2.20222e-05 1.4701e-05 9.79555e-06 6.52061e-06 4.3402e-06 2.89132e-06 1.9296e-06 1.29142e-06 8.67656e-07 5.85826e-07 3.97892e-07 2.72099e-07 1.87483e-07 1.30218e-07 9.11849e-08 6.43631e-08 4.57715e-08 3.27684e-08 2.3593e-08 1.7064e-08 1.23832e-08 9.00586e-09 6.55659e-09 4.77371e-09 3.47282e-09 2.52253e-09 1.82835e-09 1.32172e-09 9.52628e-10 6.84367e-10 4.89957e-10 3.49525e-10 2.48442e-10 1.75951e-10 1.24164e-10 8.73086e-11 6.11808e-11 4.27281e-11 2.97443e-11 2.06416e-11 1.42821e-11 9.85396e-12 6.78059e-12 4.65401e-12 3.18682e-12 2.17734e-12 1.48457e-12 1.01029e-12 6.86324e-13 4.65497e-13 3.15263e-13 2.13236e-13 1.44059e-13 9.72239e-14 6.55564e-14 4.41694e-14 2.97403e-14 
8.18005e-15 1.22335e-14 1.83435e-14 2.75748e-14 4.15516e-14 6.27543e-14 9.49735e-14 1.44006e-13 2.1872e-13 3.32681e-13 5.06648e-13 7.72369e-13 1.17839e-12 1.79889e-12 2.74715e-12 4.19602e-12 6.40894e-12 9.78704e-12 1.49403e-11 2.2795e-11 3.47556e-11 5.29483e-11 8.05858e-11 1.22513e-10 1.86024e-10 2.8207e-10 4.2706e-10 6.45515e-10 9.73981e-10 1.46677e-09 2.20433e-09 3.30549e-09 4.94508e-09 7.37942e-09 1.09829e-08 1.62999e-08 2.41188e-08 3.55762e-08 5.23023e-08 7.66246e-08 1.11848e-07 1.62639e-07 2.35552e-07 3.39743e-07 4.87916e-07 6.97606e-07 9.92868e-07 1.4065e-06 1.98296e-06 2.7822e-06 3.8846e-06 5.39741e-06 7.46319e-06 1.02708e-05 1.40698e-05 1.91897e-05 2.60659e-05 3.52752e-05 4.75842e-05 6.40187e-05 8.59607e-05 0.000115288 0.000154577 0.000207387 0.000278681 0.000375417 0.000507382 0.00068834 0.000937569 0.00128177 0.00175718 0.00241146 0.00330409 0.00450346 0.00607738 0.00807405 0.0104916 0.0132411 0.0161189 0.018816 0.0209924 0.0224124 0.0230921 0.0233802 0.0239347 0.0256345 0.029497 0.036635 0.0482018 0.065186 0.0878378 0.11455 0.140548 0.158191 0.16114 0.149766 0.130723 0.111473 0.0969267 0.0898126 0.0922812 0.107184 0.138694 0.19192 0.269593 0.359843 0.413757 0.379214 0.292613 0.210764 0.15196 0.115299 0.0958925 0.089208 0.091508 0.0992742 0.10868 0.115736 0.117344 0.112581 0.102911 0.0910571 0.0796147 0.0703441 0.0641459 0.0612867 0.0615909 0.0645261 0.0692391 0.0746559 0.0797374 0.0838649 0.0871498 0.0904114 0.0947597 0.101003 0.10926 0.119111 0.130386 0.144196 0.163417 0.19219 0.234414 0.290513 0.350283 0.385232 0.367018 0.307632 0.240904 0.185634 0.145586 0.119143 0.104346 0.10041 0.107836 0.128143 0.163619 0.217247 0.292973 0.396116 0.531788 0.694245 0.837527 0.86601 0.758222 0.6061 0.474345 0.377589 0.311636 0.269137 0.243641 0.229737 0.22239 0.21657 0.207685 0.192889 0.172308 0.148699 0.125606 0.105677 0.0901355 0.079033 0.0716897 0.0670286 0.0638099 0.0608442 0.0572316 0.0525681 0.0469901 0.0410064 0.0352259 0.0301427 0.0260534 0.023075 0.0212012 0.0203534 0.0204133 0.0212433 0.0227059 0.0246913 0.0271523 0.0301388 0.0338087 0.0383942 0.0441099 0.0510013 0.0587686 0.0666466 0.0734953 0.0782357 0.0805429 0.0813786 0.0829879 0.08852 0.101844 0.127981 0.174247 0.252009 0.378706 0.577945 0.860263 1.05947 0.976619 0.825125 0.665398 0.550247 0.486893 0.454185 0.428792 0.392471 0.336224 0.268102 0.204455 0.155439 0.123286 0.106692 0.104094 0.114972 0.139979 0.180286 0.236072 0.303972 0.374766 0.435937 0.480792 0.51129 0.52694 0.517393 0.472585 0.397853 0.311746 0.231764 0.166856 0.118752 0.0855776 0.0644067 0.0524961 0.0476989 0.0484881 0.0538318 0.0630548 0.075765 0.0918927 0.111866 0.13691 0.1693 0.211964 0.265923 0.323681 0.362528 0.359132 0.321824 0.279058 0.24894 0.23648 0.240453 0.256813 0.279426 0.300137 0.309096 0.297408 0.263637 0.216975 0.170536 0.133593 0.110196 0.101351 0.107038 0.126957 0.159899 0.201752 0.242942 0.269044 0.269226 0.245633 0.210055 0.174027 0.144459 0.124146 0.11319 0.109948 0.1115 0.114069 0.113932 0.10883 0.0989279 0.0863572 0.0738139 0.0634257 0.0564094 0.0532212 0.0537871 0.0576055 0.0637086 0.0706229 0.0765808 0.0801552 0.0810668 0.0805364 0.0808824 0.0847893 0.0947678 0.112788 0.139614 0.17343 0.20828 0.234825 0.245823 0.241681 0.228859 0.214741 0.205209 0.204219 0.213573 0.232822 0.259538 0.289511 0.316221 0.331124 0.328439 0.310971 0.287621 0.265734 0.247386 0.23057 0.212546 0.192754 0.173309 0.157638 0.149328 0.152018 0.169876 0.207899 0.270628 0.355345 0.433008 0.442769 0.377507 0.297798 0.238705 0.204673 0.189849 0.186211 0.185814 0.182134 0.17178 0.15548 0.136951 0.120445 0.109045 0.104391 0.107207 0.117902 0.136929 0.164709 0.200992 0.243706 0.287845 0.325488 0.348351 0.352626 0.341969 0.324876 0.310102 0.305018 0.315086 0.340088 0.366774 0.368659 0.331485 0.272711 0.216581 0.174324 0.14689 0.130839 0.121337 0.113722 0.104823 0.0937823 0.0816971 0.0704109 0.0614336 0.055501 0.0525981 0.0521272 0.0530763 0.0542029 0.0542888 0.0524608 0.048456 0.0426662 0.0359149 0.0291079 0.0229575 0.017874 0.0139953 0.0112731 0.00955636 0.0086477 0.00833125 0.00838572 0.00859431 0.00876077 0.00873219 0.00842107 0.00781516 0.00696822 0.0059746 0.00493833 0.00394812 0.00306442 0.00231769 0.00171404 0.00124341 0.000887264 0.000624304 0.000434081 0.000298798 0.000203948 0.000138231 9.31496e-05 6.24787e-05 4.17544e-05 2.78297e-05 1.85159e-05 1.23084e-05 8.18238e-06 5.44485e-06 3.63038e-06 2.42791e-06 1.63042e-06 1.10061e-06 7.47641e-07 5.11557e-07 3.52833e-07 2.45435e-07 1.72212e-07 1.21863e-07 8.69188e-08 6.24333e-08 4.51129e-08 3.2751e-08 2.38575e-08 1.7416e-08 1.27256e-08 9.29726e-09 6.78545e-09 4.94329e-09 3.59253e-09 2.60327e-09 1.88024e-09 1.35323e-09 9.70315e-10 6.93102e-10 4.93179e-10 3.49574e-10 2.46842e-10 1.73651e-10 1.21719e-10 8.50192e-11 5.91845e-11 4.10673e-11 2.84084e-11 1.95944e-11 1.34778e-11 9.24661e-12 6.32839e-12 4.32139e-12 2.94474e-12 2.00277e-12 1.35973e-12 9.21666e-13 6.23831e-13 4.21693e-13 2.84727e-13 1.92054e-13 1.29432e-13 8.71649e-14 5.86648e-14 3.9464e-14 
1.05447e-14 1.57094e-14 2.34688e-14 3.51566e-14 5.28046e-14 7.9512e-14 1.20012e-13 1.8154e-13 2.75159e-13 4.17801e-13 6.35375e-13 9.67534e-13 1.47495e-12 2.25041e-12 3.4358e-12 5.24781e-12 8.01727e-12 1.22486e-11 1.87102e-11 2.85712e-11 4.36074e-11 6.65133e-11 1.01369e-10 1.54344e-10 2.34747e-10 3.56593e-10 5.40943e-10 8.19359e-10 1.23903e-09 1.87031e-09 2.81777e-09 4.23637e-09 6.35497e-09 9.51033e-09 1.41962e-08 2.11333e-08 3.13696e-08 4.64218e-08 6.84743e-08 1.00658e-07 1.47434e-07 2.15132e-07 3.12668e-07 4.5254e-07 6.52151e-07 9.35584e-07 1.33596e-06 1.8985e-06 2.68461e-06 3.77709e-06 5.28688e-06 7.3618e-06 1.01977e-05 1.4053e-05 1.92672e-05 2.62853e-05 3.56902e-05 4.82465e-05 6.496e-05 8.71616e-05 0.000116626 0.000155744 0.000207769 0.000277181 0.000370216 0.00049563 0.000665808 0.000898333 0.00121816 0.0016605 0.00227434 0.00312611 0.00430214 0.00590703 0.00805302 0.0108337 0.0142761 0.0182736 0.022521 0.0265026 0.0295948 0.0312978 0.0315023 0.0306213 0.0294989 0.0291788 0.0306949 0.0349609 0.0427052 0.054332 0.0695964 0.0871127 0.104033 0.1166 0.121935 0.119844 0.112734 0.103887 0.0961341 0.0918129 0.0933465 0.103642 0.12596 0.162855 0.213004 0.264654 0.29187 0.274638 0.226172 0.17365 0.132111 0.104853 0.090387 0.0860734 0.0891159 0.0965382 0.10508 0.111512 0.11344 0.11011 0.10255 0.0929009 0.0834666 0.0760659 0.0718169 0.0711822 0.074066 0.0798607 0.087467 0.0954109 0.102209 0.106975 0.109945 0.112475 0.116384 0.123001 0.132502 0.144065 0.157066 0.172793 0.195448 0.231891 0.290698 0.379925 0.496164 0.584503 0.542494 0.418033 0.304373 0.222548 0.167693 0.132415 0.111692 0.103141 0.106396 0.122582 0.154145 0.205137 0.281988 0.394455 0.554885 0.768852 0.992769 1.04327 0.866421 0.661718 0.504508 0.397842 0.330145 0.289897 0.268493 0.259983 0.259405 0.260719 0.256305 0.239962 0.211436 0.176519 0.142258 0.113139 0.0906478 0.0743925 0.063164 0.0555484 0.0502145 0.0460544 0.0422714 0.0384291 0.0344298 0.0304156 0.0266308 0.023307 0.0206043 0.0186036 0.0173251 0.0167519 0.0168485 0.0175764 0.0189112 0.0208659 0.0235186 0.0270374 0.0316851 0.0377843 0.0456207 0.0552681 0.0663439 0.0777854 0.0878789 0.0948364 0.0978692 0.0980321 0.0980723 0.101542 0.112162 0.134007 0.172351 0.234579 0.329824 0.463356 0.615335 0.711306 0.697305 0.614938 0.515454 0.434972 0.385943 0.361824 0.34756 0.325748 0.285784 0.232872 0.180948 0.140002 0.113448 0.101344 0.103348 0.120191 0.154134 0.208625 0.286565 0.385417 0.488118 0.561741 0.588228 0.583847 0.564088 0.524799 0.458998 0.374421 0.287891 0.212211 0.152553 0.108895 0.0789219 0.0598265 0.049146 0.0450317 0.0462407 0.0520144 0.0619235 0.0757225 0.093246 0.114402 0.139339 0.168756 0.203798 0.24424 0.28407 0.308704 0.30517 0.279085 0.24906 0.229463 0.226362 0.240983 0.272078 0.315782 0.363449 0.398364 0.397956 0.353207 0.283198 0.21444 0.161441 0.127989 0.11347 0.116505 0.135984 0.170289 0.21492 0.259253 0.2867 0.284808 0.256966 0.217387 0.178566 0.147063 0.125035 0.11216 0.106678 0.10589 0.106575 0.105705 0.101368 0.093371 0.0830092 0.0722084 0.0627134 0.0557001 0.0517436 0.0509177 0.0528691 0.0568311 0.0616599 0.0660505 0.0690173 0.070458 0.0714121 0.073843 0.0801909 0.0930007 0.114556 0.146023 0.185487 0.225206 0.25194 0.255936 0.240814 0.218885 0.200586 0.191439 0.19361 0.207244 0.23089 0.261655 0.29505 0.324011 0.338945 0.333132 0.309635 0.278684 0.249222 0.225008 0.205632 0.189038 0.17368 0.159502 0.147872 0.141107 0.142015 0.153492 0.177891 0.215307 0.259574 0.293677 0.296531 0.266292 0.223076 0.18542 0.160271 0.146879 0.141312 0.138866 0.135492 0.128954 0.119364 0.108694 0.0996105 0.0945651 0.0955598 0.104389 0.122987 0.15357 0.198295 0.258105 0.33064 0.40772 0.474076 0.511093 0.508966 0.476651 0.433328 0.394192 0.368421 0.362182 0.375761 0.395389 0.392727 0.351925 0.290698 0.233985 0.193313 0.169632 0.158909 0.154671 0.149794 0.139363 0.123036 0.104211 0.0869639 0.0739313 0.0660138 0.0628832 0.0634647 0.0661997 0.0692267 0.0706753 0.0691455 0.0641881 0.0564312 0.0472041 0.0379249 0.0296495 0.0229365 0.017936 0.0145453 0.0125379 0.0116373 0.0115451 0.0119481 0.0125256 0.0129744 0.0130525 0.0126249 0.0116864 0.010346 0.00877753 0.00716203 0.00564484 0.00431694 0.00321721 0.00234562 0.00167881 0.00118304 0.00082292 0.000566256 0.000386166 0.000261418 0.000175915 0.000117818 7.86208e-05 5.2327e-05 3.47689e-05 2.30852e-05 1.53307e-05 1.01927e-05 6.79139e-06 4.53974e-06 3.04786e-06 2.05753e-06 1.39821e-06 9.57451e-07 6.61202e-07 4.60747e-07 3.24027e-07 2.29931e-07 1.64532e-07 1.18612e-07 8.60404e-08 6.27173e-08 4.58741e-08 3.36238e-08 2.46644e-08 1.80863e-08 1.32454e-08 9.67983e-09 7.05479e-09 5.12506e-09 3.70984e-09 2.67511e-09 1.92127e-09 1.37423e-09 9.78914e-10 6.94469e-10 4.90697e-10 3.45357e-10 2.42141e-10 1.69152e-10 1.17749e-10 8.16917e-11 5.64958e-11 3.89536e-11 2.67823e-11 1.83652e-11 1.25622e-11 8.57317e-12 5.83841e-12 3.96829e-12 2.69241e-12 1.82382e-12 1.23367e-12 8.33407e-13 5.62379e-13 3.79121e-13 2.55368e-13 1.71892e-13 1.15638e-13 7.77594e-14 5.22716e-14 
1.3652e-14 2.02548e-14 3.01373e-14 4.49711e-14 6.72972e-14 1.00986e-13 1.51941e-13 2.29178e-13 3.46477e-13 5.24918e-13 7.96762e-13 1.21139e-12 1.84439e-12 2.81145e-12 4.28958e-12 6.54948e-12 1.00048e-11 1.52872e-11 2.33603e-11 3.56926e-11 5.45189e-11 8.32362e-11 1.27e-10 1.93621e-10 2.94916e-10 4.48718e-10 6.81897e-10 1.03484e-09 1.56809e-09 2.37223e-09 3.58229e-09 5.39911e-09 8.12031e-09 1.21855e-08 1.82415e-08 2.72366e-08 4.05546e-08 6.02069e-08 8.91021e-08 1.31426e-07 1.93171e-07 2.82866e-07 4.12582e-07 5.993e-07 8.66751e-07 1.24789e-06 1.78814e-06 2.54974e-06 3.61727e-06 5.10494e-06 7.1658e-06 1.00035e-05 1.38874e-05 1.91712e-05 2.63171e-05 3.59266e-05 4.878e-05 6.58892e-05 8.85683e-05 0.000118532 0.000158036 0.000210077 0.00027869 0.000369384 0.000489785 0.000650591 0.000866965 0.00116057 0.00156248 0.0021172 0.00288798 0.003963 0.00546108 0.00753334 0.0103535 0.0140858 0.0188165 0.0244446 0.0305537 0.0363484 0.0407803 0.0429327 0.042506 0.0400567 0.03679 0.0340967 0.0331757 0.0348876 0.0397503 0.0479245 0.0590987 0.0723175 0.0859407 0.0979792 0.106805 0.111746 0.113032 0.111307 0.107473 0.10309 0.10069 0.103424 0.114123 0.133995 0.160717 0.186378 0.198785 0.190179 0.16519 0.135549 0.110433 0.0938083 0.0862536 0.0867751 0.0935547 0.104049 0.115067 0.123287 0.126243 0.123232 0.115469 0.105398 0.0956856 0.0884845 0.0851297 0.0861435 0.0913289 0.0998277 0.110149 0.120309 0.128298 0.132923 0.134578 0.13526 0.137619 0.143599 0.153478 0.16599 0.179897 0.196385 0.220554 0.261363 0.33163 0.449585 0.639346 0.880506 0.75295 0.512561 0.351433 0.24883 0.183494 0.142016 0.116963 0.104848 0.10471 0.117344 0.145113 0.19227 0.265706 0.375689 0.535002 0.750929 0.986726 1.04649 0.866827 0.668327 0.518601 0.419054 0.358665 0.325581 0.310884 0.309771 0.319124 0.332344 0.336178 0.316762 0.273256 0.218924 0.167587 0.125966 0.0950537 0.0732673 0.0583794 0.0483262 0.0414447 0.0364956 0.0326247 0.029311 0.026301 0.0235268 0.0210221 0.018854 0.0170836 0.0157537 0.0148919 0.0145199 0.0146626 0.0153585 0.0166727 0.0187171 0.0216736 0.0258155 0.0315099 0.0391818 0.0492096 0.0617193 0.0762667 0.0914938 0.105071 0.114417 0.118239 0.117775 0.116421 0.118143 0.126281 0.143485 0.17238 0.216069 0.277147 0.353247 0.42887 0.474758 0.472096 0.431055 0.375587 0.326566 0.294031 0.276923 0.266611 0.251456 0.224086 0.187197 0.14986 0.119839 0.100939 0.0945508 0.101785 0.124956 0.168482 0.239355 0.346481 0.495441 0.666739 0.774849 0.758486 0.690998 0.619661 0.543274 0.454219 0.358526 0.26961 0.196183 0.14029 0.100231 0.0730711 0.0559371 0.0465258 0.0432143 0.0449929 0.0513226 0.061955 0.0767201 0.0952909 0.116983 0.140757 0.165588 0.190898 0.215895 0.237344 0.248678 0.245063 0.230307 0.215009 0.209208 0.21926 0.248775 0.299568 0.37059 0.453927 0.526076 0.54078 0.471305 0.361507 0.261621 0.189201 0.144488 0.123546 0.12286 0.140035 0.172657 0.215767 0.258748 0.28568 0.284711 0.258638 0.220519 0.18226 0.150409 0.127346 0.113012 0.105924 0.103707 0.103537 0.102723 0.0993936 0.0929737 0.0841424 0.074321 0.0650387 0.0574897 0.0523618 0.0498468 0.049711 0.051369 0.0539822 0.0566608 0.0588003 0.0604411 0.0624496 0.0664338 0.074523 0.0891491 0.112717 0.146679 0.18926 0.231923 0.259066 0.259135 0.237754 0.210789 0.190239 0.181189 0.184637 0.199677 0.224218 0.255082 0.287706 0.315279 0.329006 0.322831 0.299264 0.267581 0.236873 0.212108 0.19412 0.181138 0.170543 0.160427 0.150661 0.142994 0.140129 0.144447 0.156919 0.176046 0.196685 0.210142 0.208466 0.19128 0.166243 0.142189 0.12408 0.112791 0.106745 0.103436 0.100521 0.0965957 0.0915595 0.0864687 0.0830765 0.0834485 0.0898849 0.105115 0.132595 0.176653 0.242073 0.332427 0.446503 0.573194 0.686509 0.746312 0.725588 0.647477 0.557569 0.481144 0.425824 0.394868 0.386878 0.388943 0.378181 0.341671 0.290477 0.243467 0.211693 0.19781 0.198696 0.20607 0.207897 0.194974 0.168402 0.137173 0.109721 0.0901108 0.0789617 0.0751726 0.076896 0.0818414 0.0873496 0.0906594 0.0895937 0.0834047 0.0730685 0.0606551 0.0482865 0.0374405 0.0288209 0.0225581 0.0184671 0.0162295 0.0154803 0.0158273 0.0168405 0.0180515 0.0189907 0.0192697 0.0186751 0.0172196 0.015113 0.0126672 0.0101889 0.00790799 0.00595442 0.00437101 0.0031417 0.0022191 0.00154511 0.00106324 0.000724669 0.000490091 0.000329402 0.000220333 0.000146845 9.76188e-05 6.47946e-05 4.29825e-05 2.85236e-05 1.89538e-05 1.26245e-05 8.43769e-06 5.66533e-06 3.82589e-06 2.60168e-06 1.78345e-06 1.23349e-06 8.61278e-07 6.07254e-07 4.32238e-07 3.10396e-07 2.24648e-07 1.63648e-07 1.19811e-07 8.8023e-08 6.47982e-08 4.77315e-08 3.51399e-08 2.5829e-08 1.89394e-08 1.38449e-08 1.00848e-08 7.31706e-09 5.28685e-09 3.8035e-09 2.72437e-09 1.94287e-09 1.37954e-09 9.75395e-10 6.86798e-10 4.81662e-10 3.36504e-10 2.34231e-10 1.62475e-10 1.1233e-10 7.742e-11 5.32042e-11 3.64634e-11 2.4927e-11 1.70007e-11 1.157e-11 7.85857e-12 5.32823e-12 3.60683e-12 2.43809e-12 1.64598e-12 1.11001e-12 7.47859e-13 5.03467e-13 3.38721e-13 2.27768e-13 1.53101e-13 1.02884e-13 6.91269e-14 
1.776e-14 2.62353e-14 3.88677e-14 5.77537e-14 8.60731e-14 1.28659e-13 1.92871e-13 2.89932e-13 4.36983e-13 6.60222e-13 9.99727e-13 1.51684e-12 2.30547e-12 3.50941e-12 5.34877e-12 8.16041e-12 1.24596e-11 1.90341e-11 2.90871e-11 4.44546e-11 6.79358e-11 1.03792e-10 1.58504e-10 2.41908e-10 3.68919e-10 5.62101e-10 8.55531e-10 1.30057e-09 1.97443e-09 2.99296e-09 4.52945e-09 6.84243e-09 1.03164e-08 1.55212e-08 2.32987e-08 3.48878e-08 5.21039e-08 7.7596e-08 1.15212e-07 1.70512e-07 2.5149e-07 3.69577e-07 5.41018e-07 7.88759e-07 1.145e-06 1.65462e-06 2.37972e-06 3.40561e-06 4.84856e-06 6.8658e-06 9.66826e-06 1.35366e-05 1.88412e-05 2.60673e-05 3.58454e-05 4.899e-05 6.65475e-05 8.98577e-05 0.000120635 0.000161078 0.000214025 0.000283183 0.000373454 0.000491446 0.000646217 0.000850402 0.0011219 0.00148634 0.00198077 0.00265885 0.00359812 0.00490923 0.00674598 0.0093122 0.0128563 0.0176368 0.0238347 0.0313928 0.0397978 0.0479188 0.0541319 0.056915 0.0556935 0.0512691 0.0454223 0.0400858 0.0367516 0.03633 0.0392656 0.0456654 0.0553285 0.0677013 0.0818674 0.0966751 0.110958 0.123595 0.133216 0.137987 0.136388 0.128929 0.118896 0.110891 0.108556 0.113103 0.122704 0.132605 0.13686 0.131973 0.119481 0.104418 0.0918364 0.0849619 0.0852321 0.0927885 0.106608 0.12427 0.141867 0.154775 0.15945 0.155154 0.144143 0.1303 0.117482 0.108514 0.104919 0.107044 0.114262 0.125127 0.13752 0.148887 0.156806 0.159938 0.158946 0.156475 0.155937 0.159827 0.168562 0.180582 0.194129 0.209995 0.233187 0.272697 0.341273 0.456691 0.640888 0.863193 0.748065 0.517421 0.358706 0.256227 0.189903 0.146838 0.119866 0.105564 0.102864 0.112337 0.136013 0.177592 0.242783 0.339155 0.4736 0.6423 0.802705 0.853097 0.765848 0.63527 0.522564 0.444912 0.400508 0.379618 0.373256 0.379528 0.400521 0.431232 0.449646 0.425323 0.35623 0.272314 0.198165 0.141627 0.10158 0.0743058 0.0561121 0.044068 0.036047 0.0305789 0.026687 0.0237526 0.0214095 0.0194603 0.0178097 0.0164183 0.0152764 0.0143938 0.0137988 0.0135413 0.0136952 0.0143633 0.0156862 0.0178586 0.0211506 0.0259272 0.0326494 0.041833 0.0539303 0.0690928 0.086796 0.105414 0.122111 0.133698 0.138572 0.138289 0.136914 0.138731 0.146494 0.161148 0.182529 0.210221 0.243553 0.27978 0.311503 0.327951 0.322603 0.298912 0.267173 0.237825 0.216811 0.204239 0.195496 0.184073 0.16585 0.142073 0.11785 0.0984014 0.087199 0.0864499 0.0984366 0.12684 0.177999 0.262319 0.395835 0.600474 0.889956 1.10024 0.969811 0.812254 0.675857 0.55443 0.441691 0.338276 0.249984 0.180324 0.128722 0.0923741 0.0680227 0.0528284 0.0446605 0.0421034 0.0443466 0.0510254 0.0620236 0.0772164 0.0961359 0.117611 0.139624 0.159786 0.176381 0.188843 0.196736 0.198882 0.194969 0.188085 0.184466 0.190995 0.213675 0.257696 0.327358 0.423958 0.540201 0.64834 0.677711 0.575875 0.424582 0.297551 0.209754 0.156316 0.130027 0.12547 0.139051 0.167546 0.205734 0.244081 0.269513 0.272283 0.253189 0.221365 0.186718 0.155979 0.132555 0.117375 0.109633 0.107338 0.107801 0.108207 0.106309 0.101035 0.0926825 0.0825574 0.0723 0.0632924 0.0563684 0.0517962 0.049398 0.0487002 0.0490848 0.0499682 0.05102 0.0523723 0.0547346 0.0593801 0.0680563 0.0828543 0.105893 0.138395 0.178514 0.21815 0.242973 0.242701 0.222754 0.197959 0.179598 0.172319 0.176731 0.191611 0.214685 0.242715 0.27129 0.294491 0.305557 0.300178 0.28021 0.252932 0.226594 0.206805 0.195266 0.190004 0.186597 0.18062 0.170622 0.15908 0.150239 0.147218 0.150569 0.15815 0.165696 0.168209 0.162331 0.148442 0.130319 0.112529 0.0981456 0.0881478 0.081959 0.0782601 0.0756978 0.0733937 0.0712122 0.0697869 0.0704134 0.0749797 0.0860591 0.107193 0.143311 0.20111 0.288881 0.414581 0.580305 0.773302 0.957228 1.05707 0.996056 0.834225 0.675735 0.554 0.467458 0.412 0.382794 0.368172 0.351404 0.322305 0.285021 0.251462 0.231982 0.232089 0.251331 0.279834 0.295582 0.277894 0.231757 0.179567 0.136945 0.108516 0.0933482 0.0888114 0.0919356 0.099542 0.108053 0.113637 0.113125 0.10539 0.0919023 0.075714 0.0598047 0.0461014 0.0354195 0.0278351 0.0230655 0.0207026 0.0203021 0.0213794 0.023367 0.0255922 0.0273305 0.0279541 0.0271199 0.0248772 0.0216137 0.0178721 0.0141553 0.0108114 0.00801295 0.00579485 0.00410812 0.00286587 0.00197354 0.00134501 0.000909128 0.000610549 0.000408013 0.000271679 0.000180458 0.000119698 7.93645e-05 5.26512e-05 3.4983e-05 2.33031e-05 1.55794e-05 1.04658e-05 7.07305e-06 4.81483e-06 3.30517e-06 2.29014e-06 1.60277e-06 1.13327e-06 8.09369e-07 5.83464e-07 4.24083e-07 3.10339e-07 2.28282e-07 1.68514e-07 1.24632e-07 9.22196e-08 6.81799e-08 5.03114e-08 3.70234e-08 2.71515e-08 1.98336e-08 1.4426e-08 1.04455e-08 7.52816e-09 5.4002e-09 3.85566e-09 2.74023e-09 1.93875e-09 1.36572e-09 9.58036e-10 6.69357e-10 4.6588e-10 3.23085e-10 2.23294e-10 1.53831e-10 1.05659e-10 7.23701e-11 4.94414e-11 3.36969e-11 2.29163e-11 1.55539e-11 1.0538e-11 7.12833e-12 4.81508e-12 3.2485e-12 2.18928e-12 1.47411e-12 9.91828e-13 6.66939e-13 4.48271e-13 3.012e-13 2.0234e-13 1.35916e-13 9.12984e-14 
2.32239e-14 3.41536e-14 5.03707e-14 7.45097e-14 1.10554e-13 1.64544e-13 2.45654e-13 3.67852e-13 5.52436e-13 8.31924e-13 1.25602e-12 1.90077e-12 2.88256e-12 4.37958e-12 6.66473e-12 1.01558e-11 1.54924e-11 2.36529e-11 3.61335e-11 5.52201e-11 8.44019e-11 1.29e-10 1.97117e-10 3.0108e-10 4.59608e-10 7.01087e-10 1.06848e-09 1.62671e-09 2.47364e-09 3.75647e-09 5.69609e-09 8.62307e-09 1.30307e-08 1.96526e-08 2.95768e-08 4.44101e-08 6.65169e-08 9.93617e-08 1.47998e-07 2.19761e-07 3.25245e-07 4.79664e-07 7.04741e-07 1.0313e-06 1.50278e-06 2.18e-06 3.14746e-06 4.52164e-06 6.46185e-06 9.1841e-06 1.29787e-05 1.82322e-05 2.54546e-05 3.53125e-05 4.86687e-05 6.66299e-05 9.06045e-05 0.000122372 0.000164172 0.000218817 0.000289859 0.000381816 0.00050053 0.000653707 0.000851743 0.001109 0.00144571 0.00189089 0.00248657 0.00329416 0.00440343 0.00594474 0.00810377 0.0111348 0.0153622 0.0211486 0.0287935 0.0383228 0.0491665 0.0598568 0.068104 0.0716316 0.0695154 0.0628926 0.0542922 0.0463163 0.0408093 0.0387773 0.0406692 0.0466489 0.056719 0.0707112 0.0882364 0.108688 0.131263 0.154683 0.176159 0.190322 0.190923 0.176419 0.152872 0.129272 0.111777 0.102171 0.0989243 0.0986785 0.0978381 0.0942576 0.0882065 0.081895 0.0781858 0.0796306 0.0881338 0.104794 0.129406 0.15947 0.189287 0.210858 0.217755 0.209288 0.19047 0.168421 0.149174 0.136469 0.13184 0.135065 0.14454 0.157601 0.171013 0.181644 0.187132 0.186597 0.181264 0.174307 0.169557 0.169776 0.175505 0.185187 0.196895 0.210885 0.231029 0.264201 0.318898 0.402772 0.511565 0.592618 0.554209 0.437523 0.327399 0.245166 0.187226 0.147242 0.120855 0.105819 0.101446 0.108234 0.127805 0.162991 0.217817 0.296747 0.40175 0.524905 0.637323 0.693779 0.675073 0.607953 0.53328 0.480206 0.456541 0.451835 0.453061 0.462276 0.491317 0.53974 0.576044 0.54436 0.441239 0.32331 0.226042 0.155653 0.107647 0.0758561 0.0551058 0.0416369 0.0328843 0.0271538 0.023347 0.0207607 0.0189472 0.0176219 0.0166022 0.0157728 0.0150688 0.0144716 0.0140101 0.0137604 0.0138436 0.0144238 0.0157112 0.017974 0.0215585 0.0269071 0.0345568 0.0450857 0.0589698 0.0763093 0.0964215 0.117425 0.136216 0.149478 0.155797 0.157234 0.158402 0.163733 0.175272 0.192035 0.21071 0.227437 0.239854 0.247449 0.249701 0.244963 0.232151 0.212905 0.191349 0.171935 0.157329 0.147443 0.139792 0.131007 0.118993 0.104338 0.0897873 0.0786359 0.0736996 0.0774286 0.0927063 0.123916 0.178218 0.26721 0.40901 0.62953 0.950165 1.20906 1.10664 0.923444 0.723428 0.553569 0.418853 0.31149 0.227208 0.163507 0.117357 0.0852601 0.0639297 0.0507196 0.0437373 0.0417866 0.0442352 0.0508501 0.0615953 0.0763584 0.0945705 0.114769 0.134393 0.15035 0.160476 0.164677 0.164409 0.161395 0.157495 0.15557 0.159797 0.175152 0.206973 0.260873 0.341994 0.451422 0.577694 0.68495 0.703776 0.594656 0.438908 0.308091 0.217183 0.161088 0.132204 0.124687 0.13453 0.15825 0.191008 0.225064 0.250474 0.259191 0.249462 0.225823 0.19567 0.166111 0.142243 0.126578 0.119278 0.118701 0.121932 0.125398 0.1258 0.12125 0.111911 0.0995769 0.0865652 0.0747447 0.0651425 0.0580155 0.0531144 0.0499544 0.0480241 0.0469353 0.0465413 0.0470281 0.0489661 0.0533137 0.0613825 0.0747361 0.0948774 0.12241 0.155347 0.187122 0.207421 0.209397 0.196796 0.180111 0.168035 0.164579 0.170477 0.184787 0.205489 0.229507 0.252725 0.2703 0.277658 0.272487 0.25663 0.235883 0.217557 0.207568 0.208286 0.217092 0.226113 0.225794 0.212658 0.192554 0.174468 0.163784 0.160784 0.162051 0.162587 0.158162 0.147196 0.131103 0.113028 0.0960947 0.0822828 0.0722225 0.0655462 0.0613988 0.0588863 0.0574022 0.0568234 0.0576031 0.0608258 0.0683075 0.0828213 0.108502 0.151452 0.220459 0.327331 0.4852 0.700737 0.957646 1.21012 1.36187 1.24015 0.975628 0.751905 0.593677 0.485529 0.41526 0.374551 0.352486 0.335573 0.314124 0.287881 0.264809 0.255608 0.269414 0.310614 0.370675 0.411929 0.3852 0.30571 0.224235 0.163837 0.12642 0.107765 0.103099 0.108143 0.118764 0.13044 0.138259 0.138079 0.128465 0.111523 0.0913876 0.0718899 0.0553428 0.0426255 0.033752 0.0283635 0.0259971 0.0261646 0.0283116 0.0317227 0.0354564 0.0384111 0.0395799 0.0384077 0.035011 0.0300759 0.0245115 0.0191068 0.0143606 0.0104817 0.00747427 0.00523236 0.00361002 0.00246241 0.00166474 0.00111781 0.000746746 0.00049705 0.000330064 0.000218906 0.000145153 9.63224e-05 6.40301e-05 4.2681e-05 2.85591e-05 1.92051e-05 1.29954e-05 8.85942e-06 6.09245e-06 4.23058e-06 2.96856e-06 2.10555e-06 1.50928e-06 1.09255e-06 7.97755e-07 5.86652e-07 4.33727e-07 3.21809e-07 2.39206e-07 1.77851e-07 1.32087e-07 9.78797e-08 7.23038e-08 5.32065e-08 3.89838e-08 2.84294e-08 2.06311e-08 1.4897e-08 1.07026e-08 7.65089e-09 5.44262e-09 3.85333e-09 2.71561e-09 1.9054e-09 1.33131e-09 9.26494e-10 6.42347e-10 4.43771e-10 3.0557e-10 2.0976e-10 1.43579e-10 9.80206e-11 6.67566e-11 4.53644e-11 3.07661e-11 2.08283e-11 1.40783e-11 9.50255e-12 6.40632e-12 4.31452e-12 2.90326e-12 1.95228e-12 1.3121e-12 8.815e-13 5.92064e-13 3.97611e-13 2.67018e-13 1.79332e-13 1.20462e-13 
3.05337e-14 4.47027e-14 6.56251e-14 9.66202e-14 1.42689e-13 2.1139e-13 3.14171e-13 4.68419e-13 7.00592e-13 1.05102e-12 1.58128e-12 2.38548e-12 3.60755e-12 5.46785e-12 8.30372e-12 1.26318e-11 1.92432e-11 2.93491e-11 4.48026e-11 6.84378e-11 1.04586e-10 1.59858e-10 2.4434e-10 3.73395e-10 5.70396e-10 8.70854e-10 1.32863e-09 2.02527e-09 3.08403e-09 4.69077e-09 7.12516e-09 1.0807e-08 1.63646e-08 2.47359e-08 3.73163e-08 5.61749e-08 8.43679e-08 1.26392e-07 1.88836e-07 2.81302e-07 4.17727e-07 6.18216e-07 9.11614e-07 1.33905e-06 1.95876e-06 2.85266e-06 4.13511e-06 5.96444e-06 8.55806e-06 1.22118e-05 1.73245e-05 2.44282e-05 3.42257e-05 4.76344e-05 6.58389e-05 9.03506e-05 0.000123076 0.000166392 0.000223239 0.000297227 0.00039278 0.000515352 0.000671756 0.000870699 0.00112363 0.00144611 0.00185987 0.00239599 0.00309963 0.00403704 0.00530585 0.00704941 0.00947531 0.0128745 0.0176302 0.0241914 0.0329664 0.0440756 0.0569378 0.0698261 0.0798615 0.0840495 0.0811247 0.0725646 0.0616274 0.0515338 0.0444405 0.0414565 0.0430936 0.0496617 0.0614528 0.0787308 0.101636 0.130169 0.164305 0.203674 0.245139 0.277834 0.283652 0.254949 0.206803 0.159519 0.123366 0.0997213 0.0859628 0.0784404 0.0739427 0.0705103 0.0677658 0.0667138 0.069239 0.077667 0.0944964 0.122045 0.161484 0.210652 0.260969 0.297188 0.306045 0.287741 0.254115 0.21831 0.18929 0.171508 0.166097 0.171794 0.185277 0.201492 0.214968 0.221876 0.221057 0.213478 0.201544 0.188707 0.17861 0.173814 0.174886 0.180543 0.189044 0.200154 0.216119 0.240917 0.278461 0.329414 0.384376 0.416995 0.401026 0.345894 0.281186 0.224127 0.178891 0.144919 0.121045 0.106586 0.101466 0.106254 0.12225 0.151541 0.196866 0.260922 0.344523 0.443099 0.542704 0.619545 0.646527 0.614884 0.557905 0.519935 0.516287 0.529768 0.535549 0.539881 0.567696 0.620742 0.658923 0.61525 0.489589 0.35184 0.24141 0.163147 0.110649 0.0763632 0.0542689 0.0401272 0.0311195 0.0254223 0.0218665 0.0196962 0.0184092 0.0176573 0.0171895 0.0168254 0.0164496 0.0160165 0.0155573 0.0151795 0.0150587 0.0154262 0.0165632 0.0188071 0.0225705 0.0283599 0.0367693 0.0484106 0.0637333 0.0827036 0.104383 0.126617 0.146265 0.160447 0.168548 0.173407 0.180142 0.193339 0.214523 0.240728 0.264398 0.276229 0.271487 0.253696 0.230156 0.205898 0.182727 0.161247 0.142261 0.12672 0.115034 0.106583 0.0998115 0.0929246 0.0848648 0.0759393 0.067662 0.0621072 0.0614388 0.0679553 0.0845773 0.115609 0.167706 0.250962 0.37951 0.568434 0.814349 1.04941 1.18328 1.02722 0.744582 0.533234 0.385554 0.279674 0.202396 0.146375 0.106657 0.0793236 0.0612384 0.0500534 0.0441697 0.0426282 0.0449618 0.0510306 0.0608263 0.0742076 0.0905339 0.108253 0.124739 0.136909 0.142723 0.142455 0.138364 0.133324 0.130047 0.131275 0.140191 0.160561 0.196735 0.253455 0.334562 0.438355 0.547751 0.62303 0.618522 0.528328 0.403561 0.29247 0.211243 0.158997 0.130669 0.121639 0.128487 0.148251 0.177163 0.209572 0.238045 0.255154 0.256026 0.240397 0.213294 0.183069 0.157529 0.14134 0.135793 0.139505 0.148914 0.15872 0.163244 0.158951 0.146263 0.128674 0.110211 0.0936583 0.080204 0.0698709 0.0620966 0.0561998 0.0516571 0.0482071 0.0458525 0.0448318 0.0456011 0.0488288 0.0553808 0.0662382 0.0822257 0.103375 0.12787 0.151195 0.167219 0.172235 0.168346 0.16158 0.157432 0.158827 0.166616 0.180407 0.198725 0.218802 0.236768 0.248603 0.251532 0.245194 0.232214 0.217934 0.209187 0.212369 0.231074 0.262579 0.293363 0.302101 0.280336 0.243636 0.211693 0.193237 0.18719 0.187104 0.184918 0.174983 0.156799 0.13398 0.110986 0.0909188 0.0751247 0.063668 0.0559218 0.0510253 0.0481901 0.0468958 0.0470172 0.0489212 0.0535784 0.0627381 0.0792219 0.107399 0.15389 0.228453 0.344593 0.518024 0.756959 1.03485 1.27991 1.4032 1.26491 0.991515 0.758493 0.59283 0.480614 0.408801 0.368266 0.348871 0.337946 0.324288 0.304729 0.286235 0.281135 0.3018 0.357472 0.444819 0.514762 0.476325 0.361438 0.255555 0.182916 0.140483 0.120913 0.117765 0.125698 0.139646 0.154127 0.163356 0.162667 0.150747 0.13044 0.106762 0.0841214 0.0650552 0.050475 0.0403792 0.0344061 0.0321086 0.0330139 0.0365396 0.0418291 0.0476131 0.0522684 0.0542226 0.0525938 0.0476089 0.0404175 0.0324643 0.0249191 0.0184506 0.0132824 0.00935587 0.0064803 0.00443095 0.00299998 0.00201616 0.00134768 0.000897477 0.000596276 0.000395721 0.000262614 0.000174449 0.000116108 7.75047e-05 5.19421e-05 3.49891e-05 2.37193e-05 1.62027e-05 1.11671e-05 7.77412e-06 5.47108e-06 3.89382e-06 2.80214e-06 2.03749e-06 1.49503e-06 1.10517e-06 8.21528e-07 6.12887e-07 4.58027e-07 3.42312e-07 2.5547e-07 1.90163e-07 1.41049e-07 1.04175e-07 7.65741e-08 5.59988e-08 4.07348e-08 2.94718e-08 2.1208e-08 1.51803e-08 1.08093e-08 7.65817e-09 5.39943e-09 3.7893e-09 2.64763e-09 1.84225e-09 1.27685e-09 8.81731e-10 6.06803e-10 4.16276e-10 2.84736e-10 1.94239e-10 1.3218e-10 8.97488e-11 6.08169e-11 4.11384e-11 2.77836e-11 1.87386e-11 1.26235e-11 8.49567e-12 5.71305e-12 3.83942e-12 2.57906e-12 1.73188e-12 1.16278e-12 7.80646e-13 5.24128e-13 3.51957e-13 2.36401e-13 1.58836e-13 
4.03672e-14 5.88402e-14 8.59822e-14 1.2599e-13 1.85161e-13 2.72972e-13 4.03734e-13 5.99111e-13 8.91986e-13 1.33238e-12 1.99651e-12 3.00071e-12 4.52274e-12 6.83449e-12 1.03521e-11 1.57127e-11 2.38919e-11 3.63839e-11 5.5476e-11 8.46684e-11 1.29314e-10 1.97595e-10 3.02002e-10 4.61592e-10 7.05397e-10 1.0776e-09 1.64533e-09 2.51043e-09 3.82716e-09 5.82867e-09 8.8667e-09 1.34706e-08 2.04352e-08 3.09506e-08 4.67931e-08 7.06065e-08 1.06311e-07 1.59697e-07 2.39284e-07 3.57548e-07 5.32674e-07 7.91024e-07 1.17061e-06 1.72589e-06 2.53439e-06 3.70574e-06 5.39369e-06 7.81227e-06 1.12568e-05 1.61308e-05 2.29807e-05 3.25379e-05 4.57704e-05 6.39437e-05 8.86899e-05 0.000122085 0.000166728 0.000225825 0.000303271 0.000403731 0.000532736 0.000696824 0.000903781 0.00116308 0.00148667 0.00189032 0.00239579 0.00303411 0.00385061 0.00491216 0.00631786 0.0082141 0.0108147 0.0144229 0.0194451 0.0263693 0.0356581 0.0474872 0.061286 0.0752155 0.0861052 0.090586 0.0872112 0.0776475 0.065548 0.0544637 0.0467304 0.043558 0.0455845 0.0533462 0.0674971 0.0887922 0.11796 0.155768 0.203651 0.264348 0.338822 0.411817 0.433938 0.374066 0.279894 0.197838 0.13967 0.102298 0.0797458 0.0667385 0.0594753 0.055713 0.054669 0.0568281 0.0637289 0.0778296 0.102457 0.141601 0.198887 0.274245 0.356492 0.416612 0.425005 0.386364 0.328705 0.274023 0.233365 0.210875 0.206849 0.218904 0.241428 0.26489 0.278604 0.277369 0.263963 0.24417 0.222505 0.202114 0.185568 0.174674 0.169888 0.170298 0.174515 0.181936 0.193339 0.210331 0.234005 0.262972 0.290875 0.306317 0.30011 0.274162 0.238444 0.201821 0.169007 0.142061 0.121933 0.109159 0.10423 0.107867 0.121232 0.145986 0.184161 0.237816 0.308427 0.395974 0.49708 0.598106 0.659311 0.639408 0.578365 0.542346 0.550378 0.577094 0.584844 0.582807 0.605242 0.649363 0.667033 0.607097 0.481652 0.34755 0.238923 0.16127 0.108976 0.074813 0.0528625 0.0389213 0.0301914 0.0248656 0.0217816 0.0201739 0.0195097 0.01939 0.0194989 0.0195883 0.0194864 0.0191171 0.0185174 0.0178378 0.0173244 0.0172904 0.0180955 0.020145 0.023908 0.0299404 0.0388776 0.051349 0.0677594 0.0879109 0.110563 0.133259 0.152923 0.167425 0.177385 0.186745 0.201349 0.226376 0.263752 0.309414 0.350136 0.365105 0.342513 0.294349 0.241476 0.195854 0.160165 0.133159 0.11297 0.0981079 0.0873612 0.0795203 0.0733083 0.0676096 0.0618386 0.0561786 0.0515237 0.0492271 0.0509134 0.0585288 0.0746384 0.1029 0.148612 0.219125 0.323419 0.469201 0.656237 0.875814 1.1048 0.973622 0.683438 0.47797 0.3392 0.243831 0.177079 0.13019 0.0975926 0.0753695 0.0606719 0.0515095 0.0466126 0.0452763 0.0471943 0.0522939 0.0605572 0.0717898 0.0853136 0.0996522 0.112476 0.121197 0.124234 0.12204 0.116903 0.111807 0.109582 0.112799 0.124053 0.146181 0.182281 0.235309 0.306495 0.391099 0.47152 0.516945 0.503412 0.436916 0.347433 0.263194 0.197555 0.152873 0.127177 0.117807 0.12257 0.139598 0.16665 0.200284 0.235206 0.263885 0.277237 0.268865 0.24164 0.207263 0.177989 0.161138 0.159159 0.171016 0.192332 0.214719 0.227219 0.222386 0.2019 0.173833 0.145825 0.121964 0.103255 0.0889834 0.0778453 0.0687 0.0609202 0.0543916 0.0493237 0.0460583 0.0449734 0.0464728 0.0510016 0.0590101 0.0707771 0.0860247 0.103397 0.120235 0.133395 0.14116 0.144561 0.146473 0.149603 0.155515 0.164925 0.178011 0.193998 0.210519 0.223831 0.23037 0.228678 0.220169 0.208654 0.199697 0.200096 0.217116 0.25679 0.318936 0.384586 0.40824 0.368093 0.304238 0.25501 0.230788 0.226892 0.231785 0.23132 0.215951 0.1869 0.152551 0.120499 0.0943821 0.0748126 0.0609799 0.0516618 0.0457023 0.042207 0.0406249 0.0407988 0.0430308 0.0481918 0.0579065 0.0748504 0.103202 0.149271 0.222191 0.334095 0.497708 0.715427 0.952805 1.13237 1.18947 1.08931 0.896367 0.708856 0.564003 0.462892 0.399082 0.366053 0.355315 0.354156 0.348654 0.332958 0.31426 0.30635 0.322297 0.371322 0.449755 0.510662 0.471574 0.361141 0.258578 0.188418 0.148629 0.132436 0.133526 0.14615 0.164244 0.181089 0.190209 0.187319 0.172182 0.148588 0.121981 0.0968284 0.0756295 0.0593111 0.0479502 0.0412906 0.0389872 0.040644 0.0456944 0.0531609 0.0614113 0.0681754 0.0711264 0.0689287 0.0619672 0.0520281 0.0412477 0.0312428 0.0228468 0.0162665 0.01135 0.00780009 0.00529989 0.00357109 0.00239188 0.00159562 0.00106186 0.000705911 0.000469332 0.000312399 0.000208381 0.000139426 9.36696e-05 6.32564e-05 4.29919e-05 2.9445e-05 2.03495e-05 1.42082e-05 1.00318e-05 7.16605e-06 5.1786e-06 3.78323e-06 2.79039e-06 2.07423e-06 1.55082e-06 1.16375e-06 8.74731e-07 6.57379e-07 4.93181e-07 3.68887e-07 2.74818e-07 2.03771e-07 1.503e-07 1.10243e-07 8.03971e-08 5.82903e-08 4.20179e-08 3.0116e-08 2.14662e-08 1.52191e-08 1.0735e-08 7.53524e-09 5.26487e-09 3.6626e-09 2.53759e-09 1.75147e-09 1.20461e-09 8.25801e-10 5.64417e-10 3.84711e-10 2.6157e-10 1.77446e-10 1.20137e-10 8.11924e-11 5.47877e-11 3.69209e-11 2.48527e-11 1.67137e-11 1.12318e-11 7.54368e-12 5.06461e-12 3.39942e-12 2.2815e-12 1.53126e-12 1.02788e-12 6.90147e-13 4.63538e-13 3.1146e-13 2.09371e-13 
5.36625e-14 7.7892e-14 1.13313e-13 1.65255e-13 2.41675e-13 3.54499e-13 5.21655e-13 7.70191e-13 1.14102e-12 1.69622e-12 2.53014e-12 3.78652e-12 5.68466e-12 8.55959e-12 1.29236e-11 1.95608e-11 2.96712e-11 4.50928e-11 6.86394e-11 1.04619e-10 1.59623e-10 2.43733e-10 3.72355e-10 5.69015e-10 8.69598e-10 1.32879e-09 2.02979e-09 3.09907e-09 4.7285e-09 7.20873e-09 1.09792e-08 1.67028e-08 2.53777e-08 3.85026e-08 5.8322e-08 8.81871e-08 1.33085e-07 2.00413e-07 3.01095e-07 4.51203e-07 6.74266e-07 1.00456e-06 1.49176e-06 2.2074e-06 3.25386e-06 4.7767e-06 6.98124e-06 1.01549e-05 1.46963e-05 2.11535e-05 3.0272e-05 4.30546e-05 6.08339e-05 8.5357e-05 0.000118881 0.000164272 0.000225108 0.000305761 0.000411461 0.000548323 0.000723337 0.000944351 0.0012201 0.00156042 0.00197683 0.00248369 0.00310042 0.00385486 0.00478838 0.00596312 0.00747223 0.00945399 0.0121106 0.0157295 0.0206959 0.0274731 0.0364985 0.0479299 0.0612045 0.0745477 0.0849305 0.0891583 0.0858717 0.0766619 0.0650245 0.0544018 0.0471233 0.0444882 0.0473079 0.056382 0.0727286 0.097558 0.13212 0.177874 0.237885 0.319739 0.436467 0.588855 0.665551 0.525432 0.354493 0.232246 0.153742 0.105386 0.0764605 0.0597051 0.0505419 0.0463899 0.0462214 0.0503032 0.0600924 0.0782909 0.109038 0.158064 0.232162 0.335874 0.459588 0.555103 0.556975 0.484582 0.397168 0.323607 0.273489 0.249404 0.25119 0.276702 0.31901 0.360952 0.377957 0.360497 0.323486 0.283966 0.24878 0.218927 0.194596 0.176402 0.164678 0.158899 0.15799 0.161076 0.167909 0.178624 0.193044 0.209762 0.22537 0.234901 0.23437 0.223394 0.204881 0.182751 0.160464 0.140659 0.125153 0.115084 0.111274 0.114636 0.126419 0.1482 0.181685 0.228503 0.290212 0.36855 0.464325 0.568477 0.638615 0.621896 0.559586 0.522404 0.528514 0.553471 0.563226 0.56533 0.588518 0.624525 0.623351 0.551759 0.435228 0.316886 0.220467 0.150405 0.102545 0.0709719 0.0505997 0.0377099 0.0297851 0.0251803 0.0228212 0.0219754 0.0220991 0.0227462 0.0235285 0.0241162 0.0242667 0.023866 0.0229616 0.0217649 0.0206178 0.0199379 0.0201755 0.0218011 0.025327 0.0313384 0.0404924 0.0534274 0.070515 0.0914301 0.114674 0.137505 0.156879 0.171402 0.183001 0.196896 0.219942 0.258545 0.316678 0.392437 0.468553 0.500334 0.452564 0.360005 0.270733 0.201959 0.153353 0.120081 0.0974803 0.0820644 0.0713804 0.0636682 0.0576424 0.0524489 0.0477157 0.0435819 0.040638 0.0398142 0.0423133 0.0496605 0.0638775 0.0877319 0.12496 0.180258 0.258635 0.363571 0.49381 0.636859 0.738384 0.687913 0.533622 0.389351 0.28176 0.205774 0.152854 0.11629 0.0912813 0.0743728 0.0631269 0.0559492 0.0519267 0.05063 0.0519167 0.0557684 0.0621461 0.0708138 0.0811108 0.0917508 0.10086 0.106499 0.107597 0.104666 0.0996795 0.0952766 0.0940489 0.0983143 0.110212 0.131804 0.164961 0.210802 0.268274 0.331366 0.386218 0.413836 0.402498 0.35756 0.296059 0.23477 0.18375 0.146728 0.123971 0.114602 0.117744 0.132782 0.159106 0.195492 0.23883 0.281587 0.309503 0.307626 0.276674 0.234787 0.200408 0.183475 0.18758 0.212809 0.255063 0.301861 0.330633 0.323308 0.286006 0.238727 0.195535 0.16141 0.136146 0.117371 0.102357 0.089152 0.0770252 0.0662076 0.057318 0.0509131 0.0473228 0.0466847 0.0490376 0.0543685 0.0625583 0.0732141 0.0854733 0.0980066 0.109465 0.119225 0.127728 0.135931 0.144479 0.1536 0.163673 0.175356 0.18863 0.201639 0.210812 0.212868 0.207237 0.196636 0.185854 0.180706 0.187925 0.215364 0.27142 0.360455 0.463595 0.505735 0.441881 0.351467 0.290562 0.267136 0.272682 0.290487 0.297178 0.275696 0.231069 0.180775 0.136967 0.103389 0.0793341 0.0627617 0.0516559 0.0444409 0.0400356 0.0378129 0.0375695 0.0395415 0.0444829 0.053822 0.0699144 0.0964033 0.138653 0.204051 0.30149 0.438218 0.61063 0.789533 0.92241 0.966404 0.909736 0.785395 0.647977 0.531797 0.446958 0.393273 0.367982 0.365255 0.37317 0.375914 0.365095 0.346663 0.333025 0.334885 0.358287 0.39715 0.420031 0.387558 0.312037 0.236141 0.181636 0.151718 0.143367 0.152172 0.172649 0.19734 0.217183 0.224533 0.216657 0.196146 0.16842 0.138908 0.111447 0.0881305 0.069857 0.0568871 0.0491803 0.0465576 0.0487253 0.0551423 0.0647197 0.0754635 0.084418 0.0884151 0.0855965 0.0765278 0.063713 0.0500315 0.0375446 0.0272265 0.0192475 0.0133527 0.00913572 0.00618808 0.00416202 0.00278627 0.00186017 0.00124045 0.000827324 0.000552486 0.000369778 0.000248278 0.000167387 0.000113434 7.73592e-05 5.31603e-05 3.68608e-05 2.58234e-05 1.82979e-05 1.31222e-05 9.52449e-06 6.99238e-06 5.18542e-06 3.87718e-06 2.91662e-06 2.20235e-06 1.66565e-06 1.25926e-06 9.50063e-07 7.14336e-07 5.34701e-07 3.98147e-07 2.94763e-07 2.16898e-07 1.58607e-07 1.15254e-07 8.32304e-08 5.97396e-08 4.26263e-08 3.02433e-08 2.13418e-08 1.49831e-08 1.04682e-08 7.28056e-09 5.04214e-09 3.47817e-09 2.39057e-09 1.63754e-09 1.11828e-09 7.61541e-10 5.17298e-10 3.50596e-10 2.37139e-10 1.60116e-10 1.07946e-10 7.26806e-11 4.88835e-11 3.28495e-11 2.20599e-11 1.4807e-11 9.93564e-12 6.66586e-12 4.47212e-12 3.0007e-12 2.01389e-12 1.35206e-12 9.0811e-13 6.10228e-13 4.1028e-13 2.76004e-13 
7.17192e-14 1.03696e-13 1.50211e-13 2.18067e-13 3.17369e-13 4.63181e-13 6.78044e-13 9.95817e-13 1.46752e-12 2.17028e-12 3.221e-12 4.79732e-12 7.16968e-12 1.07506e-11 1.61699e-11 2.43906e-11 3.6886e-11 5.59111e-11 8.49179e-11 1.29191e-10 1.9682e-10 3.0018e-10 4.58196e-10 6.99785e-10 1.0691e-09 1.63348e-09 2.49553e-09 3.8114e-09 5.81837e-09 8.87649e-09 1.35311e-08 2.0607e-08 3.13485e-08 4.76291e-08 7.22625e-08 1.09463e-07 1.65524e-07 2.49812e-07 3.76217e-07 5.65258e-07 8.47111e-07 1.26595e-06 1.88609e-06 2.80067e-06 4.14373e-06 6.10689e-06 8.96209e-06 1.30923e-05 1.90321e-05 2.75208e-05 3.95705e-05 5.65511e-05 8.02929e-05 0.000113208 0.000158424 0.000219924 0.000302674 0.000412715 0.000557197 0.000744301 0.000983053 0.001283 0.00165386 0.00210522 0.00264671 0.0032888 0.00404494 0.0049351 0.00599121 0.00726446 0.00883474 0.0108227 0.0134046 0.0168287 0.0214231 0.0275733 0.035625 0.0456609 0.0571339 0.0684942 0.0772227 0.0807507 0.0780182 0.0703216 0.0605364 0.0516084 0.0456724 0.0440658 0.0477586 0.0577645 0.0753456 0.101965 0.139089 0.188348 0.253271 0.343617 0.480521 0.693675 0.866941 0.607538 0.385659 0.244653 0.157693 0.104809 0.0731392 0.0546792 0.0446091 0.0402634 0.040544 0.0456375 0.0569598 0.0773054 0.111178 0.165188 0.247989 0.36772 0.519164 0.643278 0.636834 0.538185 0.433701 0.352095 0.300215 0.280008 0.292797 0.3403 0.420114 0.507622 0.538101 0.483884 0.40331 0.335721 0.284634 0.244074 0.210288 0.182948 0.162777 0.149762 0.142994 0.141296 0.143721 0.149597 0.15825 0.168612 0.178906 0.186771 0.190018 0.187539 0.179673 0.167985 0.154766 0.142334 0.132433 0.126151 0.124345 0.128149 0.139171 0.159273 0.190081 0.232493 0.28656 0.351942 0.427321 0.503461 0.550301 0.537814 0.49188 0.459839 0.457473 0.470976 0.481374 0.491965 0.516521 0.543748 0.533507 0.465905 0.367431 0.270689 0.191608 0.133174 0.0925223 0.0653114 0.0476155 0.0364617 0.0297876 0.0262189 0.0248334 0.0249665 0.0260756 0.0276627 0.0292506 0.0304061 0.0307965 0.0302604 0.0288633 0.026902 0.0248466 0.0232468 0.022655 0.0236005 0.0266169 0.0322871 0.0412567 0.0541497 0.0713119 0.092353 0.115639 0.138266 0.157234 0.1717 0.184607 0.202182 0.232095 0.281938 0.358492 0.465924 0.592877 0.662421 0.574939 0.424571 0.299395 0.211553 0.153339 0.115638 0.0913565 0.0755295 0.0648196 0.0570398 0.0508323 0.0454737 0.0407465 0.0368292 0.0341931 0.0335243 0.0356999 0.0418323 0.0533675 0.0721927 0.100667 0.141434 0.196775 0.267192 0.34867 0.427162 0.471593 0.450412 0.377305 0.293496 0.222493 0.169272 0.131651 0.105957 0.0887541 0.0772668 0.0695078 0.0642919 0.0610918 0.0597759 0.0603612 0.0628653 0.0672276 0.0732126 0.0802542 0.0873221 0.0929946 0.0958854 0.0953158 0.0918026 0.0869824 0.0830736 0.082328 0.0867655 0.0981421 0.11793 0.147118 0.185675 0.231555 0.279299 0.319306 0.340264 0.335315 0.306658 0.263702 0.217444 0.17613 0.144132 0.123011 0.113054 0.114348 0.127268 0.1525 0.190601 0.240412 0.294954 0.335794 0.339335 0.304309 0.256091 0.218649 0.203786 0.216602 0.260136 0.334285 0.425471 0.488509 0.473359 0.401995 0.323719 0.259673 0.213027 0.180733 0.157563 0.138341 0.119848 0.101497 0.0844351 0.0701204 0.0594754 0.0527518 0.0497426 0.0500298 0.0531466 0.0586357 0.0660298 0.0748163 0.0844776 0.0946569 0.105317 0.116613 0.128423 0.140028 0.150574 0.16004 0.169392 0.179273 0.188448 0.193801 0.192472 0.184416 0.172883 0.162927 0.160151 0.170678 0.201635 0.260817 0.352176 0.456787 0.50114 0.441922 0.357223 0.303484 0.290348 0.310834 0.346644 0.364672 0.33708 0.275219 0.208949 0.154477 0.114575 0.0868213 0.0679365 0.0552013 0.0467013 0.0412199 0.0380855 0.037067 0.0383406 0.0425283 0.0508114 0.0651215 0.0883987 0.124845 0.179959 0.259798 0.368449 0.502695 0.645793 0.767308 0.830361 0.808903 0.720411 0.612848 0.518482 0.446727 0.398648 0.374855 0.373474 0.385661 0.396987 0.397402 0.387134 0.37103 0.355314 0.346611 0.344387 0.3352 0.304125 0.254982 0.205654 0.169886 0.152956 0.155412 0.175511 0.208667 0.245286 0.271165 0.275198 0.257859 0.227941 0.193879 0.160531 0.130197 0.104097 0.0830785 0.0677157 0.0582778 0.0547636 0.0569377 0.064225 0.0753874 0.088089 0.0987839 0.103593 0.100212 0.0893511 0.0741004 0.0579455 0.0433142 0.031306 0.0220737 0.0152857 0.010449 0.00707867 0.00476709 0.00319923 0.00214376 0.00143656 0.000963886 0.000648227 0.000437338 0.00029626 0.0002017 0.000138162 9.53388e-05 6.63674e-05 4.66723e-05 3.31987e-05 2.39057e-05 1.74298e-05 1.28607e-05 9.5908e-06 7.21497e-06 5.46261e-06 4.15226e-06 3.1612e-06 2.4053e-06 1.82577e-06 1.38052e-06 1.03866e-06 7.76952e-07 5.77517e-07 4.26431e-07 3.12739e-07 2.27805e-07 1.64829e-07 1.18486e-07 8.46379e-08 6.00959e-08 4.24264e-08 2.97904e-08 2.08116e-08 1.44701e-08 1.00164e-08 6.90518e-09 4.7424e-09 3.24579e-09 2.2145e-09 1.50659e-09 1.02236e-09 6.92193e-10 4.67715e-10 3.15486e-10 2.12487e-10 1.42937e-10 9.60539e-11 6.44967e-11 4.32814e-11 2.90329e-11 1.94707e-11 1.30571e-11 8.75692e-12 5.87423e-12 3.94182e-12 2.64626e-12 1.77743e-12 1.19455e-12 8.03316e-13 5.4057e-13 3.64002e-13 
9.63376e-14 1.38801e-13 2.00275e-13 2.89499e-13 4.19375e-13 6.09027e-13 8.86923e-13 1.2956e-12 1.89887e-12 2.7928e-12 4.12246e-12 6.10759e-12 9.08183e-12 1.35529e-11 2.02947e-11 3.04887e-11 4.59403e-11 6.94107e-11 1.05125e-10 1.59549e-10 2.42578e-10 3.69354e-10 5.63036e-10 8.5903e-10 1.31142e-09 2.00277e-09 3.05897e-09 4.67181e-09 7.13308e-09 1.08862e-08 1.66037e-08 2.53047e-08 3.85298e-08 5.86036e-08 8.90264e-08 1.35055e-07 2.04565e-07 3.09314e-07 4.66806e-07 7.02999e-07 1.05623e-06 1.58288e-06 2.36546e-06 3.52405e-06 5.23246e-06 7.7406e-06 1.14054e-05 1.67325e-05 2.4433e-05 3.54968e-05 5.12889e-05 7.36702e-05 0.000105146 0.00014904 0.00020969 0.000292654 0.000404881 0.000554835 0.000752481 0.00100906 0.00133661 0.00174714 0.00225153 0.00285842 0.00357342 0.0043993 0.00533796 0.00639458 0.00758412 0.00893965 0.0105217 0.0124277 0.0148025 0.017846 0.0218143 0.0269938 0.0336163 0.0416821 0.0506941 0.0594299 0.0660366 0.0687156 0.0667591 0.0610974 0.053821 0.0471965 0.0430242 0.0425855 0.0469194 0.05712 0.0744782 0.100394 0.136119 0.182766 0.242571 0.321802 0.431247 0.567154 0.628553 0.50459 0.344821 0.226122 0.147935 0.0985674 0.0682042 0.050142 0.0401798 0.0359468 0.036453 0.0418672 0.0534928 0.0739178 0.107298 0.159612 0.238298 0.349149 0.483876 0.590173 0.590894 0.511845 0.421903 0.350486 0.30695 0.295634 0.321451 0.393408 0.525034 0.713417 0.794373 0.637863 0.489766 0.394852 0.331967 0.281691 0.236341 0.196895 0.166025 0.144493 0.131241 0.124558 0.122869 0.124981 0.129974 0.13698 0.144943 0.152536 0.158321 0.161139 0.160578 0.157276 0.152716 0.148482 0.145556 0.144328 0.145326 0.149935 0.160471 0.17955 0.209077 0.249092 0.296971 0.347982 0.396823 0.436144 0.452884 0.438387 0.406247 0.380115 0.370781 0.373709 0.381018 0.392807 0.41156 0.426295 0.413037 0.361945 0.289838 0.218139 0.158251 0.112928 0.0806904 0.058737 0.0443432 0.0353538 0.0302318 0.0279298 0.0277159 0.0290149 0.0312888 0.0339752 0.0364858 0.0382599 0.0388567 0.0380627 0.0359735 0.0329996 0.0297733 0.0270008 0.0253422 0.0253713 0.027612 0.0326025 0.0409268 0.0531452 0.0695513 0.0897293 0.112067 0.13376 0.152048 0.166498 0.180488 0.200457 0.23397 0.288468 0.371135 0.488184 0.632982 0.72019 0.614121 0.442716 0.306869 0.214048 0.15383 0.115781 0.0919899 0.076868 0.0666115 0.0587757 0.0519878 0.0457035 0.0399504 0.0350825 0.0315998 0.0300639 0.031098 0.0354399 0.0440099 0.057949 0.0785685 0.107119 0.144252 0.189005 0.23714 0.279162 0.300828 0.291854 0.257168 0.212516 0.170996 0.138349 0.115262 0.100144 0.0906842 0.0846638 0.080467 0.0773042 0.075061 0.0739071 0.0739649 0.0752143 0.0775506 0.0808022 0.0846089 0.0882637 0.0907358 0.0910135 0.0886462 0.0841329 0.0788754 0.0747714 0.0737668 0.0776007 0.0877279 0.105268 0.130832 0.164151 0.203486 0.244907 0.28186 0.305977 0.310035 0.292179 0.257932 0.217108 0.178501 0.147247 0.125413 0.11363 0.112315 0.122253 0.144696 0.180933 0.23058 0.287091 0.331479 0.338522 0.306147 0.260465 0.226371 0.216856 0.239329 0.301336 0.411071 0.565184 0.693788 0.660204 0.536133 0.421884 0.335722 0.276548 0.238529 0.212551 0.189306 0.163606 0.135891 0.109564 0.0876544 0.0715263 0.0611497 0.0557551 0.0543244 0.0558636 0.0595372 0.0647298 0.0710763 0.07848 0.0871005 0.097222 0.108905 0.121521 0.133633 0.143742 0.151492 0.15791 0.164026 0.169226 0.171172 0.167689 0.158983 0.14807 0.139467 0.13799 0.14854 0.176245 0.225528 0.295434 0.367438 0.398654 0.369626 0.320024 0.289346 0.291274 0.323916 0.371148 0.396609 0.367132 0.298016 0.225522 0.167252 0.125189 0.0960408 0.0759953 0.0621012 0.0523973 0.0457053 0.0414087 0.0393049 0.039538 0.0426017 0.0494106 0.0614397 0.080914 0.110981 0.155709 0.219629 0.306479 0.417122 0.547126 0.682155 0.782659 0.787294 0.707726 0.614382 0.537286 0.474382 0.423323 0.390452 0.381261 0.392788 0.415341 0.438561 0.451443 0.440299 0.403679 0.358827 0.319678 0.285621 0.250532 0.213864 0.18158 0.160573 0.155554 0.169314 0.203046 0.254223 0.311042 0.349146 0.347922 0.314425 0.270049 0.227408 0.189257 0.155093 0.124934 0.0997977 0.080839 0.0687335 0.0636096 0.065178 0.0727053 0.0847099 0.0985151 0.110154 0.11534 0.11154 0.0995099 0.0826166 0.0646846 0.048406 0.0350216 0.0247198 0.0171422 0.0117421 0.00797823 0.00539481 0.00363968 0.00245481 0.00165761 0.00112186 0.000761669 0.000519161 0.00035555 0.000244896 0.000169848 0.000118781 8.38883e-05 5.99157e-05 4.33248e-05 3.17315e-05 2.35319e-05 1.76487e-05 1.33604e-05 1.01838e-05 7.79546e-06 5.9769e-06 4.57923e-06 3.49883e-06 2.6618e-06 2.01385e-06 1.51393e-06 1.13023e-06 8.37684e-07 6.16292e-07 4.50088e-07 3.26342e-07 2.34966e-07 1.6804e-07 1.19408e-07 8.4337e-08 5.92268e-08 4.13708e-08 2.87545e-08 1.98935e-08 1.37046e-08 9.40434e-09 6.4305e-09 4.3829e-09 2.97865e-09 2.01909e-09 1.36553e-09 9.21684e-10 6.21039e-10 4.17858e-10 2.80815e-10 1.88538e-10 1.26493e-10 8.48222e-11 5.68617e-11 3.81132e-11 2.55476e-11 1.71281e-11 1.14871e-11 7.70733e-12 5.17408e-12 3.47561e-12 2.33626e-12 1.57154e-12 1.0579e-12 7.12669e-13 4.80445e-13 
1.3001e-13 1.8674e-13 2.68503e-13 3.866e-13 5.5761e-13 8.05959e-13 1.16779e-12 1.6968e-12 2.47312e-12 3.61679e-12 5.3083e-12 7.81995e-12 1.15638e-11 1.71652e-11 2.55749e-11 3.82414e-11 5.73751e-11 8.63517e-11 1.30332e-10 1.97209e-10 2.99057e-10 4.54347e-10 6.91331e-10 1.0532e-09 1.60596e-09 2.45039e-09 3.74026e-09 5.71e-09 8.71655e-09 1.33028e-08 2.02936e-08 3.09397e-08 4.71356e-08 7.17452e-08 1.0909e-07 1.65674e-07 2.51269e-07 3.8051e-07 5.7525e-07 8.68019e-07 1.30706e-06 1.96361e-06 2.94245e-06 4.39682e-06 6.54977e-06 9.7239e-06 1.43828e-05 2.11879e-05 3.10755e-05 4.53594e-05 6.58653e-05 9.51032e-05 0.000136481 0.000194563 0.00027536 0.000386634 0.00053818 0.000741994 0.00101224 0.00136483 0.00181649 0.00238315 0.00307761 0.00390687 0.00486964 0.00595526 0.00714549 0.00841994 0.00976558 0.0111884 0.012725 0.014451 0.0164851 0.0189891 0.0221589 0.0261968 0.0312427 0.0372475 0.0438048 0.0500367 0.0547061 0.056672 0.0555073 0.0518188 0.0469965 0.0426496 0.0401895 0.0407459 0.045306 0.0548859 0.0705934 0.0934998 0.124354 0.163432 0.211074 0.268566 0.335625 0.397672 0.412809 0.356331 0.267509 0.187319 0.127945 0.0876405 0.0616088 0.0455788 0.0365432 0.0327084 0.0333208 0.0385578 0.049524 0.0683394 0.098248 0.143516 0.208463 0.293977 0.388805 0.459574 0.470464 0.429594 0.372121 0.322695 0.293671 0.292402 0.326696 0.409798 0.565789 0.834666 1.02481 0.718544 0.543331 0.449453 0.389936 0.333658 0.273634 0.217977 0.173856 0.14274 0.122766 0.111257 0.105906 0.105053 0.107562 0.112586 0.119337 0.126921 0.134359 0.140809 0.145957 0.150282 0.154782 0.160133 0.165989 0.171326 0.17584 0.181158 0.190695 0.208382 0.236952 0.275971 0.320035 0.359416 0.385296 0.394257 0.386101 0.363157 0.333682 0.308576 0.293815 0.288687 0.290131 0.296679 0.306181 0.310513 0.2977 0.263478 0.216125 0.167606 0.125619 0.0928251 0.0688905 0.0522966 0.0413632 0.0346858 0.0312365 0.0303013 0.0313526 0.0339121 0.0374434 0.0413036 0.0447706 0.0471387 0.0478543 0.0466602 0.0437017 0.039528 0.0349556 0.0308558 0.0279878 0.0269464 0.0282111 0.0322315 0.0394773 0.050387 0.065158 0.0833663 0.103572 0.123384 0.140586 0.155078 0.170042 0.191131 0.224618 0.276031 0.349363 0.444654 0.545955 0.592173 0.522576 0.397471 0.286169 0.205707 0.152482 0.11909 0.0987586 0.0861304 0.0772413 0.0694748 0.0615349 0.0532519 0.0451613 0.0380316 0.0325529 0.0292452 0.0285133 0.0307478 0.0364081 0.0460461 0.0602415 0.0794053 0.103401 0.130951 0.15892 0.181966 0.193795 0.190735 0.174947 0.153072 0.131822 0.115239 0.104554 0.0990597 0.0970148 0.0964686 0.0960338 0.0952925 0.0945593 0.0942406 0.0943801 0.0947064 0.0949801 0.0951941 0.095404 0.0953844 0.094493 0.0919506 0.0873881 0.0812592 0.0748225 0.0697691 0.0678124 0.0704601 0.0789642 0.0943261 0.117254 0.148029 0.18624 0.230212 0.275731 0.314103 0.332253 0.320542 0.283516 0.23631 0.19191 0.156374 0.131177 0.116217 0.111442 0.117368 0.135012 0.165298 0.207346 0.254806 0.292093 0.300651 0.278882 0.245648 0.221409 0.219379 0.249149 0.321393 0.449068 0.636711 0.812038 0.785457 0.651253 0.522396 0.41931 0.349546 0.309491 0.284971 0.258955 0.222903 0.180743 0.140933 0.10896 0.0863032 0.0721209 0.0647053 0.0622214 0.0630194 0.0657797 0.0696053 0.0740792 0.0792586 0.0855586 0.093474 0.103131 0.11383 0.124014 0.132047 0.137392 0.140885 0.143577 0.145318 0.144645 0.140164 0.132172 0.123018 0.116205 0.115412 0.124097 0.145227 0.18014 0.225392 0.268271 0.289546 0.282742 0.264525 0.256314 0.269551 0.304369 0.347533 0.369728 0.345967 0.288 0.225006 0.17293 0.134422 0.106941 0.0872222 0.0727451 0.0619088 0.0538167 0.0480519 0.04453 0.0434181 0.0451088 0.0502544 0.0598752 0.0755297 0.0994983 0.134885 0.185531 0.255713 0.349748 0.471078 0.616123 0.746701 0.772789 0.706484 0.641396 0.595749 0.542686 0.475355 0.418778 0.392827 0.401171 0.440034 0.502646 0.565709 0.571229 0.497043 0.401524 0.324101 0.268026 0.226114 0.193486 0.1699 0.157925 0.161167 0.183718 0.229639 0.299933 0.382828 0.439936 0.43152 0.376862 0.317063 0.267168 0.225142 0.186692 0.151017 0.120105 0.0961984 0.0804885 0.0731482 0.0737077 0.0811617 0.093691 0.108229 0.120435 0.125779 0.121622 0.108715 0.0905219 0.071079 0.0533203 0.0386565 0.0273425 0.0190104 0.0130682 0.00892239 0.00607128 0.00412786 0.00280938 0.00191636 0.00131128 0.000900635 0.000621305 0.00043083 0.000300615 0.000211355 0.000149971 0.000107573 7.81107e-05 5.74612e-05 4.28229e-05 3.22979e-05 2.46059e-05 1.8887e-05 1.45646e-05 1.12514e-05 8.68474e-06 6.68324e-06 5.1184e-06 3.89608e-06 2.94489e-06 2.20903e-06 1.64396e-06 1.21365e-06 8.88854e-07 6.45928e-07 4.65872e-07 3.33595e-07 2.37247e-07 1.6764e-07 1.17742e-07 8.22307e-08 5.71303e-08 3.95006e-08 2.71906e-08 1.86414e-08 1.27335e-08 8.66934e-09 5.88496e-09 3.98444e-09 2.69153e-09 1.81457e-09 1.22129e-09 8.20839e-10 5.51072e-10 3.69641e-10 2.47785e-10 1.66032e-10 1.1123e-10 7.45147e-11 4.99265e-11 3.34623e-11 2.24374e-11 1.50533e-11 1.01059e-11 6.78945e-12 4.56491e-12 3.07172e-12 2.06866e-12 1.39428e-12 9.40489e-13 6.34867e-13 
1.76185e-13 2.5241e-13 3.61828e-13 5.19161e-13 7.45867e-13 1.07336e-12 1.5478e-12 2.23738e-12 3.24322e-12 4.71597e-12 6.88097e-12 1.00766e-11 1.4813e-11 2.1861e-11 3.23897e-11 4.81753e-11 7.19223e-11 1.07754e-10 1.61967e-10 2.44177e-10 3.69086e-10 5.59172e-10 8.488e-10 1.2905e-09 1.96453e-09 2.99348e-09 4.56439e-09 6.96252e-09 1.06224e-08 1.62055e-08 2.47171e-08 3.76838e-08 5.74201e-08 8.74297e-08 1.33008e-07 2.02141e-07 3.06853e-07 4.65196e-07 7.04208e-07 1.06427e-06 1.60546e-06 2.41691e-06 3.63022e-06 5.43888e-06 8.12595e-06 1.21032e-05 1.79662e-05 2.65703e-05 3.91352e-05 5.7386e-05 8.37406e-05 0.000121553 0.000175425 0.00025158 0.000358311 0.000506456 0.000709851 0.000985652 0.00135432 0.00183902 0.00246408 0.00325214 0.00421991 0.00537263 0.00669854 0.00816519 0.00972054 0.0113013 0.0128486 0.0143287 0.0157509 0.0171776 0.0187225 0.0205384 0.0227976 0.0256597 0.0292188 0.0334207 0.0379669 0.0422696 0.0455476 0.0471059 0.0466839 0.0446403 0.0418432 0.0393766 0.0382907 0.0395123 0.0438836 0.0522288 0.0653506 0.0838936 0.108091 0.137572 0.171461 0.208421 0.244976 0.271494 0.272869 0.243012 0.194623 0.145317 0.104704 0.0748288 0.0543507 0.041177 0.0335329 0.0302735 0.0309294 0.0356977 0.0454482 0.0617378 0.086751 0.122946 0.171941 0.231936 0.293726 0.339664 0.354254 0.339133 0.309721 0.281853 0.266725 0.272305 0.30626 0.378554 0.499924 0.65759 0.726666 0.632899 0.537699 0.487916 0.452298 0.394374 0.315943 0.24095 0.182742 0.1424 0.116387 0.100745 0.092395 0.0892481 0.0899574 0.0936184 0.0995245 0.107026 0.115541 0.124737 0.1348 0.146497 0.160662 0.17711 0.193777 0.207437 0.216251 0.221922 0.22926 0.243957 0.270106 0.307513 0.348921 0.380525 0.390649 0.37903 0.353029 0.319978 0.286235 0.257422 0.236786 0.224529 0.219139 0.218677 0.220137 0.218267 0.207278 0.185255 0.155855 0.125072 0.0975148 0.0752949 0.0586642 0.0469594 0.0392741 0.0348034 0.0329553 0.0333206 0.0355692 0.0393204 0.0440346 0.0489759 0.053276 0.0560844 0.0567543 0.0550154 0.0510885 0.0456716 0.0397565 0.0343573 0.0303031 0.0281794 0.0283923 0.0312736 0.0371457 0.0462924 0.058796 0.0742532 0.0915163 0.108822 0.124678 0.139246 0.155068 0.176331 0.207274 0.25074 0.306857 0.370479 0.425419 0.441664 0.400735 0.325317 0.249817 0.190934 0.151006 0.126646 0.113004 0.105238 0.0990987 0.0915662 0.0814531 0.0693811 0.0569596 0.0457953 0.036956 0.0309436 0.0279073 0.0278673 0.0308538 0.0369487 0.0462352 0.0586574 0.0737896 0.0905439 0.106935 0.120187 0.12754 0.127689 0.121805 0.113042 0.104922 0.0999584 0.0991166 0.101878 0.106646 0.111513 0.115234 0.117772 0.119857 0.121932 0.12352 0.123605 0.121598 0.117864 0.113317 0.108578 0.103526 0.0975515 0.0902427 0.0819366 0.0737529 0.067218 0.0638555 0.0649886 0.0717529 0.0852072 0.106476 0.136905 0.178178 0.231964 0.297767 0.3664 0.410935 0.400409 0.342768 0.27338 0.213976 0.169684 0.139167 0.120242 0.111611 0.112986 0.124663 0.146744 0.177664 0.211933 0.238988 0.248011 0.237952 0.219539 0.206829 0.211583 0.243919 0.31436 0.432777 0.595897 0.749114 0.798227 0.743431 0.625557 0.504481 0.424412 0.388326 0.373528 0.347837 0.296475 0.232874 0.175219 0.131559 0.102311 0.0849874 0.0765424 0.0741432 0.0753665 0.0782777 0.0815343 0.084481 0.0871529 0.0901148 0.0941035 0.0995178 0.105964 0.112233 0.116955 0.119554 0.120521 0.12063 0.119944 0.117689 0.113119 0.106535 0.0995651 0.0946403 0.094306 0.100766 0.115475 0.138303 0.16611 0.191913 0.207772 0.211825 0.211254 0.216424 0.233931 0.263214 0.294398 0.309365 0.294786 0.256925 0.212896 0.174212 0.143926 0.120797 0.102719 0.0881079 0.0760834 0.0662617 0.0585818 0.0531986 0.0503967 0.050524 0.0539866 0.0613422 0.0734984 0.0919719 0.119118 0.158249 0.213631 0.290303 0.392737 0.517876 0.633988 0.680141 0.669838 0.675254 0.700335 0.664275 0.554124 0.455266 0.406151 0.41008 0.46688 0.582048 0.746868 0.80238 0.629263 0.459837 0.345424 0.272028 0.224086 0.192024 0.171923 0.163842 0.170434 0.196244 0.24693 0.326065 0.423639 0.493926 0.482737 0.418934 0.355799 0.306835 0.264914 0.222893 0.180726 0.142763 0.11296 0.0931145 0.0833822 0.0830859 0.0909772 0.104923 0.121366 0.135266 0.141356 0.136586 0.121841 0.101141 0.0791386 0.0591714 0.0427974 0.0302465 0.0210538 0.0145223 0.00997212 0.00683951 0.00469597 0.00323218 0.00223189 0.00154683 0.00107634 0.000752342 0.000528684 0.000373975 0.000266728 0.000192169 0.000140102 0.00010349 7.74818e-05 5.87545e-05 4.50444e-05 3.48222e-05 2.70612e-05 2.10739e-05 1.63978e-05 1.27172e-05 9.81095e-06 7.51812e-06 5.71675e-06 4.31083e-06 3.22259e-06 2.38807e-06 1.7544e-06 1.27805e-06 9.2351e-07 6.62184e-07 4.71346e-07 3.33211e-07 2.34053e-07 1.63428e-07 1.13488e-07 7.84124e-08 5.39285e-08 3.69348e-08 2.52008e-08 1.71367e-08 1.16182e-08 7.85613e-09 5.30013e-09 3.56877e-09 2.39905e-09 1.61058e-09 1.08011e-09 7.23793e-10 4.84762e-10 3.24572e-10 2.17298e-10 1.45494e-10 9.74448e-11 6.52921e-11 4.37735e-11 2.93668e-11 1.97169e-11 1.32491e-11 8.91084e-12 5.99854e-12 4.04175e-12 2.72572e-12 1.83978e-12 1.2428e-12 8.4015e-13 
2.39624e-13 3.42585e-13 4.89861e-13 7.00781e-13 1.00333e-12 1.43821e-12 2.06482e-12 2.97031e-12 4.28308e-12 6.1932e-12 8.98333e-12 1.30756e-11 1.91032e-11 2.8019e-11 4.12624e-11 6.10134e-11 9.05818e-11 1.35003e-10 2.01951e-10 3.03129e-10 4.56408e-10 6.89087e-10 1.04287e-09 1.58147e-09 2.40222e-09 3.65369e-09 5.56263e-09 8.47476e-09 1.29169e-08 1.96908e-08 3.00161e-08 4.57452e-08 6.96887e-08 1.06105e-07 1.61438e-07 2.4542e-07 3.72725e-07 5.65433e-07 8.56691e-07 1.29613e-06 1.95786e-06 2.95217e-06 4.44258e-06 6.67059e-06 9.99129e-06 1.49241e-05 2.22246e-05 3.29857e-05 4.8777e-05 7.18363e-05 0.000105328 0.000153685 0.000223053 0.000321847 0.00046142 0.000656828 0.000927596 0.00129834 0.00179896 0.0024639 0.00332998 0.00443178 0.0057944 0.00742317 0.00929228 0.0113356 0.0134457 0.0154868 0.0173236 0.0188606 0.0200765 0.02104 0.0218989 0.0228487 0.0240938 0.0258069 0.0280865 0.0309054 0.034062 0.0371677 0.0397175 0.0412574 0.0415839 0.0408653 0.0396133 0.0385438 0.0384273 0.0399966 0.0439153 0.0507706 0.0610359 0.0749678 0.092442 0.112815 0.134906 0.156922 0.175878 0.186848 0.184394 0.167078 0.139821 0.110209 0.0838004 0.0629153 0.0477088 0.0374479 0.0312915 0.0286495 0.0293189 0.0335279 0.0419433 0.0556342 0.0759254 0.103992 0.139989 0.181618 0.222777 0.254399 0.269249 0.267222 0.255046 0.241788 0.235595 0.24302 0.269651 0.320108 0.393903 0.472536 0.513737 0.505224 0.49107 0.496583 0.493697 0.438198 0.344432 0.254747 0.186827 0.140405 0.110399 0.0919382 0.0814715 0.0766651 0.0760431 0.0786533 0.0838391 0.0911447 0.100367 0.11173 0.126049 0.144613 0.168425 0.196743 0.225778 0.249568 0.263956 0.270177 0.274227 0.283649 0.304235 0.336688 0.373525 0.399725 0.402511 0.382032 0.347102 0.306068 0.265153 0.229191 0.201081 0.181416 0.169115 0.162171 0.15782 0.152628 0.143498 0.129319 0.111523 0.0928755 0.0758361 0.0617782 0.0510684 0.0434848 0.038605 0.0360447 0.035547 0.0369592 0.0401315 0.044779 0.0503629 0.0560594 0.0608647 0.0638121 0.0642092 0.0618219 0.05697 0.0504813 0.0434711 0.037035 0.0320219 0.028977 0.0282191 0.0299575 0.0343702 0.0415976 0.0516351 0.0641521 0.0783618 0.0931722 0.107791 0.122542 0.139186 0.160287 0.187972 0.222726 0.262384 0.301009 0.328009 0.330853 0.304996 0.260734 0.214493 0.17743 0.153309 0.141185 0.137701 0.138101 0.136964 0.129876 0.115597 0.0964852 0.0764559 0.0586756 0.044736 0.0349863 0.029146 0.026752 0.0273784 0.0306953 0.0364286 0.0442603 0.053696 0.0639349 0.073819 0.0819799 0.0872651 0.0893197 0.0889378 0.0878499 0.0880537 0.091094 0.0975658 0.106897 0.11751 0.127544 0.13599 0.14329 0.150556 0.157894 0.163469 0.16451 0.159634 0.150068 0.138493 0.127047 0.116378 0.106021 0.0953853 0.0845458 0.074373 0.0661691 0.0612532 0.0607861 0.0658364 0.0775941 0.0976885 0.128644 0.17449 0.241219 0.335554 0.455569 0.555776 0.537655 0.42703 0.317995 0.237745 0.183277 0.147448 0.124983 0.11296 0.110093 0.1159 0.129827 0.150157 0.172865 0.191595 0.200478 0.198612 0.191377 0.187539 0.196386 0.226974 0.288101 0.386523 0.520491 0.671276 0.80845 0.857311 0.728895 0.57269 0.48253 0.457297 0.462243 0.441636 0.370233 0.280849 0.205014 0.151282 0.117465 0.0989502 0.0913111 0.0907549 0.0940569 0.0985434 0.102231 0.104018 0.103776 0.102227 0.100545 0.0997336 0.100066 0.100973 0.101529 0.101175 0.100004 0.0983675 0.096296 0.0933967 0.0893151 0.084308 0.0794271 0.0762424 0.0763942 0.0812043 0.0913169 0.106234 0.123854 0.140657 0.153379 0.161582 0.168506 0.178882 0.195673 0.2177 0.23866 0.249131 0.243167 0.223783 0.199378 0.176367 0.156684 0.139617 0.124093 0.109628 0.0962365 0.0841802 0.0738989 0.0659695 0.0609674 0.0593043 0.0611597 0.0665777 0.075743 0.089381 0.109129 0.137693 0.178702 0.236081 0.312159 0.402457 0.48828 0.54783 0.597005 0.684139 0.818093 0.80883 0.620983 0.477757 0.410389 0.410095 0.474755 0.617011 0.86613 1.02169 0.704058 0.494964 0.367021 0.288554 0.239367 0.207804 0.188409 0.180091 0.184814 0.206738 0.251043 0.320348 0.404489 0.465797 0.464447 0.420866 0.375591 0.338932 0.302282 0.258438 0.210107 0.165129 0.129533 0.105787 0.0941179 0.0938415 0.103783 0.121815 0.143855 0.163244 0.172191 0.165922 0.146063 0.119014 0.0913812 0.0672443 0.0480775 0.0337498 0.0234456 0.0162112 0.0112019 0.00775557 0.00538761 0.00375727 0.00263056 0.00184869 0.00130418 0.000923996 0.000658135 0.000472042 0.000341632 0.000250024 0.000185366 0.00013935 0.000106194 8.19082e-05 6.37743e-05 4.99593e-05 3.92393e-05 3.07989e-05 2.40899e-05 1.87348e-05 1.44631e-05 1.10709e-05 8.39695e-06 6.30857e-06 4.69446e-06 3.46056e-06 2.52776e-06 1.83028e-06 1.31428e-06 9.36387e-07 6.6228e-07 4.65234e-07 3.24765e-07 2.25401e-07 1.55614e-07 1.06919e-07 7.31445e-08 4.98449e-08 3.385e-08 2.2918e-08 1.54755e-08 1.04262e-08 7.01095e-09 4.70696e-09 3.15614e-09 2.11424e-09 1.41533e-09 9.47062e-10 6.33609e-10 4.23918e-10 2.83692e-10 1.89931e-10 1.27231e-10 8.52895e-11 5.72206e-11 3.84239e-11 2.58266e-11 1.73767e-11 1.17032e-11 7.89006e-12 5.3245e-12 3.5965e-12 2.43139e-12 1.64501e-12 1.11373e-12 
3.26893e-13 4.66626e-13 6.65913e-13 9.50329e-13 1.35667e-12 1.93809e-12 2.77164e-12 3.96953e-12 5.69596e-12 8.19229e-12 1.18151e-11 1.70936e-11 2.48169e-11 3.61668e-11 5.29199e-11 7.77561e-11 1.14731e-10 1.69995e-10 2.52899e-10 3.7768e-10 5.66036e-10 8.51069e-10 1.2833e-09 1.93985e-09 2.93844e-09 4.45867e-09 6.77454e-09 1.03037e-08 1.56822e-08 2.38784e-08 3.63646e-08 5.53777e-08 8.43121e-08 1.28313e-07 1.9517e-07 2.96658e-07 4.5055e-07 6.83628e-07 1.03617e-06 1.5686e-06 2.3714e-06 3.57959e-06 5.39411e-06 8.11286e-06 1.21758e-05 1.823e-05 2.72219e-05 4.05291e-05 6.01445e-05 8.89319e-05 0.000130977 0.000192061 0.000280286 0.00040689 0.000587253 0.000842097 0.0011988 0.00169258 0.00236727 0.00327475 0.00447217 0.00601545 0.00794737 0.0102798 0.0129715 0.0159074 0.0188906 0.0216617 0.023952 0.0255624 0.0264348 0.0266802 0.026549 0.0263607 0.0264277 0.0269974 0.0282151 0.0300954 0.0325024 0.0351508 0.0376542 0.039631 0.0408378 0.041275 0.0412152 0.0411485 0.0416778 0.0434056 0.0468409 0.052336 0.0600476 0.0699062 0.0815793 0.0944376 0.107537 0.119567 0.128713 0.132669 0.129428 0.11874 0.102738 0.0848111 0.0679004 0.0536816 0.0427132 0.0349319 0.0300825 0.0279814 0.0286493 0.032367 0.0396808 0.0513467 0.0681678 0.0906478 0.118404 0.149443 0.179787 0.204276 0.218831 0.222729 0.218969 0.212745 0.209624 0.214468 0.230973 0.260921 0.301937 0.344587 0.376349 0.396991 0.421588 0.45583 0.470433 0.424642 0.335867 0.24842 0.181092 0.134294 0.103403 0.0838542 0.0722754 0.0664175 0.0648333 0.0665929 0.0711121 0.0781153 0.0877278 0.100646 0.118245 0.14235 0.174341 0.213388 0.254617 0.289735 0.311901 0.32064 0.321806 0.324451 0.336518 0.360336 0.390007 0.412958 0.417731 0.401352 0.367047 0.320447 0.269576 0.222576 0.184404 0.156287 0.137069 0.124519 0.116015 0.108943 0.101223 0.0919124 0.0813429 0.0706121 0.0608545 0.052788 0.0466515 0.0423704 0.0397658 0.0387061 0.0391658 0.0411928 0.0447972 0.0497952 0.055672 0.0615528 0.0663474 0.0690315 0.0689302 0.0658927 0.0603405 0.0531781 0.0455541 0.0385559 0.0329912 0.0293399 0.0278359 0.0285869 0.0316607 0.0371023 0.0448796 0.0547917 0.0664268 0.0792937 0.0931734 0.108495 0.126341 0.147858 0.173329 0.201434 0.229003 0.25129 0.262802 0.259403 0.241529 0.215373 0.189633 0.171142 0.163144 0.165784 0.176676 0.190482 0.19862 0.192438 0.16994 0.137703 0.104694 0.0766661 0.0555347 0.0409932 0.0319376 0.0272031 0.0258257 0.0270708 0.0303699 0.0352308 0.0411522 0.0475641 0.0538273 0.059328 0.0636776 0.066943 0.0697646 0.0732444 0.0786236 0.0868691 0.098283 0.112244 0.127303 0.141914 0.155608 0.169537 0.185249 0.20213 0.215699 0.219533 0.210598 0.19208 0.170117 0.149301 0.131239 0.115489 0.101088 0.0876338 0.0755577 0.0658082 0.0594445 0.0574586 0.0608566 0.0709204 0.0896277 0.120292 0.168528 0.243577 0.3594 0.530779 0.722556 0.681812 0.492111 0.346948 0.252458 0.192377 0.154133 0.130092 0.116109 0.110109 0.111046 0.118092 0.129872 0.143853 0.156444 0.164367 0.166682 0.165834 0.16709 0.177285 0.203779 0.253681 0.332871 0.44484 0.591592 0.771261 0.887481 0.747859 0.581934 0.496532 0.484144 0.506092 0.491712 0.408022 0.304442 0.220456 0.163597 0.129844 0.113443 0.109271 0.112946 0.120551 0.128577 0.13416 0.135443 0.131894 0.12443 0.115064 0.105968 0.0985114 0.0929221 0.0886747 0.0851528 0.0820281 0.0791808 0.0764381 0.073506 0.0701844 0.0666518 0.0635658 0.0619131 0.0627284 0.0668026 0.0744141 0.0850886 0.0975035 0.109805 0.120492 0.129447 0.138176 0.14883 0.162619 0.178552 0.193226 0.20234 0.20365 0.198717 0.191137 0.183249 0.174925 0.164968 0.152857 0.139031 0.124243 0.109315 0.0953492 0.0837067 0.0756106 0.0717359 0.072055 0.0759781 0.0827796 0.0922458 0.105273 0.124023 0.151477 0.190442 0.241933 0.302884 0.365743 0.426648 0.499163 0.610198 0.753342 0.75628 0.591103 0.458612 0.395496 0.395172 0.452644 0.566591 0.714523 0.763257 0.632863 0.486761 0.382637 0.315122 0.271433 0.241976 0.221815 0.209904 0.207938 0.219456 0.248396 0.295616 0.352395 0.396488 0.40861 0.39662 0.379175 0.360172 0.331252 0.287357 0.234686 0.184336 0.1442 0.117508 0.104845 0.105974 0.120473 0.14711 0.18184 0.215043 0.231926 0.221961 0.189456 0.148264 0.109593 0.0782475 0.0547847 0.0379967 0.0262856 0.0182196 0.012687 0.0088851 0.0062578 0.00442909 0.00314725 0.00224371 0.00160461 0.00115193 0.000831344 0.000604491 0.000443981 0.000330183 0.000249049 0.0001906 0.000147834 0.000115912 9.15512e-05 7.25594e-05 5.74899e-05 4.53884e-05 3.56149e-05 2.7722e-05 2.1378e-05 1.63203e-05 1.23298e-05 9.21793e-06 6.82085e-06 4.99715e-06 3.62644e-06 2.6082e-06 1.86014e-06 1.31628e-06 9.2471e-07 6.45307e-07 4.4759e-07 3.08736e-07 2.11894e-07 1.44777e-07 9.85242e-08 6.68117e-08 4.51672e-08 3.04537e-08 2.0487e-08 1.37563e-08 9.22297e-09 6.17632e-09 4.13253e-09 2.7635e-09 1.84746e-09 1.23502e-09 8.25763e-10 5.52338e-10 3.69659e-10 2.47578e-10 1.65956e-10 1.1135e-10 7.4789e-11 5.02871e-11 3.385e-11 2.28112e-11 1.53891e-11 1.03929e-11 7.02571e-12 4.7538e-12 3.2192e-12 2.18155e-12 1.47924e-12 
4.47026e-13 6.37443e-13 9.08379e-13 1.29394e-12 1.84291e-12 2.62527e-12 3.74182e-12 5.33827e-12 7.62621e-12 1.09145e-11 1.56559e-11 2.2518e-11 3.24896e-11 4.70424e-11 6.83771e-11 9.97972e-11 1.4628e-10 2.1535e-10 3.18406e-10 4.72763e-10 7.04755e-10 1.05449e-09 1.58307e-09 2.38371e-09 3.59849e-09 5.44407e-09 8.25066e-09 1.25213e-08 1.90218e-08 2.89172e-08 4.39784e-08 6.68944e-08 1.01745e-07 1.54714e-07 2.35162e-07 3.57244e-07 5.42332e-07 8.22658e-07 1.24674e-06 1.8875e-06 2.85427e-06 4.31066e-06 6.50076e-06 9.78773e-06 1.471e-05 2.20628e-05 3.30157e-05 4.9281e-05 7.33519e-05 0.000108839 0.000160938 0.000237071 0.000347761 0.000507787 0.000737679 0.00106558 0.0015294 0.00217911 0.00307853 0.00430582 0.0059507 0.008106 0.0108501 0.0142174 0.0181577 0.0224908 0.0268799 0.0308526 0.0338985 0.0356294 0.0359334 0.0350313 0.0333998 0.0316132 0.0301954 0.029533 0.0298471 0.031192 0.0334572 0.0363737 0.0395443 0.0425189 0.0449135 0.0465419 0.0475054 0.0481931 0.0491807 0.0510581 0.0542482 0.0588793 0.0647606 0.0714688 0.0784956 0.0853576 0.0915924 0.0966462 0.0997512 0.099969 0.0965509 0.0894661 0.0796241 0.0685196 0.0576141 0.0479318 0.0400111 0.0340654 0.0301779 0.0284502 0.0290942 0.0324791 0.0391372 0.0497154 0.0648336 0.0848062 0.109214 0.136436 0.163458 0.186387 0.201788 0.208229 0.207002 0.201571 0.196279 0.195131 0.200986 0.21497 0.235824 0.259984 0.284202 0.309703 0.340794 0.373819 0.386569 0.3554 0.290826 0.222005 0.165296 0.123677 0.0949155 0.0759354 0.0641803 0.0578095 0.0555677 0.0566278 0.060506 0.0670815 0.0767146 0.0904056 0.109864 0.137253 0.174286 0.220447 0.270964 0.316924 0.349434 0.364535 0.365468 0.362191 0.365591 0.380467 0.403958 0.428535 0.445852 0.446996 0.421498 0.367413 0.299241 0.234682 0.182756 0.144769 0.118571 0.101122 0.0894913 0.0812043 0.0744407 0.0681799 0.0621598 0.0566041 0.0518631 0.0481595 0.0455192 0.0438396 0.0430101 0.0430119 0.0439549 0.0460343 0.0494052 0.0540043 0.0593906 0.064714 0.0688858 0.0709047 0.0701665 0.0666182 0.06075 0.0534638 0.0458392 0.0388637 0.0332487 0.0293923 0.0274572 0.027484 0.0294796 0.0334546 0.0394134 0.0473267 0.0571422 0.0688821 0.0828128 0.0995287 0.11971 0.143444 0.169391 0.194441 0.214484 0.226011 0.227399 0.219379 0.205056 0.189407 0.177867 0.174759 0.182599 0.202278 0.2328 0.268636 0.294982 0.291148 0.251848 0.195238 0.141213 0.098608 0.0683057 0.0482107 0.035782 0.0288834 0.0259201 0.0257432 0.0275134 0.0305889 0.0344546 0.0386885 0.0429635 0.047084 0.0510536 0.0551446 0.0599181 0.0661472 0.0746374 0.0859692 0.100223 0.116802 0.134593 0.152716 0.171636 0.193536 0.220695 0.25179 0.278364 0.287325 0.272467 0.241064 0.205231 0.172779 0.146077 0.124398 0.106165 0.0903032 0.0766358 0.0656402 0.0580615 0.0547068 0.056488 0.0646614 0.0812344 0.10957 0.155242 0.227054 0.337309 0.495401 0.657368 0.629087 0.469114 0.337402 0.24983 0.193999 0.158583 0.136206 0.122504 0.115001 0.112354 0.113809 0.118636 0.125626 0.132959 0.138754 0.142082 0.143891 0.14729 0.157085 0.178862 0.218095 0.27955 0.366958 0.481691 0.610321 0.679921 0.615586 0.513297 0.454547 0.448226 0.465733 0.451417 0.380298 0.290438 0.216216 0.166456 0.138809 0.128528 0.130932 0.141607 0.156174 0.170287 0.179963 0.182066 0.175022 0.159806 0.139987 0.119956 0.102803 0.089603 0.0799904 0.0730724 0.068016 0.0642012 0.061149 0.0584769 0.0559764 0.0537311 0.0521542 0.0518956 0.0536545 0.0579586 0.0649478 0.0742059 0.0847393 0.0952388 0.104644 0.11274 0.120302 0.128579 0.138393 0.149452 0.160393 0.16969 0.1769 0.183013 0.1892 0.195041 0.198283 0.196701 0.18982 0.178358 0.162938 0.144424 0.12492 0.107446 0.0946106 0.0876662 0.0863558 0.0892377 0.0943687 0.100346 0.107306 0.117131 0.132625 0.156214 0.188792 0.229122 0.274941 0.326777 0.391071 0.472961 0.549297 0.55287 0.478713 0.402595 0.364802 0.371809 0.419655 0.496849 0.573151 0.595678 0.546054 0.469457 0.40388 0.357587 0.325046 0.29928 0.27698 0.2583 0.245288 0.241394 0.250465 0.273797 0.306684 0.338582 0.360823 0.37379 0.380479 0.376674 0.353606 0.309396 0.25358 0.19944 0.15609 0.12745 0.114682 0.118446 0.139955 0.180567 0.238788 0.302351 0.339574 0.320207 0.258452 0.18987 0.133132 0.0914844 0.0625039 0.0428139 0.0295464 0.0205926 0.0145004 0.0103046 0.00737537 0.00530479 0.00382719 0.00276677 0.00200431 0.00145671 0.00106454 0.000784525 0.000584874 0.000442221 0.000339546 0.000264624 0.000208856 0.00016633 0.000133084 0.000106522 8.49692e-05 6.73388e-05 5.29026e-05 4.11383e-05 3.16367e-05 2.40516e-05 1.80756e-05 1.3432e-05 9.87347e-06 7.18311e-06 5.17528e-06 3.69501e-06 2.61606e-06 1.83789e-06 1.28209e-06 8.88626e-07 6.12338e-07 4.19752e-07 2.86397e-07 1.94605e-07 1.31757e-07 8.89274e-08 5.9861e-08 4.02056e-08 2.69551e-08 1.80458e-08 1.20683e-08 8.06483e-09 5.38716e-09 3.59802e-09 2.40335e-09 1.60592e-09 1.07367e-09 7.18347e-10 4.81043e-10 3.22458e-10 2.16393e-10 1.45386e-10 9.77991e-11 6.58692e-11 4.44182e-11 2.99887e-11 2.02697e-11 1.3715e-11 9.28885e-12 6.2965e-12 4.27125e-12 2.89916e-12 1.96876e-12 
6.12424e-13 8.728e-13 1.24263e-12 1.76774e-12 2.51333e-12 3.57236e-12 5.0778e-12 7.2205e-12 1.02756e-11 1.46414e-11 2.08977e-11 2.98925e-11 4.28726e-11 6.16815e-11 8.90574e-11 1.29088e-10 1.879e-10 2.74715e-10 4.0345e-10 5.95175e-10 8.81854e-10 1.31205e-09 1.95965e-09 2.93712e-09 4.41575e-09 6.65641e-09 1.00563e-08 1.52199e-08 2.30668e-08 3.49948e-08 5.31268e-08 8.0684e-08 1.2255e-07 1.86123e-07 2.82593e-07 4.28878e-07 6.50516e-07 9.86017e-07 1.49338e-06 2.25981e-06 3.41621e-06 5.15877e-06 7.78074e-06 1.17196e-05 1.76258e-05 2.64639e-05 3.96588e-05 5.9307e-05 8.84802e-05 0.000131657 0.000195334 0.000288878 0.000425713 0.000624928 0.000913434 0.00132876 0.00192251 0.00276434 0.00394591 0.00558353 0.00781698 0.0108004 0.0146789 0.0195435 0.0253598 0.0318768 0.0385496 0.0445433 0.0488968 0.0508528 0.0502016 0.0474044 0.0433973 0.0392325 0.0357883 0.0336512 0.0331262 0.0342862 0.0370031 0.0409513 0.0456138 0.0503365 0.0544653 0.0575518 0.059545 0.0608564 0.0622265 0.0644276 0.0679177 0.0725908 0.0777552 0.0824108 0.0857238 0.0873943 0.0876393 0.0868415 0.0851847 0.082542 0.0786473 0.0733847 0.0669636 0.0598698 0.0526817 0.0459143 0.0399699 0.0351693 0.0318084 0.0302108 0.0307724 0.0339967 0.0405138 0.0510599 0.0663761 0.0869737 0.112725 0.142319 0.172816 0.199792 0.218561 0.226237 0.223277 0.213193 0.20081 0.1905 0.185233 0.186305 0.193457 0.205477 0.221419 0.241455 0.265168 0.286874 0.293496 0.27418 0.233565 0.186416 0.143905 0.110192 0.0853577 0.0680711 0.0568325 0.0503712 0.0477204 0.0482064 0.051456 0.0574606 0.0667007 0.080282 0.0999737 0.127964 0.166077 0.214289 0.269007 0.322688 0.365839 0.39032 0.394938 0.389752 0.388511 0.398431 0.42024 0.453258 0.495529 0.532496 0.525365 0.452404 0.350782 0.259429 0.190261 0.141676 0.10888 0.0873021 0.0733136 0.0642159 0.0581305 0.0538883 0.0508824 0.0488603 0.0477066 0.0472877 0.0474017 0.0478203 0.0483778 0.0490536 0.0500078 0.0515373 0.0539401 0.0573119 0.0613612 0.0653647 0.0683428 0.0693954 0.0680134 0.0642114 0.0584814 0.0516387 0.0446099 0.0382172 0.0330373 0.0293779 0.027346 0.0269486 0.0281782 0.0310644 0.0356971 0.0422438 0.0509928 0.0624359 0.0773444 0.0966973 0.121239 0.150507 0.181567 0.208594 0.225018 0.22772 0.219003 0.204368 0.18959 0.179582 0.178218 0.188245 0.211438 0.249376 0.303967 0.373435 0.436292 0.43945 0.364649 0.265313 0.181416 0.121186 0.0810099 0.0554499 0.0399824 0.0313517 0.0273193 0.0263446 0.0273374 0.0295084 0.0323023 0.0353793 0.0386101 0.0420603 0.0459679 0.0507158 0.0567963 0.0647473 0.0750443 0.0879473 0.103346 0.120723 0.139434 0.159474 0.182432 0.21169 0.250598 0.297742 0.340485 0.356346 0.33419 0.287878 0.237382 0.193445 0.158602 0.131557 0.110036 0.0922644 0.0774288 0.06552 0.0569663 0.0523854 0.0525564 0.0585808 0.0721835 0.0961084 0.134502 0.192845 0.27579 0.377716 0.458908 0.453683 0.377101 0.294297 0.231499 0.189261 0.162262 0.145419 0.134837 0.127758 0.122615 0.119005 0.117203 0.117384 0.119101 0.121397 0.123464 0.1255 0.129251 0.137899 0.155352 0.185382 0.230896 0.292992 0.368162 0.440554 0.476206 0.455326 0.409188 0.377124 0.370522 0.374067 0.358265 0.31066 0.249638 0.197012 0.162087 0.145607 0.145084 0.157007 0.177305 0.201385 0.22433 0.241113 0.246571 0.236441 0.210943 0.176592 0.142009 0.112888 0.0909731 0.0755633 0.0651164 0.0581363 0.0534582 0.0502439 0.0479268 0.0462059 0.0450732 0.0448118 0.0459257 0.0489993 0.0545064 0.0625856 0.072822 0.0841426 0.0950016 0.103959 0.110424 0.115011 0.119123 0.124107 0.130622 0.13868 0.148211 0.159635 0.173734 0.190574 0.208256 0.223174 0.232354 0.235001 0.230578 0.217096 0.19398 0.165372 0.13815 0.117693 0.106117 0.102706 0.10481 0.108893 0.112074 0.113725 0.115789 0.121429 0.133285 0.152509 0.178799 0.211368 0.250356 0.296689 0.347297 0.387074 0.394212 0.369671 0.341024 0.332426 0.353348 0.401856 0.465168 0.518945 0.537608 0.517309 0.479753 0.447428 0.426499 0.409456 0.387664 0.360279 0.330831 0.30223 0.27842 0.265176 0.266568 0.282076 0.307456 0.338078 0.370114 0.396537 0.404361 0.382427 0.333143 0.271201 0.212149 0.165481 0.135101 0.122419 0.128978 0.158101 0.215557 0.307865 0.430366 0.522573 0.47582 0.348976 0.236663 0.157151 0.104379 0.0700363 0.0477237 0.0330989 0.0233559 0.0167263 0.0121106 0.00882895 0.00645804 0.00472847 0.00346254 0.00253755 0.00186508 0.00137926 0.0010302 0.000779996 0.000600098 0.000469396 0.000372649 0.000299179 0.000241752 0.000195637 0.000157838 0.00012649 0.000100418 7.88319e-05 6.11321e-05 4.6808e-05 3.53873e-05 2.64229e-05 1.94956e-05 1.4223e-05 1.02674e-05 7.33947e-06 5.19926e-06 3.65276e-06 2.54699e-06 1.76388e-06 1.21409e-06 8.3111e-07 5.6619e-07 3.84079e-07 2.59585e-07 1.74891e-07 1.17518e-07 7.87946e-08 5.27389e-08 3.52524e-08 2.35416e-08 1.57117e-08 1.04833e-08 6.99487e-09 4.66864e-09 3.11767e-09 2.08348e-09 1.39363e-09 9.3318e-10 6.25599e-10 4.19931e-10 2.82251e-10 1.89969e-10 1.28032e-10 8.64044e-11 5.83861e-11 3.95011e-11 2.67544e-11 1.81392e-11 1.2309e-11 8.35903e-12 5.68001e-12 3.86136e-12 2.62581e-12 
8.40066e-13 1.19708e-12 1.70358e-12 2.42159e-12 3.43891e-12 4.88003e-12 6.92192e-12 9.81686e-12 1.39258e-11 1.97674e-11 2.80901e-11 3.99804e-11 5.70226e-11 8.15409e-11 1.16963e-10 1.68372e-10 2.43339e-10 3.53198e-10 5.14981e-10 7.54364e-10 1.11017e-09 1.64122e-09 2.43681e-09 3.63257e-09 5.43478e-09 8.15712e-09 1.22766e-08 1.85185e-08 2.79847e-08 4.23484e-08 6.41481e-08 9.72314e-08 1.47426e-07 2.23546e-07 3.38917e-07 5.13658e-07 7.78115e-07 1.17802e-06 1.78219e-06 2.69411e-06 4.06915e-06 6.14022e-06 9.25594e-06 1.39371e-05 2.09599e-05 3.14785e-05 4.72037e-05 7.06637e-05 0.000105582 0.000157419 0.000234152 0.000347381 0.000513892 0.000757833 0.00111372 0.00163049 0.00237679 0.00344748 0.00497109 0.00711664 0.0100969 0.0141619 0.0195724 0.0265379 0.0351023 0.0449727 0.0553283 0.0647378 0.0713965 0.0737936 0.0715116 0.0655166 0.057661 0.0498557 0.0435213 0.0394783 0.0380805 0.0393735 0.0431697 0.0490355 0.0562438 0.0637869 0.0705452 0.0756343 0.0788022 0.0806223 0.0822997 0.085129 0.0898316 0.0960391 0.102197 0.106141 0.106264 0.102472 0.0960953 0.0888957 0.0821464 0.0763266 0.0713165 0.066742 0.0622387 0.0575767 0.0526919 0.047686 0.0428175 0.0384761 0.0351417 0.0333528 0.033705 0.0368852 0.0437218 0.0552188 0.072523 0.096734 0.128431 0.166795 0.20844 0.246727 0.273186 0.281714 0.272512 0.251525 0.22638 0.203148 0.185419 0.17463 0.170742 0.172983 0.180473 0.192283 0.206391 0.218087 0.220318 0.208123 0.183228 0.152383 0.122104 0.0960707 0.0755269 0.0603967 0.0500714 0.0438153 0.0409567 0.0409847 0.0436254 0.0489329 0.0574048 0.0700864 0.0885825 0.114847 0.150586 0.196204 0.249569 0.305272 0.354609 0.387276 0.398884 0.398221 0.39926 0.409901 0.433903 0.478438 0.553668 0.651089 0.681562 0.562556 0.406746 0.284114 0.198647 0.14128 0.103479 0.0789971 0.0634953 0.0540012 0.0485189 0.045758 0.0449159 0.0454796 0.0470563 0.0492588 0.0516708 0.0538859 0.0555946 0.0566775 0.0572651 0.0577181 0.0584912 0.0598981 0.0618849 0.0639567 0.0653341 0.0652702 0.0633432 0.0595782 0.0543938 0.0484525 0.0424801 0.0371015 0.0327415 0.0296134 0.0277779 0.0272307 0.0279821 0.0301168 0.0338385 0.03952 0.0477771 0.0595696 0.0762818 0.0996433 0.1312 0.170888 0.214449 0.251218 0.267797 0.259595 0.23567 0.20927 0.189628 0.181639 0.187847 0.209495 0.246964 0.301257 0.377252 0.483453 0.606343 0.628039 0.485238 0.328589 0.214281 0.138785 0.0908459 0.061282 0.0437627 0.0341274 0.0296501 0.0284928 0.029357 0.0313078 0.0337251 0.0363127 0.0390922 0.0423382 0.0464695 0.0519367 0.0591391 0.068368 0.0797609 0.0932504 0.108538 0.125193 0.143045 0.162896 0.187264 0.22038 0.266321 0.32388 0.378028 0.399381 0.372704 0.31698 0.257477 0.206474 0.166539 0.136112 0.112549 0.0936291 0.0780892 0.0655553 0.0562097 0.050509 0.0490813 0.052794 0.0629223 0.0813156 0.110367 0.152318 0.206854 0.265797 0.308298 0.312662 0.282795 0.241975 0.206906 0.182694 0.168514 0.161393 0.157519 0.153153 0.146067 0.136547 0.126703 0.118693 0.113496 0.110875 0.110111 0.110917 0.114064 0.121419 0.135418 0.158283 0.191188 0.233203 0.279529 0.31951 0.339093 0.33301 0.312916 0.295452 0.287373 0.282304 0.267813 0.238902 0.20343 0.173125 0.155422 0.152814 0.164705 0.188557 0.22037 0.255329 0.288683 0.315507 0.3282 0.316415 0.277253 0.222908 0.169705 0.126673 0.0954713 0.0742771 0.0604609 0.0517061 0.04628 0.0429822 0.0410374 0.0400306 0.0398847 0.040842 0.0434086 0.0482421 0.0559649 0.0668784 0.0805778 0.0955812 0.109336 0.119075 0.123378 0.123171 0.121074 0.119807 0.121155 0.12599 0.134845 0.14838 0.167221 0.191087 0.217895 0.244302 0.268031 0.288247 0.300682 0.294848 0.26465 0.219584 0.175787 0.143376 0.124914 0.118429 0.119549 0.122875 0.123914 0.121317 0.117304 0.115682 0.119515 0.130153 0.14747 0.170608 0.198589 0.229986 0.261176 0.285097 0.295277 0.294247 0.29445 0.309788 0.348939 0.412225 0.487291 0.547015 0.566107 0.549672 0.526967 0.521032 0.532159 0.537726 0.516666 0.475865 0.42947 0.380164 0.331345 0.293129 0.27412 0.276887 0.299925 0.340067 0.391322 0.439349 0.459197 0.432256 0.368132 0.292468 0.224515 0.172889 0.14007 0.126747 0.134625 0.168373 0.237514 0.358631 0.555374 0.801228 0.657177 0.422738 0.268873 0.172825 0.113155 0.0758458 0.0521804 0.0368303 0.0265753 0.0194906 0.0144358 0.0107358 0.00798393 0.00592489 0.00438734 0.00324768 0.00241146 0.00180411 0.00136642 0.00105182 0.00082446 0.000657596 0.000531942 0.000434176 0.000355514 0.000290455 0.000235712 0.000189374 0.00015029 0.000117668 9.08376e-05 6.9143e-05 5.19113e-05 3.84652e-05 2.81512e-05 2.03663e-05 1.4578e-05 1.03333e-05 7.25966e-06 5.05936e-06 3.5005e-06 2.40634e-06 1.64474e-06 1.11854e-06 7.57363e-07 5.10887e-07 3.43531e-07 2.3039e-07 1.54184e-07 1.03015e-07 6.87444e-08 4.5838e-08 3.05512e-08 2.03607e-08 1.35723e-08 9.05158e-09 6.04107e-09 4.03562e-09 2.69891e-09 1.80722e-09 1.21179e-09 8.13699e-10 5.472e-10 3.68535e-10 2.48574e-10 1.67904e-10 1.13569e-10 7.69165e-11 5.2154e-11 3.54007e-11 2.40507e-11 1.63521e-11 1.11244e-11 7.57129e-12 5.15443e-12 3.50946e-12 
1.15313e-12 1.64364e-12 2.33913e-12 3.32406e-12 4.7175e-12 6.68752e-12 9.47164e-12 1.34063e-11 1.89697e-11 2.68433e-11 3.80031e-11 5.38534e-11 7.64252e-11 1.08673e-10 1.54917e-10 2.21517e-10 3.1788e-10 4.57996e-10 6.62768e-10 9.63561e-10 1.4076e-09 2.0662e-09 3.04727e-09 4.5144e-09 6.71581e-09 1.00284e-08 1.50244e-08 2.25727e-08 3.39918e-08 5.12811e-08 7.74703e-08 1.17145e-07 1.77241e-07 2.68235e-07 4.05936e-07 6.14181e-07 9.28866e-07 1.40401e-06 2.12079e-06 3.20115e-06 4.82801e-06 7.27548e-06 1.09538e-05 1.64763e-05 2.47578e-05 3.7161e-05 5.57111e-05 8.34099e-05 0.000124696 0.00018611 0.000277264 0.000412233 0.000611556 0.000905083 0.00133601 0.00196648 0.00288526 0.00421776 0.00613853 0.00888497 0.0127691 0.0181797 0.0255598 0.035334 0.0477465 0.0625706 0.0786982 0.0937945 0.104511 0.107777 0.102696 0.0912961 0.0772391 0.0639146 0.0534795 0.0469325 0.0445625 0.0463083 0.0518953 0.0607736 0.0719557 0.0839133 0.0947477 0.102774 0.107345 0.109366 0.111015 0.114726 0.121947 0.132077 0.142042 0.147246 0.144232 0.133221 0.117742 0.101959 0.0886056 0.0786334 0.0717746 0.0671726 0.0638085 0.0607522 0.0573344 0.0532708 0.0487037 0.0441295 0.0402542 0.037866 0.0377895 0.0409322 0.0483916 0.0615817 0.0823159 0.112726 0.154769 0.208896 0.27151 0.332018 0.373567 0.382514 0.359824 0.31882 0.273595 0.232957 0.200832 0.178132 0.164189 0.157689 0.157178 0.161028 0.166928 0.171444 0.170602 0.161805 0.145493 0.124657 0.102872 0.0828417 0.0660626 0.053076 0.0438291 0.0379727 0.0350739 0.0347625 0.0368406 0.0413833 0.0488352 0.0600835 0.0764524 0.0995358 0.130781 0.170793 0.218469 0.270113 0.318692 0.35508 0.374726 0.383666 0.392321 0.406922 0.432582 0.481508 0.572977 0.712505 0.781356 0.617152 0.427674 0.290831 0.198983 0.138318 0.098616 0.0730457 0.0570788 0.047698 0.0428976 0.0413549 0.0421874 0.0447572 0.0485165 0.0529077 0.0573309 0.0611832 0.0639511 0.0653315 0.0653467 0.0643857 0.0630836 0.0620394 0.0615177 0.0613234 0.0609254 0.0597426 0.0574146 0.0539246 0.0495639 0.0448074 0.0401664 0.036066 0.032776 0.0304123 0.0289904 0.0285033 0.0289948 0.0306208 0.0337075 0.0388241 0.0468899 0.0593259 0.0782265 0.106443 0.147252 0.202746 0.269193 0.328731 0.350509 0.323541 0.273437 0.227867 0.199121 0.190474 0.202424 0.234386 0.284171 0.348813 0.430481 0.541875 0.681383 0.707806 0.528998 0.350592 0.226206 0.145789 0.0953472 0.0645331 0.0464845 0.036777 0.0325274 0.0317668 0.0330597 0.0353389 0.0379053 0.0404933 0.0432785 0.0467582 0.0515378 0.058116 0.0667391 0.0773533 0.0896457 0.103144 0.117346 0.131929 0.147137 0.164357 0.186562 0.218022 0.262385 0.317903 0.36995 0.39141 0.368101 0.316279 0.259064 0.208746 0.168641 0.137805 0.113899 0.0947348 0.0789396 0.0659969 0.0559727 0.0492235 0.0462422 0.0476536 0.0542821 0.0671768 0.0874208 0.115454 0.149617 0.184252 0.209796 0.218394 0.211234 0.197142 0.184894 0.179279 0.181347 0.189033 0.197176 0.198827 0.189465 0.170784 0.148931 0.129576 0.115381 0.106465 0.101835 0.100612 0.102698 0.108868 0.120362 0.138216 0.162464 0.191315 0.220481 0.243447 0.25408 0.25114 0.239952 0.227977 0.21891 0.210798 0.199205 0.182659 0.164983 0.152591 0.150939 0.16309 0.189482 0.227635 0.272209 0.317004 0.358264 0.394151 0.416426 0.404647 0.348487 0.269887 0.196453 0.139868 0.100363 0.0743048 0.0577723 0.0476406 0.041682 0.0383969 0.0368354 0.0364897 0.0372499 0.0393878 0.0435286 0.0505731 0.0615252 0.0771344 0.0972308 0.119772 0.140225 0.152796 0.154146 0.146267 0.134773 0.124951 0.119822 0.120543 0.127498 0.14101 0.161385 0.188395 0.22089 0.257697 0.299633 0.348118 0.394278 0.407195 0.362874 0.287011 0.216994 0.168072 0.140657 0.129925 0.129284 0.131593 0.131057 0.125768 0.118153 0.112492 0.112162 0.11858 0.131456 0.14942 0.170542 0.192582 0.212964 0.229142 0.240349 0.250007 0.266052 0.298684 0.357642 0.448575 0.56295 0.657091 0.670867 0.627741 0.597668 0.615921 0.678859 0.727566 0.691671 0.614413 0.542431 0.468769 0.391091 0.326624 0.289348 0.283125 0.306997 0.358414 0.430855 0.504822 0.53945 0.501155 0.412087 0.315948 0.235861 0.17792 0.141886 0.126757 0.13331 0.165624 0.232552 0.349062 0.532687 0.734346 0.622736 0.411432 0.265201 0.172718 0.115077 0.0789774 0.0559552 0.0408114 0.0304322 0.0229976 0.0174672 0.0132507 0.0100034 0.00750821 0.00561062 0.00418863 0.00313983 0.00237719 0.00182793 0.00143302 0.00114633 0.000933312 0.000769345 0.000637855 0.000528414 0.000434965 0.000354274 0.000284715 0.000225406 0.000175672 0.000134774 0.000101828 7.58228e-05 5.56923e-05 4.03912e-05 2.8955e-05 2.05378e-05 1.44283e-05 1.00491e-05 6.94537e-06 4.76755e-06 3.253e-06 2.20801e-06 1.49196e-06 1.00428e-06 6.7385e-07 4.50967e-07 3.01189e-07 2.00848e-07 1.33793e-07 8.90696e-08 5.9282e-08 3.94609e-08 2.62786e-08 1.75124e-08 1.16817e-08 7.8013e-09 5.21681e-09 3.49362e-09 2.34327e-09 1.57423e-09 1.05933e-09 7.14011e-10 4.82035e-10 3.25931e-10 2.20702e-10 1.4965e-10 1.01596e-10 6.90473e-11 4.69696e-11 3.19752e-11 2.17803e-11 1.48419e-11 1.01162e-11 6.89557e-12 4.69979e-12 
1.58318e-12 2.25804e-12 3.21484e-12 4.56924e-12 6.48379e-12 9.18696e-12 1.30002e-11 1.83761e-11 2.59539e-11 3.66381e-11 5.1714e-11 7.30149e-11 1.0317e-10 1.45968e-10 2.06903e-10 2.93992e-10 4.18996e-10 5.99278e-10 8.60608e-10 1.24142e-09 1.79931e-09 2.62084e-09 3.83658e-09 5.64383e-09 8.34127e-09 1.23815e-08 1.84504e-08 2.75881e-08 4.13704e-08 6.21837e-08 9.36388e-08 1.41193e-07 2.13086e-07 3.21743e-07 4.8588e-07 7.33655e-07 1.10739e-06 1.67062e-06 2.51867e-06 3.79439e-06 5.71169e-06 8.59067e-06 1.29098e-05 1.93839e-05 2.90792e-05 4.35844e-05 6.52633e-05 9.76263e-05 0.000145877 0.000217711 0.000324486 0.000482922 0.00071758 0.00106445 0.00157613 0.00232923 0.00343488 0.00505306 0.00741172 0.0108301 0.0157438 0.0227235 0.0324689 0.0457417 0.0631709 0.0848289 0.109478 0.133623 0.151279 0.156203 0.146393 0.126095 0.102455 0.0811988 0.0652684 0.0555912 0.0521653 0.0547212 0.0629133 0.0761618 0.0932752 0.112065 0.129361 0.141912 0.148122 0.149426 0.14989 0.154213 0.165431 0.183007 0.201458 0.211262 0.204649 0.182502 0.153135 0.125025 0.102756 0.0873868 0.078042 0.0730515 0.0705406 0.0687559 0.0663461 0.0626194 0.0576468 0.0521238 0.047076 0.0436029 0.0427842 0.045757 0.0539081 0.0691281 0.0940727 0.132315 0.188056 0.264615 0.360174 0.45973 0.529686 0.537235 0.487198 0.412502 0.338818 0.276863 0.229103 0.194624 0.171269 0.156656 0.148625 0.145183 0.144165 0.143047 0.139311 0.131307 0.118928 0.103479 0.0869146 0.0710755 0.057273 0.0462074 0.0380743 0.0327455 0.0299503 0.0294233 0.0310198 0.034809 0.0411513 0.050747 0.0646229 0.0840085 0.110054 0.143371 0.183399 0.227655 0.271177 0.307686 0.333832 0.352356 0.368514 0.385673 0.408397 0.447981 0.518369 0.611832 0.64271 0.533904 0.387148 0.269541 0.186358 0.129715 0.0919365 0.0673703 0.0520805 0.0433657 0.0393918 0.038918 0.0410803 0.0452126 0.0507037 0.056901 0.0630723 0.0684346 0.0722444 0.073951 0.0733958 0.0709569 0.0674647 0.0638525 0.0607509 0.0582892 0.0561846 0.0540048 0.0514245 0.0483579 0.0449512 0.04149 0.0382838 0.0355707 0.0334712 0.032 0.031122 0.0308256 0.0311903 0.0324446 0.0350271 0.0396728 0.0475485 0.06046 0.08115 0.113652 0.163476 0.236693 0.334553 0.434737 0.46969 0.408744 0.319324 0.249894 0.2106 0.200117 0.216136 0.256245 0.315089 0.382416 0.449956 0.521031 0.586714 0.575485 0.456363 0.319185 0.213013 0.140584 0.093813 0.0648304 0.0478635 0.0389924 0.0355595 0.0356588 0.0378073 0.040834 0.0439646 0.0469769 0.0502414 0.0545384 0.06071 0.0693006 0.0803051 0.0931064 0.106656 0.119864 0.132015 0.143031 0.153668 0.165761 0.182327 0.207005 0.242217 0.285482 0.325085 0.342409 0.327623 0.289633 0.244083 0.201439 0.165814 0.137417 0.11476 0.0961463 0.0804346 0.0672016 0.0565393 0.0487792 0.0443202 0.0435867 0.0470496 0.055206 0.0684071 0.0864334 0.107836 0.129456 0.147074 0.15775 0.162165 0.164389 0.169542 0.181855 0.203591 0.233333 0.262908 0.276884 0.263234 0.227289 0.185365 0.149491 0.123687 0.10732 0.0983007 0.0947563 0.0956521 0.100813 0.110562 0.125123 0.14392 0.164938 0.184551 0.198374 0.203273 0.199336 0.189868 0.179069 0.16941 0.160842 0.152236 0.14369 0.137716 0.138556 0.150754 0.177945 0.221468 0.278046 0.337931 0.389015 0.427766 0.460234 0.483234 0.468515 0.397034 0.299536 0.212163 0.147036 0.102585 0.0737254 0.0556742 0.04482 0.0386567 0.035521 0.034368 0.0346444 0.0362462 0.0395249 0.0453027 0.0548613 0.0698355 0.0918529 0.121582 0.156789 0.189911 0.208856 0.205669 0.185097 0.159384 0.138047 0.125061 0.120984 0.125225 0.137204 0.15664 0.183449 0.217913 0.261966 0.32121 0.403477 0.502508 0.553388 0.479151 0.353705 0.251651 0.185692 0.149463 0.134039 0.130743 0.131422 0.129812 0.123768 0.115582 0.109491 0.108903 0.115254 0.128052 0.145286 0.164 0.181225 0.195097 0.20562 0.214945 0.227531 0.250302 0.292806 0.367514 0.489542 0.669733 0.857765 0.839652 0.715067 0.656749 0.695332 0.836927 0.994547 0.883531 0.73004 0.629297 0.535669 0.434605 0.350632 0.301612 0.291304 0.318589 0.381131 0.471582 0.565738 0.609852 0.558645 0.446871 0.333076 0.242638 0.179251 0.14015 0.122444 0.125273 0.150499 0.202547 0.285803 0.392436 0.468299 0.432371 0.326892 0.228709 0.157861 0.110654 0.0798232 0.0594262 0.0454157 0.0352769 0.0275546 0.0214578 0.016571 0.012665 0.00958849 0.0072153 0.00542603 0.00410608 0.00314963 0.00246397 0.00197202 0.00161308 0.00134191 0.00112698 0.000947935 0.000792978 0.000656172 0.000535136 0.00042922 0.000338268 0.000261925 0.000199364 0.000149296 0.000110116 8.00894e-05 5.75106e-05 4.08223e-05 2.86768e-05 1.99587e-05 1.37772e-05 9.44161e-06 6.42968e-06 4.35478e-06 2.9358e-06 1.9715e-06 1.31972e-06 8.81176e-07 5.87217e-07 3.90779e-07 2.59825e-07 1.72681e-07 1.14764e-07 7.62995e-08 5.07617e-08 3.38041e-08 2.25386e-08 1.50485e-08 1.00632e-08 6.74073e-09 4.52315e-09 3.04059e-09 2.04768e-09 1.38147e-09 9.33626e-10 6.32009e-10 4.28493e-10 2.90924e-10 1.97772e-10 1.34595e-10 9.16842e-11 6.25006e-11 4.263e-11 2.90875e-11 1.98508e-11 1.35472e-11 9.24372e-12 6.30522e-12 
2.17305e-12 3.10224e-12 4.42013e-12 6.28584e-12 8.92247e-12 1.26427e-11 1.78845e-11 2.5262e-11 3.56373e-11 5.02226e-11 7.07274e-11 9.95707e-11 1.40191e-10 1.97498e-10 2.78546e-10 3.93528e-10 5.57269e-10 7.91466e-10 1.12807e-09 1.61439e-09 2.32089e-09 3.35292e-09 4.86868e-09 7.10636e-09 1.04254e-08 1.53692e-08 2.27597e-08 3.38408e-08 5.04943e-08 7.5566e-08 1.13355e-07 1.70349e-07 2.56326e-07 3.86004e-07 5.81505e-07 8.76034e-07 1.31937e-06 1.98606e-06 2.9876e-06 4.49064e-06 6.74403e-06 1.01191e-05 1.51699e-05 2.27219e-05 3.40051e-05 5.08504e-05 7.59809e-05 0.000113442 0.000169238 0.000252262 0.000375678 0.000558927 0.000830697 0.00123326 0.00182884 0.00270891 0.00400762 0.00592106 0.00873368 0.0128533 0.0188533 0.0275146 0.0398494 0.0570623 0.0803611 0.110442 0.146354 0.183537 0.212129 0.219949 0.20259 0.168742 0.131678 0.100225 0.0777411 0.0645812 0.0601623 0.0639348 0.0755931 0.094785 0.12042 0.14971 0.177532 0.197458 0.205437 0.203648 0.199892 0.203061 0.219076 0.248211 0.281984 0.301953 0.290701 0.250733 0.200576 0.155668 0.122201 0.100469 0.0883442 0.0829756 0.0814091 0.0808995 0.0792871 0.0754282 0.0693876 0.0621932 0.0553177 0.0502414 0.0483077 0.0508511 0.0594961 0.076556 0.105505 0.151462 0.221428 0.323366 0.461589 0.622356 0.74583 0.746247 0.643243 0.519147 0.412143 0.328888 0.267 0.222338 0.190695 0.168464 0.15295 0.142179 0.13441 0.127816 0.120626 0.111587 0.100338 0.0873933 0.0738114 0.0607713 0.0492463 0.0398439 0.0328014 0.0280827 0.0255107 0.0248915 0.0261152 0.0292349 0.0345265 0.0425222 0.0539983 0.0698906 0.0911086 0.11823 0.151067 0.188161 0.226504 0.262269 0.292755 0.317576 0.337364 0.352894 0.367598 0.389369 0.42427 0.460877 0.460869 0.400695 0.311265 0.227931 0.162784 0.115554 0.0827963 0.0610154 0.0473904 0.0398159 0.0367851 0.0372372 0.0404021 0.0456545 0.0523898 0.0599312 0.0674815 0.0741286 0.0789191 0.0810354 0.0800937 0.0764205 0.0710214 0.0651558 0.059807 0.0554036 0.05188 0.0489268 0.0462412 0.0436702 0.0412291 0.0390392 0.0372359 0.0358928 0.0349905 0.0344406 0.0341502 0.034097 0.0343911 0.0353237 0.0374221 0.0415362 0.048982 0.0617745 0.0829942 0.117316 0.171606 0.254891 0.374273 0.511294 0.561827 0.465812 0.345718 0.261377 0.216302 0.204857 0.222741 0.266343 0.327882 0.390555 0.435754 0.460215 0.464279 0.430158 0.353013 0.262319 0.184395 0.126877 0.0877702 0.0627896 0.0480556 0.0406314 0.0383596 0.0395549 0.0427766 0.0468008 0.0508109 0.0546696 0.0590107 0.0649927 0.0737959 0.0860598 0.101417 0.118294 0.134277 0.147138 0.155933 0.16131 0.165042 0.169591 0.17789 0.192802 0.215693 0.244153 0.270269 0.28306 0.276256 0.253077 0.221873 0.189929 0.161222 0.136872 0.11636 0.0986959 0.0831786 0.0696374 0.0582952 0.0495204 0.0436608 0.0409997 0.0417715 0.0461543 0.054173 0.0654939 0.079186 0.0936798 0.107238 0.118955 0.129686 0.14219 0.16058 0.189683 0.234189 0.295821 0.364666 0.406112 0.38197 0.309904 0.234163 0.175507 0.136025 0.111855 0.0986156 0.0929681 0.0928382 0.0971988 0.105659 0.117916 0.133119 0.149304 0.163341 0.171848 0.172866 0.167014 0.157015 0.146003 0.136062 0.127926 0.121775 0.118425 0.120092 0.130443 0.154198 0.196403 0.260602 0.343799 0.427732 0.481626 0.497386 0.4992 0.497727 0.468818 0.392982 0.295679 0.209082 0.144378 0.10005 0.0711863 0.0531304 0.042345 0.0363612 0.0335302 0.0328134 0.0336684 0.0360274 0.0403386 0.0476411 0.0596486 0.0787823 0.107959 0.149585 0.202565 0.256257 0.287139 0.276604 0.23599 0.190732 0.155771 0.134701 0.126235 0.128041 0.138168 0.155456 0.179736 0.21235 0.257449 0.323758 0.423916 0.559379 0.64627 0.542965 0.383018 0.263882 0.189606 0.148583 0.129691 0.123581 0.122317 0.120163 0.115122 0.109063 0.105698 0.108244 0.118206 0.135008 0.155905 0.176404 0.192002 0.200794 0.204743 0.208535 0.217988 0.239888 0.283241 0.361202 0.493387 0.707491 1.00673 0.928604 0.733296 0.657855 0.69836 0.859252 1.06682 0.915997 0.741509 0.634446 0.538173 0.435534 0.350635 0.30178 0.293722 0.326638 0.398964 0.501226 0.601359 0.639361 0.577897 0.457228 0.33645 0.241607 0.175779 0.134934 0.114818 0.112977 0.128864 0.162728 0.212395 0.266411 0.298492 0.285227 0.237146 0.182295 0.136677 0.10334 0.0800262 0.0635458 0.0513086 0.0416254 0.0335701 0.0267235 0.0209327 0.0161403 0.0122906 0.00929603 0.00703776 0.00538095 0.00419103 0.00334572 0.00274187 0.00229814 0.00195478 0.00167146 0.00142396 0.00120014 0.000995836 0.000811179 0.000647822 0.000507143 0.000389398 0.000293562 0.000217579 0.000158769 0.000114231 8.115e-05 5.70004e-05 3.96382e-05 2.73226e-05 1.86892e-05 1.26992e-05 8.58016e-06 5.76955e-06 3.86433e-06 2.58005e-06 1.71835e-06 1.14238e-06 7.58539e-07 5.03333e-07 3.33928e-07 2.21596e-07 1.47145e-07 9.78028e-08 6.50878e-08 4.33803e-08 2.89608e-08 1.93694e-08 1.29793e-08 8.71447e-09 5.86269e-09 3.95196e-09 2.66912e-09 1.80604e-09 1.22418e-09 8.31131e-10 5.65105e-10 3.84727e-10 2.62217e-10 1.78883e-10 1.22122e-10 8.34145e-11 5.69941e-11 3.89468e-11 2.66124e-11 1.81799e-11 1.24142e-11 8.47219e-12 
2.9807e-12 4.26028e-12 6.07659e-12 8.64933e-12 1.22861e-11 1.7417e-11 2.4643e-11 3.48033e-11 4.90703e-11 6.90836e-11 9.71399e-11 1.36465e-10 1.91603e-10 2.6899e-10 3.77777e-10 5.31062e-10 7.47703e-10 1.05504e-09 1.49297e-09 2.12007e-09 3.02296e-09 4.33029e-09 6.23418e-09 9.02259e-09 1.31285e-08 1.92043e-08 2.82346e-08 4.17064e-08 6.18655e-08 9.21026e-08 1.37533e-07 2.05862e-07 3.08688e-07 4.63429e-07 6.96212e-07 1.04616e-06 1.57176e-06 2.36031e-06 3.542e-06 5.31065e-06 7.95471e-06 1.1903e-05 1.77929e-05 2.65713e-05 3.96446e-05 5.91013e-05 8.80416e-05 0.000131066 0.000194997 0.000289944 0.000430876 0.000639938 0.000949864 0.00140903 0.0020889 0.00309506 0.00458346 0.00678407 0.0100346 0.014827 0.0218666 0.0321403 0.0469733 0.068031 0.0971651 0.135885 0.183973 0.236426 0.279112 0.290958 0.263337 0.21236 0.159928 0.117802 0.088931 0.0726137 0.0675353 0.0729273 0.0887667 0.115408 0.152613 0.197711 0.243107 0.275921 0.285485 0.275055 0.260499 0.258003 0.277271 0.319951 0.375108 0.411802 0.394592 0.32941 0.252853 0.188724 0.143393 0.115351 0.100768 0.0954261 0.0951759 0.0961567 0.095284 0.0909262 0.0832274 0.0737053 0.0644137 0.0572712 0.0538653 0.0556533 0.0643737 0.0825696 0.114224 0.165526 0.24564 0.366894 0.542211 0.772104 0.986146 0.9664 0.782733 0.610401 0.47888 0.382349 0.312147 0.261023 0.222961 0.193404 0.16962 0.150323 0.134707 0.121734 0.110112 0.0987183 0.0869663 0.0748815 0.0629332 0.0517743 0.0420073 0.0340372 0.0280317 0.0239656 0.0217066 0.0211062 0.0220782 0.0246608 0.0290629 0.0356907 0.0451438 0.0581654 0.0755326 0.0978727 0.125403 0.157624 0.193101 0.229525 0.263964 0.292978 0.31312 0.323084 0.326139 0.32895 0.335448 0.33972 0.327043 0.289317 0.235691 0.181089 0.134415 0.098224 0.0719353 0.0539568 0.0426094 0.0364595 0.0343948 0.0355858 0.0393985 0.0452908 0.0527123 0.0610202 0.0694206 0.0769468 0.0825043 0.0850592 0.0840186 0.0796261 0.0729878 0.0655929 0.0586885 0.0529366 0.0484487 0.0450221 0.0423827 0.0403332 0.0387912 0.037751 0.03721 0.0371063 0.0372971 0.0375958 0.0378494 0.0380203 0.0382423 0.0388546 0.0404407 0.0439023 0.0505834 0.0624727 0.0825201 0.115079 0.166312 0.24373 0.351292 0.467738 0.50898 0.432529 0.329017 0.253092 0.211923 0.201728 0.218653 0.258706 0.313117 0.363593 0.389641 0.387245 0.364541 0.324193 0.26854 0.207877 0.15345 0.110699 0.0800424 0.0597203 0.0475796 0.0417267 0.0405953 0.0428044 0.0470344 0.0520845 0.0571702 0.0623094 0.0684801 0.0773401 0.0905917 0.109172 0.132357 0.157043 0.178113 0.190875 0.194136 0.190547 0.184188 0.178672 0.176899 0.181073 0.192018 0.207991 0.224132 0.234041 0.233309 0.221889 0.203102 0.181098 0.159078 0.138676 0.120199 0.103338 0.0878489 0.0738486 0.0617207 0.0518912 0.0446813 0.0402831 0.0387932 0.0402332 0.0445185 0.0513832 0.0603229 0.0706617 0.0818478 0.0939481 0.108146 0.127059 0.154933 0.197961 0.264706 0.365254 0.501132 0.612802 0.557377 0.408812 0.284379 0.200488 0.148251 0.117686 0.101386 0.0944261 0.0937431 0.0975713 0.104954 0.115243 0.127511 0.140016 0.150112 0.155061 0.15346 0.146114 0.135475 0.12425 0.114382 0.106917 0.102571 0.102504 0.108971 0.125702 0.158143 0.213513 0.29978 0.419642 0.548159 0.606757 0.568808 0.510613 0.464857 0.414644 0.343513 0.261895 0.188607 0.132254 0.0926353 0.0663277 0.0496606 0.0396722 0.0342158 0.031821 0.0315479 0.0329125 0.0358951 0.0410177 0.0494769 0.0633227 0.0856491 0.12063 0.172792 0.243667 0.32182 0.369331 0.348971 0.28407 0.219023 0.172549 0.145955 0.135408 0.136614 0.146053 0.161393 0.181916 0.209114 0.247417 0.304521 0.388554 0.492066 0.547449 0.474258 0.348307 0.245283 0.177464 0.138136 0.118435 0.11046 0.107671 0.105552 0.102565 0.100154 0.101386 0.109244 0.125439 0.149527 0.177993 0.204059 0.220292 0.223866 0.218989 0.213521 0.214934 0.229702 0.26501 0.330521 0.43813 0.592825 0.742072 0.733885 0.636071 0.585723 0.611453 0.70054 0.775696 0.731765 0.636996 0.554859 0.475147 0.392896 0.32511 0.287338 0.286567 0.326122 0.407313 0.521739 0.630368 0.6582 0.577819 0.448304 0.326165 0.232276 0.167555 0.126995 0.105536 0.0996635 0.107237 0.126371 0.153389 0.180423 0.195844 0.191515 0.170476 0.143027 0.117504 0.0971161 0.081617 0.0695022 0.0593025 0.0500908 0.0415169 0.0336195 0.0265923 0.0206101 0.0157445 0.011954 0.00911344 0.00705418 0.00559766 0.00457809 0.00385468 0.00331695 0.00288536 0.00250886 0.00216019 0.00182962 0.00151825 0.00123202 0.000977283 0.000758288 0.000576242 0.000429561 0.000314665 0.000226904 0.000161343 0.000113312 7.8719e-05 5.41711e-05 3.69743e-05 2.50607e-05 1.68858e-05 1.13219e-05 7.56108e-06 5.03371e-06 3.34325e-06 2.21684e-06 1.46848e-06 9.72342e-07 6.43896e-07 4.26635e-07 2.82952e-07 1.87901e-07 1.24977e-07 8.32737e-08 5.55954e-08 3.71942e-08 2.49373e-08 1.67562e-08 1.12837e-08 7.61483e-09 5.14954e-09 3.48924e-09 2.3686e-09 1.61058e-09 1.0968e-09 7.47909e-10 5.10567e-10 3.48859e-10 2.38532e-10 1.63174e-10 1.11652e-10 7.64024e-11 5.22738e-11 3.57535e-11 2.44418e-11 1.66978e-11 1.13981e-11 
4.08432e-12 5.8458e-12 8.34901e-12 1.18981e-11 1.69188e-11 2.40053e-11 3.39865e-11 4.80166e-11 6.77022e-11 9.52797e-11 1.33864e-10 1.878e-10 2.63165e-10 3.68484e-10 5.15771e-10 7.22046e-10 1.01156e-09 1.4191e-09 1.99492e-09 2.81213e-09 3.9778e-09 5.64981e-09 8.06226e-09 1.15641e-08 1.66774e-08 2.41861e-08 3.52695e-08 5.17045e-08 7.61693e-08 1.12701e-07 1.67381e-07 2.49358e-07 3.72374e-07 5.57041e-07 8.34204e-07 1.24994e-06 1.87295e-06 2.80543e-06 4.19922e-06 6.27952e-06 9.37995e-06 1.39943e-05 2.08529e-05 3.10361e-05 4.61411e-05 6.85302e-05 0.000101698 0.000150815 0.00022353 0.000331161 0.00049044 0.000726103 0.0010747 0.00159021 0.00235241 0.00347919 0.00514491 0.00760738 0.0112469 0.0166209 0.0245366 0.036136 0.0529758 0.0770502 0.110646 0.155799 0.212794 0.276525 0.330011 0.344643 0.307879 0.24308 0.17923 0.129639 0.0965122 0.0782735 0.0731484 0.0804071 0.100627 0.135461 0.186736 0.253946 0.32828 0.385067 0.39531 0.364374 0.327541 0.3121 0.329686 0.381335 0.45375 0.505454 0.482626 0.394899 0.296287 0.216652 0.161961 0.129212 0.113231 0.108663 0.110263 0.113038 0.11292 0.107791 0.0979767 0.0856417 0.0735307 0.0640245 0.0589053 0.0596494 0.0679428 0.0862746 0.118612 0.171195 0.253372 0.377931 0.559033 0.80078 1.0376 1.0185 0.828047 0.657379 0.529203 0.435018 0.365503 0.313017 0.270741 0.233549 0.19942 0.168934 0.143151 0.122124 0.104882 0.0901579 0.0769789 0.0648785 0.0538118 0.0439679 0.0355894 0.0288501 0.0238031 0.0203928 0.0185016 0.0180088 0.0188456 0.0210424 0.0247651 0.0303407 0.0382645 0.0491838 0.0638505 0.0830402 0.107433 0.137441 0.17293 0.212642 0.253061 0.28736 0.307182 0.308848 0.297412 0.282065 0.268483 0.255362 0.236916 0.209364 0.174915 0.139199 0.106987 0.0806608 0.060733 0.0467337 0.0378282 0.0331544 0.0319671 0.033667 0.0377654 0.0438194 0.0513579 0.0598088 0.0684356 0.0762932 0.0822488 0.0851685 0.0843336 0.0798929 0.0729298 0.0649898 0.0574352 0.0510737 0.0461598 0.0425973 0.0401594 0.0386329 0.0378721 0.0377804 0.0382561 0.0391373 0.0401877 0.0411425 0.0417995 0.0421087 0.0422218 0.0425082 0.0435743 0.0463126 0.0519858 0.0623517 0.0798367 0.107706 0.149951 0.209931 0.285263 0.355905 0.380408 0.343132 0.281266 0.229542 0.199646 0.192421 0.20594 0.236578 0.27626 0.310259 0.323477 0.312883 0.286135 0.250081 0.208761 0.16667 0.128476 0.0971292 0.0735002 0.0571607 0.04717 0.0424897 0.0420898 0.0449026 0.0497866 0.0556592 0.0618735 0.0686887 0.0774984 0.0905876 0.110478 0.138923 0.175329 0.214564 0.246164 0.259495 0.253009 0.234749 0.213756 0.19534 0.182094 0.175524 0.176202 0.18311 0.193328 0.202704 0.207343 0.204965 0.195448 0.180563 0.162973 0.144902 0.12743 0.110776 0.0949954 0.0803753 0.0673876 0.0564753 0.0479304 0.0418948 0.0384105 0.0374535 0.0389364 0.0426955 0.0485028 0.0561531 0.0656627 0.0775705 0.0932889 0.11548 0.148542 0.199456 0.279335 0.406037 0.606345 0.875588 0.724726 0.474011 0.312772 0.214102 0.155489 0.122262 0.105111 0.0981526 0.0976651 0.101331 0.107759 0.116078 0.125435 0.134464 0.141117 0.14328 0.139922 0.131805 0.12104 0.109988 0.100465 0.0936424 0.0904575 0.0922281 0.101241 0.121288 0.158255 0.220823 0.320862 0.470153 0.652769 0.722373 0.610176 0.492208 0.409757 0.344503 0.280216 0.216178 0.159397 0.114536 0.0819561 0.0597094 0.0453249 0.0366213 0.0319227 0.0300344 0.0301742 0.0319425 0.035358 0.0409597 0.0499732 0.064538 0.0879696 0.124911 0.18078 0.25851 0.347272 0.403034 0.378173 0.303041 0.231256 0.182304 0.156183 0.147882 0.151923 0.163368 0.178396 0.195167 0.214515 0.239918 0.27626 0.325581 0.376515 0.394467 0.352769 0.277266 0.205973 0.153976 0.121378 0.103554 0.0952253 0.0918097 0.0902298 0.0895534 0.0910035 0.0971695 0.110898 0.134223 0.167067 0.20533 0.239507 0.257918 0.255962 0.240668 0.223746 0.214327 0.218198 0.239965 0.284275 0.353763 0.440277 0.510147 0.522231 0.493846 0.475177 0.489602 0.528472 0.55643 0.542252 0.497652 0.444709 0.388164 0.331479 0.285754 0.262546 0.269808 0.31358 0.398769 0.522399 0.646636 0.669891 0.563672 0.42367 0.304127 0.21583 0.155664 0.117645 0.0964242 0.0880789 0.089821 0.0992 0.11306 0.126835 0.135309 0.135256 0.127573 0.116098 0.104513 0.0945505 0.0861275 0.0782973 0.0701418 0.0612647 0.0518592 0.0424894 0.0337889 0.0262364 0.020066 0.0152867 0.0117528 0.00924053 0.00750559 0.00631882 0.0054853 0.00485304 0.00431541 0.00380884 0.00330603 0.00280581 0.00232167 0.0018716 0.00147088 0.00112863 0.000847191 0.000623446 0.000450756 0.000320856 0.000225294 0.000156328 0.00010737 7.31034e-05 4.94065e-05 3.31862e-05 2.21793e-05 1.47638e-05 9.79758e-06 6.48752e-06 4.28959e-06 2.83422e-06 1.87243e-06 1.23757e-06 8.18716e-07 5.42343e-07 3.59862e-07 2.39242e-07 1.59392e-07 1.06436e-07 7.12425e-08 4.78016e-08 3.21512e-08 2.16764e-08 1.4648e-08 9.92036e-09 6.73249e-09 4.57777e-09 3.11807e-09 2.12708e-09 1.45297e-09 9.93597e-10 6.80054e-10 4.65754e-10 3.19117e-10 2.18689e-10 1.49862e-10 1.02673e-10 7.0313e-11 4.8123e-11 3.29107e-11 2.24867e-11 1.53483e-11 
5.58906e-12 8.01195e-12 1.146e-11 1.63552e-11 2.32878e-11 3.30819e-11 4.68856e-11 6.62949e-11 9.35254e-11 1.31651e-10 1.84932e-10 2.59281e-10 3.62906e-10 5.07238e-10 7.08235e-10 9.88283e-10 1.37894e-09 1.92499e-09 2.69039e-09 3.76719e-09 5.28884e-09 7.45027e-09 1.05381e-08 1.49766e-08 2.13967e-08 3.07413e-08 4.44231e-08 6.45648e-08 9.43582e-08 1.38606e-07 2.04531e-07 3.02983e-07 4.50243e-07 6.70681e-07 1.00071e-06 1.4946e-06 2.23306e-06 3.33576e-06 4.97985e-06 7.42694e-06 1.10628e-05 1.64552e-05 2.44397e-05 3.62445e-05 5.36754e-05 7.93883e-05 0.000117292 0.000173141 0.000255416 0.000376618 0.000555176 0.000818255 0.00120587 0.00177696 0.00261826 0.00385743 0.00568238 0.00836955 0.0123249 0.0181412 0.0266736 0.039127 0.0571319 0.0827425 0.118224 0.16537 0.223863 0.287717 0.339568 0.351932 0.313643 0.2478 0.182942 0.132476 0.0988079 0.0805238 0.0760534 0.0850562 0.108902 0.150818 0.21563 0.307858 0.423217 0.523124 0.531783 0.460216 0.388852 0.354896 0.365255 0.415756 0.488238 0.538159 0.513464 0.422762 0.318476 0.232926 0.174091 0.139482 0.123696 0.120831 0.12484 0.129704 0.130378 0.124294 0.112089 0.0967112 0.0816616 0.0697572 0.0628953 0.0624621 0.069935 0.087481 0.118538 0.16838 0.244487 0.355902 0.509162 0.694008 0.84845 0.868216 0.776649 0.666255 0.570788 0.493565 0.432328 0.382813 0.338052 0.29178 0.243434 0.197467 0.158228 0.127107 0.103106 0.0843856 0.0692992 0.0567548 0.0461687 0.0372898 0.0300286 0.0243381 0.0201507 0.017365 0.0158621 0.0155382 0.0163394 0.0182963 0.0215545 0.0264017 0.0332864 0.0428283 0.0558211 0.0732302 0.0961836 0.125911 0.163449 0.208645 0.25776 0.300337 0.321075 0.312636 0.284418 0.251651 0.223034 0.199391 0.177598 0.154763 0.130413 0.106103 0.0838621 0.0651323 0.0505357 0.0400722 0.0333993 0.0300511 0.0295665 0.0315376 0.035605 0.0414221 0.0486029 0.056663 0.0649561 0.0726212 0.0785916 0.081769 0.0814171 0.0775896 0.0712175 0.0637128 0.0563968 0.0501404 0.0453179 0.041947 0.0398632 0.0388525 0.0387204 0.0393023 0.0404312 0.0418922 0.0434066 0.0446769 0.0454829 0.0457751 0.0457192 0.0456963 0.0463044 0.048381 0.0530394 0.0617022 0.0761196 0.098297 0.130075 0.171758 0.219024 0.259259 0.275196 0.26156 0.232086 0.203923 0.186428 0.182389 0.191417 0.210874 0.234831 0.253872 0.259249 0.249009 0.227631 0.200371 0.170657 0.140929 0.11333 0.0895301 0.070504 0.0565876 0.0476621 0.0433162 0.042931 0.0457039 0.0506943 0.05702 0.0642711 0.0730122 0.0850779 0.103464 0.131855 0.173706 0.230067 0.294582 0.347243 0.362251 0.337384 0.29517 0.253953 0.219971 0.194243 0.177197 0.169249 0.170004 0.17768 0.189073 0.199853 0.205378 0.202433 0.191106 0.174499 0.156185 0.138208 0.121101 0.104894 0.0897613 0.0760568 0.0641292 0.0542251 0.0464984 0.0410403 0.0378867 0.0370173 0.0383645 0.0418551 0.0475 0.0555465 0.0666924 0.0823539 0.104992 0.138556 0.189157 0.266084 0.382475 0.549114 0.709855 0.630231 0.441823 0.30023 0.209394 0.154684 0.123928 0.108689 0.103292 0.103884 0.107844 0.113491 0.119853 0.126286 0.131925 0.135402 0.135213 0.130596 0.122138 0.111533 0.100794 0.0916037 0.0851677 0.0825043 0.0849339 0.0946013 0.114987 0.151458 0.211829 0.306334 0.443248 0.601282 0.655206 0.552137 0.433197 0.344665 0.278286 0.222357 0.17257 0.129839 0.095688 0.0702209 0.052345 0.0405238 0.0332842 0.0294204 0.028032 0.0285104 0.0305427 0.0341623 0.0398555 0.0487263 0.0627031 0.0847383 0.118812 0.169133 0.236775 0.310372 0.354967 0.337728 0.279605 0.221539 0.182267 0.164005 0.163216 0.174609 0.192129 0.210025 0.224664 0.235698 0.245602 0.257882 0.273583 0.286427 0.282682 0.253942 0.208883 0.163433 0.127381 0.102989 0.0885545 0.0811288 0.0779304 0.0771577 0.0784777 0.083085 0.0932991 0.111881 0.141119 0.181302 0.228049 0.269727 0.290783 0.284698 0.26079 0.233822 0.214027 0.206512 0.213824 0.23717 0.275076 0.319781 0.355777 0.370185 0.368313 0.3675 0.378339 0.397004 0.409197 0.40318 0.380019 0.347125 0.309893 0.273516 0.245515 0.233999 0.246035 0.287895 0.364653 0.473798 0.581082 0.597142 0.499719 0.375053 0.270562 0.194042 0.141874 0.10856 0.0892357 0.0801652 0.0785617 0.0821524 0.088694 0.095736 0.100973 0.103115 0.102455 0.100387 0.0982325 0.096369 0.0941464 0.0904197 0.0842779 0.0755624 0.0649409 0.0535802 0.0426779 0.0331132 0.0253252 0.0193716 0.0150627 0.0120893 0.0101113 0.00880908 0.00790969 0.00720086 0.00653799 0.00584363 0.00509802 0.00432165 0.00355458 0.00283828 0.00220407 0.00166858 0.00123476 0.000895561 0.000638264 0.000448046 0.000310452 0.000212742 0.000144428 9.72885e-05 6.51169e-05 4.33606e-05 2.87582e-05 1.90171e-05 1.25503e-05 8.2728e-06 5.45099e-06 3.59263e-06 2.36983e-06 1.56533e-06 1.03576e-06 6.86775e-07 4.56442e-07 3.04123e-07 2.03168e-07 1.36091e-07 9.14047e-08 6.15545e-08 4.15594e-08 2.81285e-08 1.90824e-08 1.29735e-08 8.8376e-09 6.03088e-09 4.12191e-09 2.82089e-09 1.9326e-09 1.32513e-09 9.09134e-10 6.23947e-10 4.28267e-10 2.93921e-10 2.01652e-10 1.38276e-10 9.47503e-11 6.48685e-11 4.43652e-11 3.03074e-11 2.06779e-11 
7.63591e-12 1.09645e-11 1.57093e-11 2.24561e-11 3.20252e-11 4.55618e-11 6.46612e-11 9.15396e-11 1.29269e-10 1.821e-10 2.55907e-10 3.58803e-10 5.01993e-10 7.00966e-10 9.77179e-10 1.36045e-09 1.89237e-09 2.63133e-09 3.65971e-09 5.09471e-09 7.10429e-09 9.93106e-09 1.39283e-08 1.96142e-08 2.77537e-08 3.94827e-08 5.64954e-08 8.13266e-08 1.17778e-07 1.71555e-07 2.51227e-07 3.69647e-07 5.46077e-07 8.09317e-07 1.20233e-06 1.78903e-06 2.66425e-06 3.96823e-06 5.90781e-06 8.78721e-06 1.30527e-05 1.93579e-05 2.8658e-05 4.23483e-05 6.24657e-05 9.19853e-05 0.000135255 0.000198636 0.000291448 0.000427356 0.000626414 0.000918043 0.00134539 0.00197163 0.00288912 0.00423261 0.00619832 0.00907121 0.0132635 0.0193674 0.0282213 0.0409808 0.0591616 0.0845739 0.118989 0.163282 0.215712 0.269166 0.308542 0.314799 0.282169 0.227143 0.171197 0.126276 0.0957065 0.0791518 0.0758143 0.0859396 0.111536 0.156874 0.228882 0.336511 0.483533 0.629055 0.634536 0.520276 0.422023 0.374846 0.377527 0.42052 0.48204 0.52081 0.496763 0.415536 0.318058 0.235343 0.177753 0.144368 0.130426 0.130102 0.136944 0.144099 0.145596 0.138475 0.123824 0.105497 0.087749 0.0737439 0.0653901 0.0638941 0.070432 0.0867045 0.115353 0.160215 0.226177 0.317905 0.435785 0.567086 0.677288 0.728103 0.720279 0.681212 0.628466 0.571433 0.5187 0.472976 0.426326 0.368261 0.300093 0.233411 0.177476 0.134713 0.103341 0.0803988 0.0632767 0.050135 0.0398279 0.0316896 0.025336 0.0205278 0.0170892 0.0148724 0.0137509 0.0136315 0.0144739 0.0163163 0.019302 0.023708 0.0299724 0.0387225 0.0508066 0.0673392 0.0897599 0.119857 0.159535 0.20969 0.266962 0.318155 0.340511 0.322216 0.27849 0.231592 0.192578 0.162643 0.138992 0.118592 0.0997445 0.0821666 0.0663543 0.0529363 0.0423236 0.0346331 0.0297549 0.0274555 0.0274605 0.0294993 0.0333135 0.0386391 0.0451723 0.0525206 0.0601455 0.0673107 0.0730897 0.0765148 0.076902 0.0742033 0.0691039 0.0627523 0.0563252 0.0507076 0.0463863 0.0434964 0.0419294 0.0414488 0.0417868 0.0427033 0.043993 0.0454506 0.0468383 0.0479058 0.0484711 0.0485093 0.0481954 0.0479015 0.0481892 0.0498139 0.0537187 0.0609928 0.0727777 0.0900795 0.113361 0.141713 0.17163 0.196525 0.209396 0.208345 0.198424 0.18704 0.179403 0.177793 0.182491 0.192136 0.203441 0.211559 0.212273 0.204543 0.190389 0.172463 0.152481 0.131425 0.110285 0.0903564 0.0730206 0.0593566 0.0499214 0.0447547 0.0434952 0.0455074 0.0500231 0.056387 0.0644658 0.0751279 0.0905842 0.114471 0.151742 0.208265 0.288976 0.39042 0.481082 0.499163 0.440836 0.364254 0.299483 0.249392 0.211351 0.184479 0.169278 0.165961 0.173523 0.189171 0.207618 0.221189 0.222915 0.211581 0.192249 0.1711 0.15144 0.133816 0.117755 0.10286 0.0890127 0.0762866 0.0648929 0.0551451 0.0473712 0.041818 0.0386083 0.0377622 0.039268 0.043184 0.0497705 0.0596522 0.0740089 0.094784 0.124891 0.168343 0.229916 0.312663 0.407581 0.469973 0.440137 0.347399 0.256012 0.18913 0.14657 0.122657 0.11175 0.109295 0.111757 0.116458 0.121586 0.126211 0.13001 0.132678 0.133471 0.131354 0.125687 0.116833 0.106139 0.09537 0.0861242 0.0796142 0.076843 0.0789956 0.0878667 0.106226 0.138055 0.188424 0.261993 0.356852 0.447601 0.476414 0.425353 0.346908 0.276946 0.220937 0.175145 0.136583 0.104439 0.0787309 0.0592242 0.0452169 0.0357596 0.0298975 0.0268065 0.0258419 0.0265505 0.028691 0.0322849 0.0377114 0.0458409 0.0581773 0.0769228 0.104754 0.143789 0.192757 0.241815 0.270588 0.263827 0.231664 0.196994 0.174664 0.16941 0.180414 0.203592 0.232097 0.257778 0.274351 0.27939 0.274057 0.262439 0.249041 0.234611 0.21564 0.18943 0.158496 0.128585 0.104203 0.0869094 0.0760812 0.0701682 0.067649 0.0676576 0.0703469 0.0769684 0.0896698 0.111045 0.143329 0.186802 0.236961 0.281717 0.304711 0.298602 0.272305 0.24059 0.213828 0.197006 0.191967 0.198707 0.215158 0.236399 0.25548 0.267632 0.274386 0.281475 0.29247 0.305059 0.312678 0.309877 0.296248 0.275186 0.250947 0.228019 0.211562 0.207065 0.219706 0.253841 0.311396 0.385976 0.45003 0.456276 0.394864 0.308284 0.230024 0.170296 0.128665 0.101697 0.0856681 0.0773763 0.0743116 0.0745998 0.0768366 0.0799358 0.0831333 0.086144 0.0892182 0.092856 0.097258 0.101856 0.105246 0.105638 0.101653 0.0930326 0.0808227 0.0669043 0.0532225 0.04119 0.0314986 0.0242433 0.0191546 0.0157988 0.0137034 0.0124218 0.0115671 0.0108361 0.0100277 0.00905049 0.0079093 0.00667356 0.00543752 0.00428692 0.00328017 0.00244415 0.00177957 0.00127016 0.000891301 0.000616523 0.000421341 0.000285077 0.0001913 0.000127521 8.45633e-05 5.5856e-05 3.67912e-05 2.4191e-05 1.58929e-05 1.04411e-05 6.86436e-06 4.51886e-06 2.98028e-06 1.96999e-06 1.30552e-06 8.67598e-07 5.78264e-07 3.86578e-07 2.59213e-07 1.74326e-07 1.17575e-07 7.95181e-08 5.39193e-08 3.66499e-08 2.49671e-08 1.70425e-08 1.16539e-08 7.9814e-09 5.47323e-09 3.75712e-09 2.58108e-09 1.77406e-09 1.21969e-09 8.38567e-10 5.76408e-10 3.96034e-10 2.71929e-10 1.8656e-10 1.27865e-10 8.75359e-11 5.98506e-11 4.08649e-11 2.78607e-11 
1.04134e-11 1.49789e-11 2.14991e-11 3.0787e-11 4.39832e-11 6.26815e-11 8.91036e-11 1.26336e-10 1.78655e-10 2.5197e-10 3.54432e-10 4.97261e-10 6.95886e-10 9.7152e-10 1.35334e-09 1.88157e-09 2.61178e-09 3.62108e-09 5.01708e-09 6.95092e-09 9.63644e-09 1.33788e-08 1.8617e-08 2.59882e-08 3.64244e-08 5.12981e-08 7.26435e-08 1.03489e-07 1.48357e-07 2.14021e-07 3.10627e-07 4.53376e-07 6.65019e-07 9.79537e-07 1.44757e-06 2.14436e-06 3.18131e-06 4.72284e-06 7.01071e-06 1.03991e-05 1.54053e-05 2.27826e-05 3.36248e-05 4.95183e-05 7.27607e-05 0.00010668 0.0001561 0.000228022 0.000332625 0.000484735 0.000705976 0.0010279 0.0014965 0.00217869 0.00317142 0.00461453 0.00670846 0.00973839 0.0141065 0.0203726 0.0293007 0.0418973 0.0594052 0.0831675 0.114212 0.152353 0.194742 0.234318 0.259883 0.260711 0.235261 0.193897 0.15045 0.114138 0.0886877 0.0748486 0.0726841 0.0829283 0.107753 0.151278 0.219792 0.320539 0.453459 0.577419 0.586487 0.495001 0.409198 0.365481 0.365545 0.401027 0.451984 0.482557 0.459421 0.387131 0.299851 0.224946 0.172647 0.142989 0.13211 0.134718 0.144393 0.153746 0.156028 0.14797 0.131208 0.110512 0.0907788 0.0753618 0.0660759 0.0639108 0.0697472 0.0848456 0.111101 0.151057 0.20754 0.282607 0.375337 0.478766 0.57925 0.663014 0.722252 0.747825 0.730249 0.679815 0.623041 0.575071 0.525107 0.452392 0.359781 0.269539 0.196265 0.142237 0.104061 0.077337 0.0584169 0.0447347 0.0346342 0.0270919 0.0214808 0.0174066 0.0146055 0.0128903 0.0121258 0.0122263 0.0131648 0.0149923 0.0178621 0.0220589 0.0280298 0.0364165 0.048093 0.0642154 0.086285 0.116181 0.155952 0.206709 0.265227 0.317621 0.338788 0.315487 0.265254 0.212817 0.16995 0.137975 0.11424 0.0956718 0.0801123 0.0665153 0.0546392 0.0446257 0.0366805 0.0309126 0.0273007 0.0257245 0.0260126 0.0279776 0.0314312 0.0361776 0.0419893 0.0485674 0.0554886 0.0621599 0.0678214 0.0716584 0.0730417 0.071796 0.0683178 0.0634526 0.0582166 0.0535198 0.0499807 0.0478511 0.0470371 0.0471987 0.0479036 0.0487808 0.0496046 0.0502718 0.0507168 0.0508601 0.0506389 0.0500827 0.0493669 0.0488277 0.0489639 0.0504343 0.054025 0.0605563 0.0707271 0.0849017 0.102843 0.123406 0.144323 0.162487 0.175181 0.181698 0.18362 0.183369 0.182769 0.182801 0.183902 0.185975 0.188148 0.188929 0.187046 0.182284 0.175269 0.166358 0.154973 0.14019 0.122034 0.102103 0.0829116 0.066697 0.054745 0.0473899 0.0443262 0.0449245 0.0484903 0.0545421 0.0631755 0.0754749 0.0938533 0.122276 0.166455 0.233995 0.333511 0.467661 0.601374 0.623276 0.52687 0.420692 0.338616 0.276578 0.228626 0.193567 0.172571 0.166554 0.175149 0.195911 0.222642 0.244302 0.249364 0.235486 0.211173 0.186226 0.165261 0.148487 0.134434 0.121548 0.108716 0.0954777 0.0821225 0.0694741 0.0584663 0.049798 0.0438267 0.0406421 0.0402042 0.0424829 0.047587 0.0558899 0.0681531 0.0856195 0.110005 0.143225 0.186469 0.237734 0.286998 0.313466 0.299928 0.25545 0.204333 0.162585 0.134804 0.119829 0.114657 0.116017 0.120863 0.126625 0.131527 0.134816 0.136568 0.137004 0.135842 0.132263 0.125562 0.11589 0.104427 0.0929056 0.082961 0.0758182 0.0723939 0.0736311 0.0808405 0.0959043 0.121214 0.159069 0.209845 0.267894 0.316375 0.332047 0.308581 0.263691 0.216216 0.174181 0.138709 0.109055 0.0846101 0.0650452 0.0500166 0.0390276 0.0314724 0.0267344 0.0242604 0.0235981 0.024414 0.0265156 0.0298944 0.0347994 0.0418299 0.0520083 0.0667407 0.0874877 0.114859 0.146872 0.177024 0.195354 0.195819 0.183212 0.169162 0.163738 0.17242 0.196694 0.234195 0.27805 0.318121 0.344917 0.351164 0.332943 0.295917 0.253282 0.214451 0.181265 0.15218 0.126378 0.104505 0.0874413 0.0753456 0.0675992 0.06324 0.0614565 0.0619747 0.065289 0.0727128 0.0862404 0.108185 0.140425 0.182907 0.231211 0.274604 0.299163 0.29786 0.276245 0.245821 0.216112 0.192664 0.177968 0.172418 0.174702 0.182071 0.19123 0.200038 0.208675 0.218703 0.2306 0.242138 0.249191 0.248495 0.239846 0.225762 0.209731 0.195241 0.185799 0.184972 0.195986 0.220863 0.258671 0.302111 0.334089 0.334123 0.298639 0.245121 0.192347 0.149645 0.119047 0.0991723 0.0874338 0.0810784 0.0777779 0.0759933 0.0750545 0.0749452 0.0759916 0.0786475 0.0833617 0.0903817 0.0994292 0.109361 0.118067 0.122867 0.121467 0.113092 0.0990221 0.0820161 0.0650264 0.0501636 0.0384098 0.0298676 0.0241434 0.0206389 0.01871 0.0177362 0.0171599 0.0165305 0.0155556 0.0141311 0.0123242 0.0103097 0.00828989 0.00643093 0.00483414 0.00353673 0.00252883 0.0017737 0.00122431 0.000834009 0.000562037 0.000375477 0.000249127 0.000164426 0.000108108 7.08976e-05 4.64287e-05 3.03922e-05 1.99043e-05 1.30519e-05 8.57479e-06 5.64711e-06 3.72955e-06 2.47082e-06 1.64232e-06 1.09534e-06 7.33019e-07 4.92191e-07 3.31557e-07 2.24038e-07 1.51828e-07 1.03171e-07 7.02818e-08 4.79858e-08 3.2829e-08 2.24994e-08 1.54431e-08 1.0613e-08 7.30058e-09 5.0255e-09 3.46088e-09 2.38376e-09 1.64172e-09 1.1303e-09 7.77759e-10 5.34767e-10 3.67342e-10 2.52052e-10 1.72726e-10 1.182e-10 8.07653e-11 5.50985e-11 3.75259e-11 
1.41729e-11 2.04234e-11 2.93674e-11 4.21333e-11 6.03064e-11 8.61061e-11 1.22629e-10 1.74184e-10 2.46738e-10 3.48543e-10 4.90962e-10 6.89612e-10 9.65907e-10 1.34917e-09 1.8795e-09 2.6118e-09 3.62128e-09 5.01128e-09 6.92437e-09 9.55826e-09 1.3189e-08 1.82053e-08 2.51586e-08 3.48395e-08 4.83908e-08 6.74789e-08 9.45525e-08 1.33233e-07 1.889e-07 2.69579e-07 3.87262e-07 5.59882e-07 8.14242e-07 1.19035e-06 1.74777e-06 2.57493e-06 3.80261e-06 5.62351e-06 8.3203e-06 1.23059e-05 1.81807e-05 2.68147e-05 3.94637e-05 5.7935e-05 8.4825e-05 0.00012386 0.000180389 0.000262104 0.000380083 0.000550335 0.000796038 0.0011508 0.00166335 0.00240407 0.00347418 0.00501786 0.0072382 0.010417 0.0149381 0.0213115 0.0301928 0.0423808 0.0587606 0.0801228 0.106752 0.137691 0.169792 0.197204 0.212514 0.210235 0.190738 0.160539 0.128194 0.100209 0.0799966 0.0688913 0.067528 0.0768467 0.0986918 0.136046 0.192608 0.270458 0.362451 0.437848 0.451819 0.409686 0.359467 0.331129 0.332735 0.360742 0.400151 0.422521 0.401246 0.340131 0.266807 0.203666 0.159624 0.135332 0.127975 0.133125 0.144818 0.155629 0.158449 0.149898 0.13206 0.110327 0.0899185 0.0741866 0.0648021 0.0625859 0.0682325 0.0827321 0.107504 0.144262 0.194636 0.259643 0.339368 0.433369 0.542076 0.666791 0.799085 0.894753 0.893612 0.815121 0.726774 0.660883 0.601366 0.514208 0.401557 0.293789 0.208332 0.146549 0.1037 0.0743865 0.0542665 0.0402807 0.0304137 0.0233848 0.0183912 0.0149257 0.0126609 0.0113798 0.0109406 0.0112638 0.0123356 0.0142232 0.017098 0.0212636 0.0271847 0.0355118 0.0471006 0.0630237 0.0845698 0.113189 0.150209 0.195783 0.24607 0.288746 0.304105 0.282656 0.238083 0.190578 0.150933 0.121127 0.0992729 0.0827344 0.0694324 0.0581682 0.0484841 0.0403568 0.033913 0.0292514 0.0263766 0.0252055 0.0256038 0.0274212 0.0305118 0.0347353 0.0399382 0.0459161 0.052363 0.0588242 0.0646874 0.0692513 0.0718881 0.0722534 0.0704484 0.0670515 0.0629895 0.059282 0.0567438 0.0557495 0.0561383 0.0572996 0.0584362 0.0589114 0.0584909 0.0573284 0.0557445 0.0540098 0.0522805 0.050664 0.0493134 0.0484905 0.0485994 0.0501915 0.0539194 0.060415 0.070098 0.0829606 0.0984226 0.115367 0.132412 0.148324 0.162389 0.174454 0.184527 0.192267 0.197015 0.198407 0.19683 0.193292 0.188975 0.184943 0.182109 0.181187 0.182176 0.183434 0.181276 0.171511 0.152694 0.127768 0.101948 0.0795378 0.0626521 0.0516361 0.0459109 0.0446031 0.0469232 0.0524399 0.0613626 0.0748474 0.0952728 0.126463 0.173875 0.244599 0.346061 0.47852 0.605868 0.62943 0.543175 0.441806 0.359201 0.293336 0.240021 0.199761 0.174918 0.167054 0.176235 0.200317 0.232668 0.259945 0.267077 0.251033 0.223526 0.197383 0.1782 0.165783 0.157421 0.149727 0.139737 0.126042 0.109363 0.0918506 0.0757544 0.0625761 0.0529704 0.0470172 0.0445234 0.0452328 0.0489584 0.0556794 0.0656214 0.0792954 0.0974098 0.120517 0.148216 0.177811 0.202999 0.214964 0.208299 0.186793 0.160442 0.137932 0.123406 0.117355 0.118285 0.123813 0.13129 0.138306 0.14323 0.145586 0.145872 0.14476 0.142258 0.137535 0.129655 0.118585 0.105556 0.0925039 0.0812355 0.0730003 0.0685787 0.0686132 0.0739053 0.0855182 0.104576 0.131608 0.165244 0.200404 0.227621 0.236921 0.22552 0.199853 0.168985 0.138932 0.112179 0.0893202 0.070317 0.0549807 0.0430489 0.0341811 0.0279813 0.0240425 0.0219866 0.0214899 0.0222988 0.0242481 0.0272932 0.0315603 0.0374054 0.0454398 0.0564515 0.071114 0.0893876 0.109689 0.128432 0.141189 0.145841 0.145013 0.144902 0.152159 0.171963 0.207283 0.25777 0.318288 0.379745 0.431449 0.455516 0.428745 0.35854 0.280059 0.215178 0.167363 0.133023 0.108171 0.0901912 0.077519 0.0690084 0.0636386 0.06056 0.0592869 0.0598878 0.0630895 0.0702651 0.0832893 0.104204 0.13454 0.174061 0.218976 0.260842 0.288832 0.295881 0.282941 0.256911 0.22606 0.19709 0.174125 0.158818 0.150918 0.148977 0.15121 0.156348 0.164025 0.174239 0.186196 0.197525 0.204872 0.205809 0.200425 0.19103 0.180618 0.171892 0.167273 0.169043 0.178952 0.197307 0.221783 0.246284 0.261231 0.257892 0.235319 0.201385 0.166243 0.136791 0.115766 0.102903 0.0961597 0.0927017 0.0899102 0.0863288 0.0820251 0.078138 0.0760848 0.0770253 0.0816881 0.0903093 0.102456 0.116715 0.130455 0.140032 0.141842 0.134083 0.118078 0.0976728 0.0771193 0.0593644 0.0456779 0.036124 0.0301512 0.0269775 0.0257605 0.0256468 0.0258095 0.0255391 0.024376 0.0222074 0.0192459 0.0158911 0.0125563 0.00954846 0.00702952 0.00503755 0.00353112 0.00243104 0.00164954 0.00110634 0.000735262 0.000485212 0.000318527 0.000208342 0.000135968 8.86478e-05 5.78027e-05 3.77309e-05 2.46758e-05 1.61794e-05 1.06415e-05 7.02364e-06 4.65313e-06 3.09462e-06 2.06613e-06 1.38473e-06 9.31469e-07 6.28767e-07 4.25828e-07 2.89266e-07 1.97047e-07 1.34568e-07 9.21073e-08 6.31704e-08 4.3399e-08 2.98589e-08 2.05671e-08 1.41793e-08 9.78135e-09 6.74966e-09 4.65787e-09 3.21368e-09 2.21626e-09 1.52736e-09 1.05165e-09 7.23324e-10 4.96876e-10 3.40843e-10 2.33451e-10 1.59635e-10 1.08972e-10 7.42545e-11 5.05051e-11 
1.92488e-11 2.7788e-11 4.00319e-11 5.75444e-11 8.25271e-11 1.18069e-10 1.68489e-10 2.39803e-10 3.40358e-10 4.81699e-10 6.79734e-10 9.56305e-10 1.34132e-09 1.87562e-09 2.61486e-09 3.6348e-09 5.03852e-09 6.96645e-09 9.61026e-09 1.32327e-08 1.81956e-08 2.50013e-08 3.43523e-08 4.72406e-08 6.50808e-08 8.99101e-08 1.24689e-07 1.73757e-07 2.43517e-07 3.43466e-07 4.87744e-07 6.97441e-07 1.00403e-06 1.45446e-06 2.11855e-06 3.09996e-06 4.55186e-06 6.69975e-06 9.8739e-06 1.45557e-05 2.14429e-05 3.15421e-05 4.6298e-05 6.77758e-05 9.89174e-05 0.000143905 0.000208679 0.00030169 0.000434981 0.000625785 0.000898853 0.00128984 0.00185016 0.0026538 0.00380648 0.00545756 0.00781435 0.0111578 0.0158564 0.022373 0.0312542 0.0430866 0.0583957 0.0774511 0.0999352 0.124471 0.148178 0.166725 0.175506 0.1718 0.156523 0.133936 0.109515 0.0878257 0.0717172 0.0626671 0.0615272 0.0691758 0.086889 0.116313 0.158735 0.212983 0.271413 0.317058 0.33265 0.319853 0.297793 0.284095 0.287022 0.305997 0.330984 0.342824 0.324526 0.278567 0.223213 0.174717 0.140624 0.122304 0.118093 0.124585 0.136632 0.14742 0.150266 0.142031 0.124885 0.104142 0.0848381 0.0701447 0.061622 0.0600484 0.0661062 0.0807487 0.105259 0.141015 0.189047 0.249823 0.324179 0.416154 0.536528 0.703076 0.92677 1.13467 1.10572 0.940091 0.793482 0.694345 0.616509 0.521175 0.405878 0.296492 0.209144 0.145482 0.101156 0.070931 0.050442 0.0365107 0.026977 0.0204298 0.0159659 0.0130108 0.0111975 0.010291 0.0101458 0.0106889 0.0119193 0.0139226 0.0168932 0.0211616 0.0272166 0.0357147 0.0474634 0.0633664 0.0843157 0.111002 0.143549 0.180692 0.218116 0.246677 0.25472 0.237756 0.204264 0.167369 0.13541 0.110731 0.092326 0.0781872 0.0665812 0.0565113 0.0476712 0.0401602 0.0341867 0.0298857 0.0272623 0.0262166 0.0265969 0.0282489 0.0310463 0.0348969 0.0397232 0.0454186 0.0517876 0.0584876 0.0649992 0.0706571 0.0747574 0.0767432 0.0764381 0.0742389 0.0711218 0.0683732 0.0671271 0.0679122 0.0703861 0.0733824 0.0753561 0.0751252 0.0724616 0.0680672 0.0630136 0.0581772 0.0540336 0.0507612 0.0484363 0.0471873 0.0472795 0.0491378 0.0532969 0.0602627 0.070294 0.0831734 0.0981194 0.114023 0.129996 0.145859 0.162034 0.178791 0.195364 0.209691 0.219228 0.222347 0.219214 0.211712 0.202823 0.195858 0.193772 0.198548 0.210328 0.225807 0.236722 0.232276 0.207874 0.170355 0.13114 0.0979749 0.0735315 0.0574896 0.0484567 0.0449773 0.0459591 0.0508724 0.0599099 0.0741604 0.0957753 0.12808 0.175513 0.242971 0.333231 0.439251 0.529338 0.552676 0.504809 0.430733 0.35895 0.29552 0.241507 0.19974 0.1734 0.16424 0.172321 0.195488 0.227172 0.25424 0.261972 0.247644 0.223242 0.202087 0.190386 0.188115 0.191489 0.194305 0.189919 0.174964 0.151594 0.125237 0.10077 0.0808576 0.0663197 0.0569881 0.0523132 0.0516538 0.0543854 0.0599535 0.0679396 0.0781326 0.0905123 0.105013 0.12101 0.136704 0.148916 0.154112 0.150698 0.140689 0.128692 0.11926 0.115127 0.116949 0.123778 0.133617 0.143978 0.152509 0.157688 0.159287 0.158201 0.155553 0.151629 0.145542 0.136081 0.12307 0.107921 0.0928954 0.0800172 0.0705442 0.0650902 0.0639935 0.0676082 0.0763697 0.0905872 0.109939 0.132727 0.155239 0.172088 0.178355 0.172483 0.157046 0.136565 0.114957 0.0945718 0.0764911 0.0610965 0.0484456 0.038437 0.0308722 0.0254945 0.0220231 0.0201832 0.0197262 0.020443 0.0221786 0.0248536 0.0284975 0.0332825 0.0395287 0.0476309 0.0578616 0.0700438 0.0832218 0.0956597 0.105564 0.112413 0.117913 0.125726 0.14041 0.16648 0.207597 0.265383 0.338438 0.423895 0.517585 0.589182 0.559101 0.437208 0.314314 0.223622 0.163066 0.124015 0.0991392 0.0834537 0.0737362 0.0678341 0.064259 0.0620712 0.060916 0.0610795 0.063484 0.0696022 0.0812886 0.100488 0.128702 0.166069 0.210101 0.254748 0.291071 0.310189 0.30737 0.284845 0.25068 0.214173 0.182019 0.157412 0.140894 0.131548 0.128009 0.129143 0.134241 0.142656 0.153121 0.163318 0.170392 0.17242 0.169618 0.164021 0.158161 0.154216 0.15402 0.159158 0.170485 0.187241 0.206379 0.222713 0.230296 0.225043 0.207313 0.182017 0.155878 0.134392 0.120402 0.113999 0.112936 0.113415 0.111646 0.105815 0.096938 0.0877828 0.0811362 0.0788784 0.0819496 0.0905719 0.10427 0.12158 0.139613 0.153896 0.159314 0.15263 0.135008 0.111505 0.0878167 0.0677219 0.0527195 0.0428109 0.0373119 0.035302 0.0357536 0.0375099 0.039296 0.0399026 0.0385281 0.0350582 0.0300405 0.0243533 0.0188171 0.0139701 0.010041 0.00703262 0.00482581 0.00325868 0.00217311 0.00143535 0.000941285 0.000614137 0.000399355 0.000259224 0.000168193 0.000109213 7.10441e-05 4.6339e-05 3.03274e-05 1.9926e-05 1.31479e-05 8.71411e-06 5.8015e-06 3.87949e-06 2.60526e-06 1.75657e-06 1.18877e-06 8.07264e-07 5.49906e-07 3.7565e-07 2.57259e-07 1.76571e-07 1.21425e-07 8.36397e-08 5.76905e-08 3.98345e-08 2.75266e-08 1.90309e-08 1.316e-08 9.0996e-09 6.28989e-09 4.34519e-09 2.99928e-09 2.06813e-09 1.42431e-09 9.79544e-10 6.72625e-10 4.61103e-10 3.1554e-10 2.1553e-10 1.46937e-10 9.99777e-11 6.78915e-11 
2.60849e-11 3.77239e-11 5.44472e-11 7.8418e-11 1.1269e-10 1.61556e-10 2.31036e-10 3.29531e-10 4.68721e-10 6.64786e-10 9.40043e-10 1.32516e-09 1.8621e-09 2.60812e-09 3.64105e-09 5.06647e-09 7.02726e-09 9.71672e-09 1.33964e-08 1.8421e-08 2.52729e-08 3.4612e-08 4.73476e-08 6.47428e-08 8.85705e-08 1.21345e-07 1.66673e-07 2.29774e-07 3.1828e-07 4.43425e-07 6.21844e-07 8.78258e-07 1.24947e-06 1.7903e-06 2.58227e-06 3.7463e-06 5.46115e-06 7.98983e-06 1.17173e-05 1.7204e-05 2.52604e-05 3.70517e-05 5.42428e-05 7.91986e-05 0.000115262 0.00016714 0.000241447 0.000347477 0.000498322 0.000712498 0.00101635 0.00144757 0.00206028 0.0029322 0.00417426 0.00594284 0.00845359 0.0119945 0.0169327 0.0237058 0.0327839 0.0445858 0.0593385 0.0768828 0.0964481 0.11645 0.134418 0.147274 0.152172 0.147726 0.134871 0.116609 0.096803 0.0788903 0.0652535 0.0572857 0.055808 0.0614871 0.0750497 0.0971547 0.127761 0.164857 0.202969 0.233392 0.248748 0.249163 0.242204 0.236874 0.238842 0.248481 0.259921 0.262371 0.247007 0.215209 0.177087 0.142924 0.118539 0.105697 0.103666 0.109999 0.120561 0.12974 0.132055 0.124974 0.110323 0.0925767 0.0760721 0.0636521 0.0568246 0.0564562 0.0633727 0.0786866 0.103818 0.14016 0.188439 0.248299 0.319714 0.407651 0.527874 0.709036 0.989745 1.39825 1.22672 0.968229 0.785852 0.664551 0.573137 0.479439 0.376799 0.279408 0.199234 0.139036 0.0962305 0.0667194 0.046698 0.0332073 0.0241422 0.0180806 0.0140913 0.0115744 0.0101467 0.00956646 0.00968904 0.010448 0.0118551 0.014015 0.0171496 0.0216232 0.0279591 0.0368298 0.048999 0.0651897 0.0858577 0.110878 0.139177 0.16833 0.194152 0.210794 0.212785 0.199185 0.175316 0.148973 0.125697 0.107362 0.0932625 0.0817185 0.0712976 0.0613885 0.0521422 0.0440621 0.0376063 0.0329947 0.0302059 0.0290652 0.0293465 0.0308514 0.0334551 0.0371142 0.0418381 0.0476254 0.0543774 0.0618132 0.0694193 0.076462 0.0820821 0.0854929 0.0862995 0.0848473 0.0823476 0.0805575 0.0811037 0.0847518 0.0908678 0.0973074 0.101093 0.0999422 0.0936671 0.0840938 0.0736748 0.0642329 0.0566207 0.0510073 0.0472864 0.0453652 0.0453106 0.047388 0.052009 0.059581 0.0702687 0.0837398 0.0990877 0.115173 0.131362 0.148096 0.166542 0.187356 0.209423 0.229603 0.243943 0.249629 0.246361 0.236588 0.224904 0.216828 0.217451 0.230483 0.257269 0.294097 0.326736 0.330387 0.292333 0.230245 0.168909 0.120335 0.086231 0.064342 0.051773 0.046154 0.0459192 0.0503285 0.0594662 0.0742741 0.0966065 0.129241 0.175651 0.238988 0.319135 0.406648 0.477061 0.500738 0.471863 0.412979 0.347458 0.286308 0.23391 0.193565 0.167855 0.15788 0.163174 0.181287 0.206259 0.227623 0.234711 0.226048 0.211132 0.201419 0.203601 0.21891 0.243234 0.265921 0.271901 0.252695 0.214965 0.172348 0.134414 0.104812 0.0838284 0.070528 0.0637173 0.0622102 0.0648096 0.0702561 0.0772926 0.0848817 0.0924322 0.0997759 0.106794 0.112946 0.117146 0.118289 0.116177 0.112091 0.10842 0.107621 0.111319 0.119886 0.132424 0.146968 0.160916 0.171683 0.17751 0.178132 0.174794 0.16929 0.16253 0.15388 0.142028 0.126695 0.10939 0.0925698 0.0783523 0.0679368 0.0617652 0.0599226 0.0624286 0.0692989 0.0803811 0.0950148 0.111636 0.127591 0.139542 0.144618 0.141721 0.13192 0.117622 0.101356 0.0850432 0.0698808 0.0565191 0.0452569 0.0361696 0.0291864 0.0241449 0.0208343 0.0190297 0.0185149 0.0190964 0.0206149 0.0229603 0.0260925 0.030061 0.0350027 0.0410919 0.0484263 0.0568718 0.0659552 0.0749482 0.0832521 0.0909683 0.0993155 0.110642 0.128141 0.155483 0.196303 0.25353 0.32947 0.428398 0.556941 0.686876 0.657949 0.483672 0.32989 0.225381 0.159356 0.119195 0.0956135 0.0823811 0.0753457 0.0716855 0.0695186 0.0677802 0.0662091 0.0653109 0.0662492 0.0706828 0.0805869 0.0980531 0.124987 0.162569 0.210367 0.265006 0.318418 0.356884 0.365752 0.341677 0.296704 0.246749 0.202182 0.167233 0.142359 0.126284 0.117314 0.114019 0.115365 0.120412 0.12781 0.135541 0.14134 0.143755 0.142996 0.140684 0.138883 0.139472 0.144116 0.154201 0.170204 0.19072 0.211978 0.228588 0.235367 0.22939 0.211567 0.18678 0.161862 0.142747 0.132726 0.131935 0.137297 0.14299 0.142727 0.133681 0.118333 0.101962 0.0891274 0.0823431 0.0825241 0.089699 0.10329 0.121866 0.14251 0.160264 0.168799 0.163531 0.145338 0.120212 0.0949597 0.0739559 0.0588592 0.0496817 0.0457575 0.046194 0.0498847 0.0553049 0.0604015 0.0629311 0.0613183 0.0554604 0.0466933 0.0369276 0.0277466 0.0200249 0.0140105 0.00957355 0.0064257 0.00425531 0.00279013 0.00181642 0.00117682 0.000760255 0.000490561 0.000316634 0.000204698 0.000132692 8.63273e-05 5.64076e-05 3.70365e-05 2.44431e-05 1.62165e-05 1.08145e-05 7.24786e-06 4.88019e-06 3.30013e-06 2.24038e-06 1.52629e-06 1.04307e-06 7.1482e-07 4.91065e-07 3.38067e-07 2.33162e-07 1.61055e-07 1.11386e-07 7.71076e-08 5.34133e-08 3.70135e-08 2.5651e-08 1.77731e-08 1.23088e-08 8.51827e-09 5.88937e-09 4.06698e-09 2.80464e-09 1.93113e-09 1.32743e-09 9.10796e-10 6.23737e-10 4.26303e-10 2.90768e-10 1.97912e-10 1.34426e-10 9.11134e-11 
3.52691e-11 5.10944e-11 7.38799e-11 1.06611e-10 1.53513e-10 2.20545e-10 3.16082e-10 4.51845e-10 6.44173e-10 9.15748e-10 1.29792e-09 1.83382e-09 2.58256e-09 3.62476e-09 5.06995e-09 7.06642e-09 9.8142e-09 1.35825e-08 1.87333e-08 2.57526e-08 3.52946e-08 4.82423e-08 6.57933e-08 8.95847e-08 1.21874e-07 1.65806e-07 2.25817e-07 3.08235e-07 4.22188e-07 5.80978e-07 8.04144e-07 1.12056e-06 1.57306e-06 2.2253e-06 3.17186e-06 4.55302e-06 6.57614e-06 9.54645e-06 1.39107e-05 2.03188e-05 2.97099e-05 4.34309e-05 6.33997e-05 9.23267e-05 0.000134017 0.000193779 0.000278995 0.000399904 0.000570733 0.000811344 0.00114967 0.00162533 0.002295 0.00324008 0.00457715 0.00647134 0.0091513 0.0129223 0.0181697 0.0253402 0.034881 0.0471193 0.0620781 0.079271 0.0975651 0.115208 0.130028 0.139752 0.142482 0.137375 0.125247 0.108527 0.0904398 0.0739557 0.061188 0.0533697 0.051159 0.0549658 0.0651065 0.0816908 0.104198 0.130821 0.157979 0.180851 0.195454 0.20101 0.200313 0.197773 0.196922 0.19857 0.199998 0.196069 0.182815 0.161016 0.135774 0.112921 0.0963876 0.0877694 0.086837 0.0918942 0.0998507 0.106552 0.108056 0.102569 0.0913748 0.0777374 0.0650072 0.0555788 0.050908 0.0519963 0.0598706 0.0758686 0.10164 0.138729 0.187637 0.246855 0.313959 0.391268 0.492521 0.640842 0.849996 1.04731 1.01194 0.847439 0.699804 0.590343 0.503825 0.420608 0.334622 0.252706 0.183054 0.128968 0.0895038 0.0618453 0.0429416 0.0302205 0.0217564 0.0162026 0.0126559 0.0105264 0.00943519 0.00914408 0.0095136 0.010485 0.0120821 0.0144295 0.0177791 0.0225373 0.0292777 0.038716 0.0516162 0.0685843 0.0897284 0.11423 0.140014 0.163796 0.181683 0.190231 0.187793 0.175692 0.158039 0.139728 0.124145 0.112187 0.102698 0.093711 0.0838124 0.0728873 0.0618874 0.0520402 0.0442142 0.0387283 0.0354702 0.0341056 0.034262 0.0356534 0.0381442 0.0417553 0.046612 0.0528387 0.0604182 0.0690561 0.078111 0.0866356 0.0935363 0.0978393 0.0990813 0.0977592 0.0955229 0.0947886 0.0978572 0.105889 0.117949 0.130422 0.137785 0.135603 0.123806 0.106443 0.0883518 0.0726601 0.0605227 0.0519073 0.046363 0.0434685 0.043025 0.0450957 0.0499424 0.0578669 0.0689613 0.0828421 0.0985707 0.115034 0.131771 0.149575 0.170043 0.194099 0.220533 0.245675 0.264683 0.273744 0.271893 0.261817 0.249512 0.242599 0.24821 0.271786 0.316575 0.380969 0.446875 0.464277 0.399789 0.298547 0.208291 0.142349 0.0984148 0.0710078 0.055318 0.0479502 0.0468351 0.0510036 0.0604119 0.075846 0.0988963 0.131967 0.178172 0.240629 0.320065 0.409193 0.484959 0.512479 0.478752 0.410086 0.337001 0.273175 0.222056 0.184533 0.160928 0.150806 0.152766 0.164102 0.180057 0.193819 0.199518 0.197222 0.193871 0.198735 0.21929 0.259687 0.318097 0.378638 0.405437 0.373137 0.304233 0.233238 0.175539 0.133365 0.104757 0.0872488 0.0787485 0.0774632 0.0815516 0.0888251 0.096772 0.103103 0.106563 0.107283 0.10625 0.104416 0.102232 0.0998457 0.0976087 0.0964216 0.0976491 0.102693 0.112492 0.127138 0.145654 0.165969 0.185132 0.199801 0.207149 0.206135 0.198305 0.186813 0.174116 0.160528 0.144997 0.12711 0.108134 0.0902995 0.0755268 0.064849 0.058556 0.0565712 0.0587163 0.0647681 0.0743362 0.0866413 0.10031 0.113348 0.123443 0.12861 0.127865 0.121506 0.11082 0.0975082 0.083198 0.0691858 0.0563749 0.0453067 0.0362285 0.0291717 0.024026 0.0206034 0.0186853 0.0180522 0.0185006 0.019853 0.0219687 0.0247565 0.0281866 0.0322873 0.0371138 0.0426889 0.0489385 0.0556703 0.0626512 0.0697979 0.077421 0.0864131 0.098324 0.11535 0.140241 0.176064 0.225914 0.293205 0.382774 0.497004 0.601777 0.57979 0.440353 0.306161 0.211379 0.151071 0.115223 0.0955575 0.086024 0.0822186 0.0809126 0.0799033 0.0780536 0.0753002 0.0725079 0.0712125 0.0733673 0.0811823 0.0970736 0.123667 0.163733 0.219797 0.292634 0.37659 0.449983 0.474947 0.437151 0.366372 0.293789 0.232882 0.1866 0.15365 0.131371 0.117136 0.108983 0.105631 0.106092 0.109197 0.113378 0.11698 0.118975 0.119507 0.119769 0.121432 0.126254 0.136012 0.152282 0.175644 0.204507 0.234471 0.259122 0.271799 0.267542 0.246161 0.214428 0.182842 0.160036 0.150292 0.153586 0.165581 0.177531 0.179194 0.165935 0.142439 0.11749 0.0976163 0.0856717 0.0822097 0.0868302 0.098706 0.116374 0.137006 0.155634 0.165617 0.161863 0.144949 0.120924 0.0967814 0.0770503 0.0635394 0.0564825 0.0555373 0.0601812 0.069524 0.0817067 0.0933442 0.0999553 0.0980681 0.0876154 0.0718773 0.0550145 0.039949 0.0279123 0.0189667 0.0126326 0.00829415 0.0053909 0.00347988 0.00223664 0.00143443 0.000919615 0.000590288 0.000379886 0.000245408 0.000159288 0.000103957 6.82499e-05 4.50836e-05 2.99634e-05 2.00321e-05 1.34666e-05 9.09878e-06 6.17558e-06 4.20838e-06 2.87793e-06 1.97412e-06 1.35775e-06 9.3597e-07 6.4648e-07 4.47269e-07 3.09868e-07 2.1491e-07 1.49171e-07 1.03595e-07 7.19599e-08 4.99825e-08 3.47053e-08 2.40828e-08 1.6697e-08 1.15633e-08 7.99738e-09 5.52262e-09 3.80718e-09 2.61973e-09 1.79911e-09 1.23299e-09 8.43215e-10 5.75397e-10 3.91774e-10 2.66157e-10 1.80416e-10 1.22026e-10 
4.75791e-11 6.9042e-11 1.00007e-10 1.44583e-10 2.08603e-10 3.00317e-10 4.31354e-10 6.18039e-10 8.83197e-10 1.2586e-09 1.78829e-09 2.533e-09 3.57611e-09 5.03152e-09 7.05407e-09 9.8533e-09 1.37115e-08 1.90075e-08 2.62479e-08 3.6109e-08 4.94925e-08 6.76012e-08 9.20442e-08 1.24985e-07 1.69352e-07 2.2915e-07 3.09915e-07 4.194e-07 5.68604e-07 7.73327e-07 1.05652e-06 1.4518e-06 2.00877e-06 2.80089e-06 3.93708e-06 5.5788e-06 7.96479e-06 1.14466e-05 1.65392e-05 2.39917e-05 3.48866e-05 5.07747e-05 7.38586e-05 0.00010724 0.000155247 0.000223872 0.000321356 0.000458987 0.000652218 0.00092228 0.0012986 0.00182249 0.00255264 0.00357342 0.00500643 0.00702572 0.00987531 0.0138851 0.0194756 0.0271352 0.0373444 0.050421 0.0662848 0.0842125 0.102746 0.119907 0.133636 0.14209 0.143777 0.137919 0.125171 0.107879 0.08931 0.0724545 0.0593354 0.0510087 0.047915 0.0502218 0.0579842 0.071078 0.0889227 0.110101 0.132125 0.151733 0.165884 0.173039 0.173829 0.170565 0.165846 0.161059 0.155639 0.147648 0.135534 0.119743 0.102716 0.0874979 0.0764216 0.0706009 0.0699566 0.0733231 0.0785404 0.0828013 0.083543 0.0796147 0.071813 0.0622764 0.053374 0.0469952 0.0444799 0.0469071 0.055439 0.0715445 0.096973 0.133276 0.180658 0.236533 0.296059 0.357797 0.430095 0.525755 0.641308 0.730614 0.731689 0.660866 0.574654 0.498872 0.43174 0.364095 0.293328 0.224697 0.164856 0.117227 0.0817672 0.0565561 0.0391807 0.027464 0.0197065 0.0146848 0.0115618 0.00978335 0.00899102 0.00895946 0.00955855 0.0107384 0.012535 0.0150922 0.0186938 0.0237956 0.0310399 0.0412268 0.0551974 0.0735692 0.0962814 0.122016 0.147823 0.169513 0.183103 0.186586 0.180737 0.168592 0.154201 0.141241 0.131814 0.125787 0.12096 0.114341 0.104106 0.0907785 0.0765774 0.0638269 0.053924 0.0472274 0.0434091 0.041851 0.0419387 0.0432463 0.0456259 0.0492044 0.0542878 0.0611795 0.069943 0.080176 0.0909132 0.100772 0.108323 0.112529 0.11316 0.111165 0.108815 0.109263 0.115572 0.129498 0.150017 0.171738 0.185155 0.181955 0.162329 0.134323 0.106401 0.0831513 0.0657457 0.0536776 0.0459882 0.0418421 0.0407252 0.0424611 0.0471282 0.0548948 0.065777 0.0793895 0.0948796 0.111297 0.12837 0.147046 0.169018 0.195267 0.224604 0.25328 0.276125 0.288718 0.289521 0.281307 0.27117 0.268462 0.28182 0.317306 0.378107 0.463712 0.557141 0.58603 0.488979 0.350029 0.236519 0.157917 0.107182 0.0760942 0.0584137 0.0500311 0.0485483 0.0528624 0.0628573 0.0792024 0.103267 0.137196 0.184175 0.248607 0.335171 0.443606 0.551466 0.592319 0.528792 0.424637 0.331714 0.261241 0.210918 0.177072 0.156834 0.147705 0.147116 0.152223 0.159744 0.166252 0.169727 0.171729 0.177885 0.196214 0.235497 0.304748 0.410906 0.543267 0.621197 0.547359 0.413624 0.300626 0.219251 0.163638 0.127437 0.106212 0.0970716 0.0978387 0.106163 0.118696 0.13084 0.1379 0.13741 0.130409 0.120102 0.109554 0.100596 0.0940616 0.090435 0.0903074 0.0944839 0.103812 0.118871 0.139621 0.165095 0.193173 0.220428 0.242076 0.252697 0.248932 0.232641 0.210002 0.186732 0.164985 0.14418 0.123535 0.103559 0.0857082 0.0713569 0.0612468 0.0555416 0.0541041 0.0566932 0.0629964 0.0725266 0.0844723 0.0975998 0.110293 0.120755 0.127335 0.128877 0.125003 0.116218 0.103786 0.08937 0.0745951 0.0607404 0.0486237 0.0386417 0.0308776 0.0252169 0.0214416 0.0192953 0.0185214 0.0188814 0.020163 0.0221872 0.024817 0.0279656 0.031593 0.0356869 0.0402295 0.0451738 0.0504562 0.0560574 0.0620978 0.0689327 0.077223 0.0879933 0.102691 0.123202 0.151735 0.190598 0.241957 0.306822 0.379247 0.43111 0.416639 0.340323 0.253122 0.184241 0.138362 0.111605 0.0986687 0.0946557 0.0952564 0.0968242 0.0967534 0.0939229 0.0887592 0.0828252 0.0782606 0.0774054 0.0827124 0.0969106 0.123355 0.166498 0.232324 0.327904 0.456405 0.593996 0.647102 0.567031 0.448649 0.346594 0.268995 0.213019 0.173851 0.146641 0.127505 0.114017 0.104983 0.0997553 0.0975963 0.0974354 0.0981078 0.0988609 0.0997397 0.101585 0.105778 0.114049 0.128403 0.150831 0.182461 0.222275 0.266232 0.307483 0.336244 0.339804 0.311668 0.263435 0.215667 0.182362 0.168456 0.172914 0.189747 0.207172 0.210583 0.193187 0.162081 0.129543 0.103639 0.0871806 0.0801826 0.0817369 0.0906909 0.105472 0.123396 0.139967 0.14931 0.146947 0.133223 0.113204 0.0929825 0.0767573 0.0665 0.0629261 0.0664131 0.0773446 0.0956989 0.119738 0.144099 0.159418 0.157193 0.137452 0.108601 0.0796714 0.0555669 0.0374715 0.024708 0.0160498 0.0103231 0.00659863 0.00420343 0.00267448 0.0017029 0.00108686 0.000696348 0.000448422 0.000290527 0.00018951 0.000124508 8.23986e-05 5.4918e-05 3.68464e-05 2.48717e-05 1.68791e-05 1.15087e-05 7.87849e-06 5.41173e-06 3.72801e-06 2.57438e-06 1.78139e-06 1.23479e-06 8.57143e-07 5.95689e-07 4.1436e-07 2.88412e-07 2.0082e-07 1.39841e-07 9.7359e-08 6.77493e-08 4.71087e-08 3.27228e-08 2.2701e-08 1.5725e-08 1.08741e-08 7.50564e-09 5.17018e-09 3.55384e-09 2.4374e-09 1.66787e-09 1.13863e-09 7.75509e-10 5.26946e-10 3.57213e-10 2.41592e-10 1.63022e-10 
6.40417e-11 9.30759e-11 1.35045e-10 1.95588e-10 2.82732e-10 4.07867e-10 5.87097e-10 8.43106e-10 1.20772e-09 1.72537e-09 2.45785e-09 3.49065e-09 4.94146e-09 6.97143e-09 9.80008e-09 1.37248e-08 1.91463e-08 2.66019e-08 3.68083e-08 5.07181e-08 6.9593e-08 9.51008e-08 1.29446e-07 1.7555e-07 2.37294e-07 3.19886e-07 4.30366e-07 5.78386e-07 7.77352e-07 1.04616e-06 1.41184e-06 1.91349e-06 2.60829e-06 3.58039e-06 4.95419e-06 6.91381e-06 9.73142e-06 1.3808e-05 1.97316e-05 2.83582e-05 4.09254e-05 5.92058e-05 8.57143e-05 0.000123982 0.000178916 0.000257262 0.000368208 0.000524178 0.000741908 0.00104398 0.00146113 0.00203581 0.00282776 0.00392268 0.00544483 0.0075743 0.0105679 0.0147796 0.0206696 0.0287835 0.0396689 0.0536937 0.0707576 0.0899816 0.109616 0.127413 0.141285 0.149609 0.150987 0.144414 0.130346 0.111336 0.0911076 0.0729528 0.0589036 0.0498447 0.0460012 0.0473535 0.0538275 0.0652577 0.0811677 0.100446 0.121078 0.140183 0.154589 0.161942 0.161782 0.155731 0.146457 0.136166 0.125717 0.114821 0.102985 0.0903933 0.078087 0.0674893 0.0597953 0.0556095 0.0548303 0.0566483 0.0596301 0.061999 0.0621973 0.0595329 0.0544653 0.0483084 0.0426388 0.0388651 0.0381392 0.0415064 0.0501228 0.0653969 0.0889128 0.121924 0.164204 0.212613 0.261447 0.307222 0.353831 0.408044 0.466733 0.510382 0.518296 0.492684 0.452294 0.409671 0.364807 0.313327 0.255654 0.197842 0.146431 0.104892 0.0735742 0.0510796 0.0354646 0.0249004 0.0179203 0.0134471 0.0107323 0.00927508 0.00874949 0.00895053 0.00976157 0.0111435 0.0131441 0.0159255 0.0198026 0.025283 0.0330918 0.0441534 0.0594763 0.0798577 0.105318 0.134289 0.162983 0.185912 0.198266 0.198727 0.189964 0.176622 0.163245 0.153224 0.148169 0.147205 0.146786 0.14218 0.13066 0.113588 0.0950004 0.0786473 0.0664595 0.0586876 0.0546132 0.0531741 0.053387 0.0546183 0.0567206 0.0600152 0.0651152 0.0726174 0.0827103 0.0947958 0.107336 0.11819 0.12543 0.128153 0.126806 0.12318 0.120272 0.121845 0.131583 0.151897 0.182006 0.214985 0.236464 0.232512 0.203711 0.163782 0.125471 0.0945376 0.0718408 0.0562606 0.0463013 0.0407156 0.0386735 0.0397462 0.0438067 0.0508667 0.0608614 0.0734448 0.0879527 0.103721 0.120698 0.13984 0.162654 0.18996 0.220608 0.251062 0.2763 0.29181 0.295883 0.291457 0.286427 0.291438 0.316189 0.365803 0.43791 0.522208 0.59662 0.60263 0.498706 0.358351 0.242912 0.1625 0.110483 0.078617 0.0605429 0.0520764 0.0508134 0.0556918 0.0666301 0.0842392 0.109647 0.144581 0.191974 0.257115 0.34854 0.475205 0.624828 0.689007 0.578202 0.433615 0.323991 0.250237 0.203133 0.174972 0.160125 0.154006 0.152606 0.152799 0.152747 0.151987 0.151551 0.154424 0.165835 0.193126 0.245923 0.337392 0.486616 0.718819 0.964373 0.734874 0.507132 0.356351 0.256926 0.191287 0.149411 0.125862 0.117729 0.123156 0.139889 0.163453 0.18573 0.196772 0.191251 0.172696 0.149203 0.127199 0.109756 0.0978276 0.0916265 0.0913535 0.0974191 0.110373 0.130667 0.158314 0.192498 0.231169 0.27046 0.303568 0.320294 0.311998 0.281078 0.240252 0.201087 0.168038 0.140563 0.116965 0.0964831 0.0793862 0.0662419 0.0573987 0.0529079 0.0526503 0.0564353 0.0639845 0.0748223 0.0881614 0.102877 0.117591 0.130769 0.140726 0.145685 0.144191 0.13589 0.121982 0.104795 0.0868164 0.0699623 0.0553618 0.0434854 0.0343671 0.027797 0.023457 0.0210019 0.020101 0.0204537 0.0217916 0.0238814 0.0265313 0.0296005 0.0329993 0.0366732 0.040577 0.0446635 0.0489071 0.0533613 0.0582158 0.0638234 0.0707018 0.0795471 0.0912795 0.107072 0.128261 0.156075 0.191067 0.231717 0.271193 0.294244 0.284929 0.245757 0.196473 0.153982 0.125026 0.109846 0.105953 0.109681 0.116601 0.122101 0.122692 0.11737 0.107705 0.0966597 0.0873382 0.0824859 0.0846275 0.0965362 0.121892 0.166138 0.237586 0.348491 0.51386 0.73011 0.830281 0.674458 0.509589 0.388496 0.303215 0.244298 0.203627 0.174113 0.150664 0.130915 0.114615 0.102192 0.0936639 0.0884063 0.0854967 0.0842291 0.0844752 0.0867795 0.0922893 0.102691 0.120154 0.14708 0.185399 0.235567 0.295942 0.362402 0.423229 0.447828 0.407896 0.328327 0.25344 0.203559 0.181359 0.182829 0.199811 0.218562 0.222298 0.203085 0.168877 0.13321 0.104576 0.0856384 0.0761048 0.0747862 0.0803268 0.0910987 0.104676 0.117384 0.124763 0.123556 0.113964 0.0995762 0.0849784 0.0736817 0.0677624 0.0685681 0.0775373 0.0966064 0.12779 0.171107 0.219652 0.254094 0.251384 0.211837 0.15855 0.110336 0.073597 0.0478821 0.0306904 0.0194972 0.0123256 0.00777591 0.00490656 0.00310256 0.00196932 0.00125666 0.000807215 0.000522477 0.000340994 0.000224469 0.000149026 9.97408e-05 6.72497e-05 4.56392e-05 3.11467e-05 2.13557e-05 1.46989e-05 1.01488e-05 7.02503e-06 4.87282e-06 3.38573e-06 2.35578e-06 1.64103e-06 1.14419e-06 7.9833e-07 5.57266e-07 3.89072e-07 2.71623e-07 1.89562e-07 1.32209e-07 9.21236e-08 6.41159e-08 4.4559e-08 3.09157e-08 2.14097e-08 1.47963e-08 1.02034e-08 7.01995e-09 4.81823e-09 3.29897e-09 2.25315e-09 1.53503e-09 1.04318e-09 7.07184e-10 4.78241e-10 3.22645e-10 2.17166e-10 
8.60125e-11 1.25188e-10 1.81921e-10 2.63922e-10 3.82203e-10 5.52436e-10 7.96857e-10 1.14689e-09 1.64677e-09 2.35852e-09 3.36866e-09 4.79735e-09 6.81058e-09 9.6364e-09 1.35864e-08 1.90836e-08 2.66994e-08 3.72e-08 5.16078e-08 7.12784e-08 9.80006e-08 1.34124e-07 1.82727e-07 2.47835e-07 3.34721e-07 4.50312e-07 6.03782e-07 8.07396e-07 1.07778e-06 1.43782e-06 1.91955e-06 2.56853e-06 3.45043e-06 4.66104e-06 6.34113e-06 8.69834e-06 1.20393e-05 1.68161e-05 2.36917e-05 3.36333e-05 4.80399e-05 6.89167e-05 9.91076e-05 0.0001426 0.000204915 0.0002936 0.000418849 0.00059427 0.000837897 0.00117357 0.00163299 0.002259 0.00311089 0.00427303 0.00586811 0.00807593 0.0111573 0.0154785 0.0215261 0.0298899 0.0411776 0.0558182 0.0737324 0.0939639 0.114565 0.133069 0.147348 0.155907 0.157333 0.150323 0.135125 0.114554 0.0928292 0.0735539 0.0587811 0.0492628 0.0450798 0.0461292 0.0523412 0.0636499 0.0797619 0.0997677 0.121713 0.142409 0.157909 0.164893 0.162324 0.152026 0.13748 0.121912 0.107165 0.0937401 0.0814997 0.0703494 0.0605287 0.0525127 0.0467503 0.0434402 0.0424084 0.0430742 0.0445091 0.0456286 0.0455192 0.043779 0.0406677 0.03697 0.0337014 0.0318688 0.0323982 0.0362014 0.0442913 0.0578397 0.0780509 0.105684 0.140119 0.17836 0.215522 0.248217 0.277877 0.308205 0.338605 0.362047 0.371158 0.365661 0.351004 0.330761 0.30319 0.26543 0.219342 0.17137 0.127896 0.092329 0.0652362 0.0455999 0.0318687 0.022536 0.016368 0.0124444 0.0101179 0.0089517 0.00866039 0.00906508 0.0100667 0.0116394 0.0138433 0.0168564 0.0210191 0.0268836 0.0352551 0.0471975 0.0639494 0.0866383 0.115637 0.149461 0.183621 0.210909 0.22485 0.22426 0.213492 0.198563 0.184444 0.17471 0.171288 0.173266 0.175956 0.172544 0.159021 0.137684 0.114655 0.0951353 0.081437 0.073536 0.0701645 0.0696354 0.0704092 0.0715283 0.0728749 0.0751361 0.0794671 0.0869646 0.0980557 0.111911 0.126182 0.13759 0.143483 0.143285 0.138609 0.132442 0.128486 0.130783 0.143195 0.168423 0.20589 0.247781 0.276144 0.2723 0.236987 0.188412 0.142378 0.105418 0.0782696 0.059514 0.0473484 0.0402399 0.0370984 0.0372604 0.0403926 0.0463469 0.0549852 0.0660306 0.0790567 0.0937256 0.110199 0.129349 0.152369 0.179807 0.210552 0.241424 0.267838 0.285546 0.292969 0.293302 0.295094 0.310349 0.350669 0.421208 0.509949 0.580719 0.598918 0.552916 0.449984 0.330251 0.229195 0.156405 0.108277 0.0784625 0.0615661 0.0539036 0.0533725 0.0591303 0.0712465 0.0903374 0.117224 0.152839 0.198854 0.259319 0.342152 0.45608 0.58834 0.641202 0.539633 0.405034 0.30341 0.237798 0.199719 0.181159 0.175351 0.175759 0.176118 0.172242 0.163789 0.15371 0.146234 0.145814 0.157422 0.187335 0.244053 0.339473 0.489913 0.710162 0.90302 0.734984 0.52757 0.380956 0.280472 0.21216 0.168027 0.144108 0.138814 0.151755 0.182154 0.225553 0.268705 0.289715 0.275492 0.236891 0.19321 0.155627 0.127443 0.108733 0.0989383 0.0977387 0.105219 0.1218 0.148009 0.184091 0.229417 0.281792 0.336642 0.385054 0.410365 0.39447 0.340956 0.274864 0.215956 0.170087 0.135559 0.1091 0.0884046 0.0724436 0.0609151 0.0537439 0.0508757 0.0522561 0.0578244 0.0674381 0.0807384 0.0970507 0.115425 0.13478 0.153848 0.170643 0.181907 0.183829 0.174464 0.155583 0.131599 0.106939 0.0845218 0.0657121 0.0508435 0.0397057 0.0318522 0.0267693 0.0239608 0.0229804 0.0234351 0.0249752 0.0272886 0.030108 0.0332278 0.0365137 0.0398888 0.0432996 0.0466957 0.0500537 0.0534394 0.057062 0.0612762 0.0665414 0.0733849 0.0824007 0.0942446 0.109539 0.128618 0.151034 0.174733 0.195007 0.204749 0.198491 0.178019 0.151855 0.129037 0.115062 0.111848 0.118785 0.133071 0.149466 0.160964 0.161842 0.151326 0.133619 0.114445 0.0983392 0.08827 0.0864183 0.095103 0.117625 0.159127 0.227492 0.333796 0.489175 0.679711 0.76594 0.652248 0.51261 0.405821 0.331066 0.280983 0.246768 0.219178 0.191752 0.16334 0.136594 0.114383 0.0978484 0.0865518 0.0793921 0.0753848 0.0740895 0.0757423 0.0812452 0.0921379 0.11056 0.139084 0.180324 0.236555 0.31003 0.403281 0.509942 0.575345 0.514949 0.388675 0.282389 0.215592 0.184011 0.179221 0.190994 0.205559 0.207693 0.190226 0.159409 0.126662 0.099596 0.0808326 0.0702497 0.0667827 0.0691451 0.0758373 0.0848457 0.0934467 0.0986261 0.0983125 0.0926203 0.0838111 0.0749821 0.0688362 0.0674263 0.0726849 0.0872119 0.114942 0.161281 0.23142 0.32234 0.40018 0.396563 0.31287 0.217368 0.142635 0.0911449 0.0574799 0.036013 0.0225024 0.014059 0.00880107 0.00553038 0.00349412 0.00222307 0.00142619 0.000923553 0.000604054 0.000399106 0.000266293 0.000179297 0.000121696 8.31669e-05 5.71555e-05 3.94549e-05 2.73305e-05 1.89821e-05 1.32105e-05 9.20818e-06 6.42634e-06 4.48937e-06 3.13874e-06 2.19584e-06 1.53689e-06 1.07597e-06 7.53302e-07 5.27283e-07 3.68895e-07 2.57883e-07 1.80086e-07 1.25589e-07 8.74426e-08 6.07706e-08 4.21474e-08 2.91662e-08 2.01352e-08 1.38661e-08 9.52435e-09 6.52498e-09 4.45834e-09 3.0382e-09 2.06497e-09 1.39984e-09 9.46532e-10 6.3842e-10 4.29558e-10 2.88348e-10 
1.15279e-10 1.68006e-10 2.44491e-10 3.55246e-10 5.15323e-10 7.46212e-10 1.0785e-09 1.55557e-09 2.23873e-09 3.21423e-09 4.60292e-09 6.57327e-09 9.35899e-09 1.32824e-08 1.87857e-08 2.64713e-08 3.71551e-08 5.19346e-08 7.22758e-08 1.00124e-07 1.38041e-07 1.89383e-07 2.5852e-07 3.51115e-07 4.74491e-07 6.38112e-07 8.54245e-07 1.1389e-06 1.51318e-06 2.00533e-06 2.65382e-06 3.51204e-06 4.65545e-06 6.19248e-06 8.28084e-06 1.11519e-05 1.51464e-05 2.07663e-05 2.87487e-05 4.01698e-05 5.6589e-05 8.02436e-05 0.000114308 0.000163228 0.000233146 0.000332423 0.00047226 0.00066744 0.000937227 0.00130652 0.00180754 0.00248253 0.00338849 0.00460514 0.00624794 0.00848733 0.011574 0.015866 0.0218461 0.0301079 0.0412717 0.055785 0.0735828 0.0937033 0.114167 0.132483 0.146567 0.155023 0.156467 0.149483 0.134216 0.113524 0.0917474 0.0725436 0.0579396 0.0486433 0.0447318 0.0461725 0.0530563 0.06557 0.083717 0.106778 0.132595 0.157076 0.174759 0.180961 0.174452 0.158159 0.137139 0.115858 0.0968449 0.0808632 0.0677193 0.0569792 0.0483393 0.0416836 0.0369784 0.034134 0.0329039 0.0328446 0.0333469 0.0337503 0.0335221 0.0324319 0.0306286 0.0285811 0.026937 0.0263965 0.027662 0.0314596 0.038583 0.0498897 0.0661567 0.0876987 0.113751 0.141979 0.169016 0.192499 0.212806 0.231856 0.250035 0.265098 0.274303 0.276922 0.27383 0.264799 0.247375 0.219624 0.183666 0.145124 0.10951 0.0799199 0.0570808 0.040337 0.0285162 0.0204258 0.0150641 0.0116701 0.00970194 0.00879124 0.00869732 0.00927153 0.0104365 0.0121828 0.0145843 0.0178316 0.0222797 0.0285043 0.0373592 0.0500143 0.0679201 0.0925745 0.124865 0.163741 0.204461 0.238346 0.257081 0.259179 0.249784 0.234812 0.218641 0.205435 0.198801 0.199107 0.201435 0.197437 0.18191 0.157677 0.132263 0.111783 0.0987188 0.0927504 0.0920132 0.0939751 0.0961833 0.0970846 0.0966328 0.096232 0.0980188 0.103916 0.114755 0.129507 0.144897 0.156256 0.160014 0.156018 0.147319 0.138206 0.132911 0.135358 0.149034 0.176237 0.215992 0.260112 0.290526 0.288536 0.25411 0.204541 0.155828 0.115441 0.0849742 0.063459 0.0491892 0.0405262 0.0361896 0.035307 0.0373522 0.0420301 0.0491459 0.0585034 0.0699058 0.0833057 0.0990328 0.117863 0.140698 0.167869 0.198372 0.229466 0.257029 0.276955 0.287516 0.291914 0.299372 0.323796 0.380715 0.481305 0.611642 0.686236 0.630754 0.517123 0.398254 0.291181 0.205623 0.14374 0.102257 0.0763371 0.0617401 0.0555077 0.0560003 0.0627029 0.0759162 0.0963174 0.12439 0.159964 0.202537 0.252957 0.314812 0.390195 0.463218 0.484564 0.428322 0.342571 0.270768 0.224416 0.201753 0.198005 0.207076 0.220253 0.22652 0.218159 0.197057 0.172284 0.152789 0.144456 0.151389 0.177817 0.22911 0.311368 0.427446 0.560937 0.640275 0.592658 0.481069 0.373799 0.287909 0.224085 0.181095 0.158543 0.157264 0.179391 0.22755 0.300744 0.382039 0.424556 0.392578 0.319376 0.247472 0.191102 0.150777 0.124414 0.110375 0.107821 0.116615 0.137219 0.170486 0.217156 0.27674 0.345766 0.416556 0.476964 0.505936 0.47673 0.395936 0.303759 0.2267 0.169932 0.129747 0.101191 0.0806148 0.0659248 0.0561034 0.0507156 0.0496231 0.0528568 0.0605284 0.0727049 0.0892536 0.109765 0.1337 0.16066 0.190153 0.220014 0.244061 0.252699 0.239925 0.209771 0.172326 0.135939 0.1047 0.0797214 0.0607253 0.0469374 0.0374808 0.0315309 0.0283689 0.0273874 0.0280691 0.0299563 0.0326306 0.0357205 0.0389363 0.0421009 0.0451409 0.0480319 0.0507481 0.0532709 0.055661 0.0581316 0.0610565 0.0649077 0.0701735 0.0772958 0.0866068 0.0982151 0.111809 0.126403 0.140102 0.150082 0.153307 0.14827 0.136681 0.123131 0.112974 0.110512 0.118419 0.137542 0.165931 0.196863 0.218298 0.21899 0.198582 0.167282 0.13594 0.110771 0.0943251 0.0877571 0.0923435 0.110337 0.145473 0.203062 0.288675 0.402045 0.518908 0.575171 0.540533 0.468401 0.402302 0.355483 0.327989 0.311584 0.29229 0.259809 0.216666 0.173134 0.13687 0.11007 0.0916508 0.0795995 0.0722198 0.0685806 0.0685648 0.0727896 0.0825306 0.0996666 0.126591 0.166091 0.221461 0.297364 0.400385 0.529315 0.621035 0.550054 0.402439 0.284608 0.211374 0.174462 0.163472 0.167834 0.175693 0.175562 0.162009 0.138522 0.112681 0.0902708 0.0737669 0.0634651 0.0587231 0.0585715 0.0618253 0.0669783 0.0721778 0.0755439 0.0758596 0.0731909 0.068867 0.0648444 0.0630913 0.0655023 0.0743619 0.0931416 0.127473 0.186217 0.282058 0.427384 0.594762 0.588945 0.415771 0.266789 0.166911 0.103531 0.0640428 0.039622 0.0245655 0.0152886 0.00956707 0.00602935 0.00383296 0.00246141 0.00159839 0.00105022 0.000698178 0.00046932 0.000318642 0.000218188 0.000150439 0.000104282 7.25729e-05 5.06468e-05 3.5413e-05 2.47932e-05 1.73734e-05 1.21818e-05 8.54569e-06 5.99726e-06 4.21009e-06 2.9561e-06 2.07574e-06 1.45737e-06 1.02284e-06 7.17423e-07 5.02739e-07 3.51869e-07 2.45904e-07 1.71544e-07 1.19427e-07 8.29571e-08 5.74845e-08 3.9731e-08 2.73869e-08 1.8826e-08 1.29049e-08 8.82119e-09 6.01278e-09 4.08708e-09 2.7705e-09 1.87299e-09 1.26293e-09 8.49417e-10 5.69903e-10 3.81471e-10 
1.54197e-10 2.24991e-10 3.27841e-10 4.77023e-10 6.93037e-10 1.00524e-09 1.45555e-09 2.10364e-09 3.03411e-09 4.36653e-09 6.26906e-09 8.9772e-09 1.2819e-08 1.82492e-08 2.5894e-08 3.66108e-08 5.15654e-08 7.23321e-08 1.0102e-07 1.40435e-07 1.94278e-07 2.67391e-07 3.66066e-07 4.9841e-07 6.74817e-07 9.08543e-07 1.21647e-06 1.62011e-06 2.14707e-06 2.83316e-06 3.72554e-06 4.8876e-06 6.40648e-06 8.40457e-06 1.10571e-05 1.46183e-05 1.94608e-05 2.61324e-05 3.54378e-05 4.85534e-05 6.7187e-05 9.37919e-05 0.000131852 0.000186247 0.000263706 0.000373353 0.000527328 0.000741486 0.00103614 0.00143695 0.00197606 0.00269408 0.00364374 0.00489666 0.00655511 0.00877037 0.0117673 0.0158711 0.0215244 0.0292727 0.0396833 0.0531554 0.0696081 0.088138 0.106928 0.123716 0.136599 0.14428 0.145514 0.139089 0.125191 0.106386 0.0865648 0.0690669 0.0558178 0.0475847 0.044604 0.047083 0.0554518 0.0703573 0.092351 0.121143 0.15436 0.186306 0.208434 0.213342 0.200008 0.174297 0.144288 0.115986 0.0922041 0.0734333 0.0590495 0.0481591 0.0400019 0.034048 0.0299391 0.0273863 0.0260829 0.02566 0.0256947 0.0257696 0.0255651 0.0249461 0.0240009 0.0230145 0.0224017 0.0226421 0.0242455 0.02775 0.0337255 0.0427392 0.0552325 0.0712684 0.0902019 0.110523 0.130284 0.148157 0.164196 0.179252 0.193567 0.206135 0.215437 0.220444 0.220587 0.214829 0.201452 0.179673 0.151461 0.121026 0.0925298 0.0684785 0.0496257 0.0356099 0.0255961 0.0186788 0.0140707 0.0111606 0.00950705 0.00880812 0.00886823 0.00957124 0.0108653 0.0127618 0.0153514 0.0188338 0.0235635 0.0301055 0.0393017 0.0523351 0.0707457 0.0962676 0.130233 0.17221 0.218002 0.259027 0.286705 0.299173 0.299699 0.289762 0.270323 0.2474 0.229585 0.22078 0.21709 0.209846 0.193197 0.169398 0.145645 0.12798 0.118953 0.118206 0.123388 0.130757 0.136118 0.136592 0.132263 0.12606 0.121985 0.123263 0.131243 0.144703 0.159526 0.169799 0.171099 0.163598 0.151495 0.140041 0.133707 0.136059 0.149932 0.176868 0.215245 0.257166 0.287167 0.289651 0.262392 0.217393 0.168992 0.126257 0.0926893 0.0683734 0.0519225 0.0416437 0.0360679 0.0341122 0.035064 0.0384973 0.0441742 0.0519743 0.0618897 0.0740973 0.0890536 0.107478 0.130108 0.157231 0.188115 0.220538 0.250671 0.273881 0.287226 0.293151 0.301555 0.328354 0.39278 0.514622 0.697482 0.807531 0.661224 0.486341 0.352514 0.252883 0.179976 0.128741 0.0945925 0.0733271 0.0615701 0.0570322 0.0585391 0.0659095 0.0796799 0.100603 0.128862 0.163215 0.200925 0.239484 0.278668 0.317991 0.348641 0.352552 0.322916 0.27716 0.237003 0.213672 0.21029 0.226463 0.258659 0.29594 0.316418 0.300843 0.25638 0.206793 0.168616 0.147982 0.146531 0.165361 0.206056 0.26935 0.35075 0.432563 0.481054 0.472005 0.418903 0.349789 0.282771 0.226904 0.187144 0.166835 0.169283 0.199142 0.263053 0.366928 0.498916 0.578396 0.516 0.39896 0.299759 0.227049 0.175881 0.1422 0.123853 0.11983 0.129975 0.154977 0.196324 0.25581 0.333627 0.423593 0.508006 0.563829 0.57335 0.52092 0.420054 0.31365 0.227607 0.165636 0.122928 0.093763 0.0738433 0.0605092 0.052326 0.0486378 0.0492641 0.0543212 0.064091 0.0788764 0.0988573 0.124087 0.15484 0.192203 0.237881 0.291148 0.341722 0.365673 0.344416 0.290115 0.228252 0.173559 0.130006 0.0970438 0.0729751 0.056067 0.0448141 0.0379677 0.034514 0.0336364 0.0346625 0.037004 0.0401145 0.0434947 0.046754 0.0496798 0.052241 0.0545 0.0565047 0.0582623 0.0598212 0.0613833 0.0633484 0.066258 0.070676 0.077054 0.0855836 0.0960207 0.107514 0.118559 0.127216 0.131643 0.130796 0.125091 0.116651 0.108915 0.105829 0.1112 0.128413 0.159962 0.205572 0.257472 0.295217 0.295178 0.257806 0.206132 0.158942 0.123272 0.100004 0.0885044 0.0885925 0.101162 0.128227 0.17239 0.234988 0.311625 0.38574 0.431205 0.436313 0.416424 0.393774 0.383541 0.391822 0.410402 0.411193 0.368532 0.296137 0.224544 0.168608 0.129372 0.10309 0.0857534 0.0745082 0.0678165 0.0652154 0.0670414 0.0742394 0.0882615 0.111007 0.144802 0.192535 0.257903 0.343957 0.442137 0.501803 0.455898 0.349297 0.253839 0.189871 0.154705 0.140689 0.139316 0.141739 0.140172 0.130761 0.114829 0.0965313 0.0796424 0.0662278 0.0569197 0.0515577 0.0496001 0.0502648 0.0525452 0.0552689 0.0573215 0.0580139 0.0573789 0.0561658 0.0555649 0.0569575 0.0619703 0.0728996 0.0934384 0.129657 0.191271 0.292995 0.453113 0.658827 0.651755 0.440935 0.277629 0.1722 0.1064 0.0657558 0.0407401 0.0253531 0.015877 0.0100243 0.00639288 0.00412481 0.00269587 0.00178574 0.00119857 0.000814348 0.000559191 0.000387316 0.000270043 0.000189161 0.000132909 9.35507e-05 6.59055e-05 4.64441e-05 3.27295e-05 2.3062e-05 1.62481e-05 1.14464e-05 8.06338e-06 5.67988e-06 4.00041e-06 2.81676e-06 1.98237e-06 1.3941e-06 9.79377e-07 6.87093e-07 4.81235e-07 3.36393e-07 2.34623e-07 1.63241e-07 1.13277e-07 7.83869e-08 5.40863e-08 3.72086e-08 2.55209e-08 1.74518e-08 1.18983e-08 8.08814e-09 5.4822e-09 3.7054e-09 2.49762e-09 1.67908e-09 1.12593e-09 7.53175e-10 5.02657e-10 
2.05873e-10 3.00708e-10 4.3867e-10 6.39081e-10 9.29755e-10 1.35064e-09 1.95895e-09 2.83641e-09 4.09933e-09 5.91272e-09 8.50965e-09 1.2218e-08 1.74967e-08 2.49849e-08 3.55673e-08 5.04615e-08 7.13312e-08 1.00434e-07 1.4081e-07 1.96516e-07 2.72924e-07 3.77077e-07 5.18129e-07 7.07857e-07 9.61285e-07 1.29741e-06 1.74012e-06 2.31926e-06 3.07218e-06 4.04581e-06 5.29972e-06 6.91095e-06 8.98141e-06 1.16496e-05 1.51088e-05 1.96346e-05 2.56269e-05 3.36712e-05 4.46266e-05 5.97518e-05 8.08767e-05 0.000110637 0.000152779 0.000212552 0.000297185 0.000416449 0.000583265 0.000814334 0.00113072 0.00155838 0.00212873 0.0028797 0.00385801 0.00512425 0.00676262 0.00889706 0.0117135 0.0154837 0.0205798 0.0274575 0.0365795 0.0482494 0.0623538 0.0781042 0.0939937 0.10817 0.119032 0.125429 0.126346 0.120958 0.109555 0.0941726 0.0778699 0.0633895 0.052472 0.0459974 0.0444711 0.0484715 0.0589322 0.0772201 0.104895 0.142839 0.189221 0.236239 0.268651 0.271578 0.244788 0.202283 0.158385 0.120684 0.0912457 0.0694035 0.0536099 0.0423255 0.0343348 0.0287773 0.0250631 0.0227648 0.0215283 0.0210212 0.0209224 0.0209466 0.0208873 0.0206581 0.0203093 0.0200156 0.0200444 0.0207217 0.0224093 0.0254909 0.030356 0.0373617 0.0467504 0.0585189 0.0722873 0.0872989 0.102694 0.117977 0.133237 0.148724 0.164054 0.177813 0.188017 0.193015 0.19196 0.184514 0.170559 0.150675 0.126795 0.101876 0.0787219 0.0590774 0.0435175 0.031812 0.0233531 0.0174531 0.0134973 0.0109989 0.00960192 0.00906246 0.00922629 0.01001 0.0113907 0.0134066 0.0161691 0.0198864 0.0248972 0.0317159 0.0410948 0.054101 0.0721724 0.0970312 0.130215 0.17194 0.219483 0.266866 0.30854 0.343529 0.369897 0.375433 0.349641 0.305128 0.264347 0.237777 0.222515 0.209813 0.1933 0.17352 0.155684 0.144897 0.143856 0.152699 0.16894 0.187014 0.199018 0.198705 0.186399 0.168664 0.153236 0.145252 0.146406 0.155071 0.166476 0.174069 0.173027 0.163511 0.149964 0.137816 0.131456 0.134137 0.148281 0.17512 0.213189 0.255908 0.290382 0.301651 0.282639 0.240093 0.188704 0.140878 0.102527 0.0745646 0.0555749 0.0435632 0.036742 0.033765 0.0337245 0.0360723 0.0405347 0.0470534 0.0557656 0.0670164 0.0813671 0.0995386 0.122241 0.14989 0.182201 0.217592 0.25237 0.280501 0.296182 0.299922 0.302349 0.320824 0.37392 0.476969 0.622956 0.696491 0.576885 0.421096 0.30092 0.215173 0.155102 0.114016 0.0870459 0.0704925 0.0616344 0.0587151 0.0609379 0.0683814 0.081743 0.101799 0.128501 0.159908 0.191911 0.220062 0.242436 0.259141 0.268174 0.264952 0.248876 0.227413 0.211203 0.208451 0.224415 0.263177 0.327077 0.407389 0.461475 0.43073 0.339921 0.251125 0.188357 0.153017 0.14164 0.151404 0.180569 0.226841 0.284384 0.340891 0.379124 0.386434 0.363241 0.319771 0.268648 0.221059 0.185366 0.167354 0.171794 0.204372 0.272916 0.385341 0.532624 0.627085 0.560689 0.43732 0.333727 0.255662 0.198294 0.159103 0.137094 0.131752 0.14313 0.172258 0.221446 0.294239 0.393484 0.512315 0.614206 0.644416 0.601978 0.514863 0.405318 0.300512 0.216936 0.156591 0.115043 0.0870217 0.0684143 0.056543 0.0498875 0.0477341 0.0499066 0.056586 0.0681723 0.0851561 0.108037 0.137469 0.174921 0.223868 0.290417 0.380222 0.484128 0.54679 0.502173 0.396487 0.295382 0.216615 0.158607 0.11678 0.087248 0.0670879 0.0540724 0.0464576 0.0428683 0.042224 0.0436641 0.0464601 0.0499402 0.0534827 0.0566058 0.05909 0.0610017 0.0625566 0.0639241 0.0651424 0.0662117 0.0672759 0.068748 0.0712947 0.0756895 0.0825862 0.0922402 0.10419 0.11699 0.128247 0.135289 0.136358 0.131565 0.122883 0.113411 0.106641 0.106125 0.115531 0.138844 0.180182 0.241777 0.316854 0.375893 0.374736 0.315171 0.240813 0.178383 0.13354 0.104509 0.0886915 0.0845343 0.0917492 0.111004 0.143202 0.188065 0.241901 0.295934 0.338925 0.364958 0.378193 0.390184 0.416036 0.470223 0.552241 0.604044 0.533037 0.398859 0.284664 0.205464 0.153757 0.12013 0.0976623 0.0822141 0.0717751 0.0657046 0.0641608 0.0677744 0.0775051 0.0945855 0.120483 0.156807 0.204795 0.26292 0.320045 0.348609 0.324992 0.265535 0.203896 0.157664 0.129618 0.116368 0.112535 0.112301 0.110659 0.104858 0.0949587 0.0828474 0.0706966 0.0600632 0.0517568 0.0460266 0.0427475 0.0415263 0.04177 0.0427776 0.0439004 0.0447414 0.0453003 0.0459782 0.0474749 0.0507236 0.0570089 0.0683153 0.0878517 0.120646 0.173944 0.256249 0.36973 0.477764 0.473552 0.359634 0.24217 0.156086 0.0989279 0.0623446 0.039297 0.0248732 0.0158604 0.0102166 0.00666345 0.00440732 0.0029581 0.0020139 0.00138883 0.000968095 0.000680399 0.000480942 0.000341137 0.000242373 0.000172261 0.000122369 8.68443e-05 6.1566e-05 4.36015e-05 3.08533e-05 2.18192e-05 1.54238e-05 1.08995e-05 7.70002e-06 5.43759e-06 3.83768e-06 2.70623e-06 1.90616e-06 1.34063e-06 9.41159e-07 6.59307e-07 4.60741e-07 3.21119e-07 2.23166e-07 1.54625e-07 1.068e-07 7.35325e-08 5.04648e-08 3.45226e-08 2.35416e-08 1.60033e-08 1.08457e-08 7.32857e-09 4.93783e-09 3.31784e-09 2.22346e-09 1.48631e-09 9.91169e-10 6.59481e-10 
2.74397e-10 4.01168e-10 5.85803e-10 8.54361e-10 1.24444e-09 1.81018e-09 2.62937e-09 3.81342e-09 5.52155e-09 7.98042e-09 1.15116e-08 1.65696e-08 2.37936e-08 3.40782e-08 4.86687e-08 6.92883e-08 9.83053e-08 1.38952e-07 1.95604e-07 2.74135e-07 3.82361e-07 5.30573e-07 7.32186e-07 1.00449e-06 1.36953e-06 1.85507e-06 2.49573e-06 3.33421e-06 4.42284e-06 5.82554e-06 7.62055e-06 9.90466e-06 1.28e-05 1.64652e-05 2.11128e-05 2.70374e-05 3.4659e-05 4.45868e-05 5.77137e-05 7.53492e-05 9.9404e-05 0.000132638 0.000178983 0.000243955 0.000335142 0.000462767 0.000640276 0.000884873 0.00121792 0.00166511 0.00225641 0.00302611 0.00401367 0.00526683 0.00684892 0.00885202 0.0114159 0.0147484 0.0191356 0.0249251 0.0324581 0.0419341 0.0532213 0.0656855 0.0781851 0.089334 0.0978871 0.1029 0.103618 0.0995742 0.0911038 0.0796768 0.0674673 0.0565461 0.0484103 0.0440352 0.0442127 0.0499356 0.0627289 0.0848976 0.119578 0.170168 0.237885 0.314774 0.372429 0.372189 0.316123 0.242729 0.177712 0.127908 0.0921138 0.0671694 0.0500443 0.0383755 0.0304826 0.025229 0.021857 0.0198459 0.0188091 0.0184324 0.0184494 0.0186437 0.018865 0.0190432 0.0191946 0.019416 0.0198727 0.0207849 0.022413 0.0250381 0.0289363 0.0343452 0.0414248 0.0502211 0.0606583 0.0726074 0.0860468 0.101214 0.118508 0.137959 0.158407 0.177039 0.190038 0.194403 0.189447 0.176568 0.157955 0.135823 0.112371 0.0897036 0.0694826 0.0526326 0.0393502 0.0293354 0.0220572 0.016947 0.0135013 0.0113204 0.0101102 0.00967049 0.00988055 0.0106876 0.0121006 0.0141907 0.0170975 0.0210403 0.0263322 0.0334034 0.0428438 0.0554799 0.0724654 0.0952879 0.125498 0.164011 0.210315 0.262977 0.32269 0.393683 0.471544 0.5144 0.471086 0.380482 0.30189 0.25122 0.222156 0.203885 0.188822 0.175331 0.16616 0.16524 0.175722 0.199134 0.23391 0.272274 0.298378 0.296661 0.268052 0.228707 0.193824 0.170689 0.160459 0.160467 0.165356 0.168585 0.165446 0.155701 0.142992 0.132073 0.126984 0.130866 0.146287 0.17515 0.217684 0.270139 0.321223 0.350269 0.33764 0.286667 0.221203 0.161335 0.114839 0.0818724 0.0598995 0.0460775 0.0380702 0.03419 0.0333195 0.0347952 0.0383129 0.0438659 0.0517068 0.0623161 0.0763543 0.0945783 0.117723 0.146358 0.180644 0.21967 0.25993 0.293607 0.310778 0.308978 0.299838 0.301833 0.329791 0.388208 0.458117 0.481766 0.422559 0.327868 0.242634 0.178067 0.132269 0.101112 0.0808988 0.0687283 0.0624845 0.0608402 0.0632767 0.0700329 0.0818639 0.0994953 0.122731 0.149456 0.175418 0.19598 0.208973 0.215168 0.215781 0.211279 0.203264 0.196098 0.195841 0.208456 0.239787 0.297425 0.392215 0.530857 0.657976 0.592273 0.422627 0.288579 0.203074 0.155284 0.135367 0.136966 0.156067 0.189114 0.230963 0.273518 0.306551 0.321121 0.31328 0.285666 0.246611 0.20684 0.175717 0.159876 0.164256 0.193725 0.25357 0.345992 0.455351 0.523217 0.497533 0.42103 0.341421 0.271278 0.213882 0.172153 0.147853 0.14153 0.153605 0.185341 0.239515 0.321059 0.436511 0.584494 0.713286 0.707676 0.600032 0.479203 0.367548 0.27249 0.198364 0.144398 0.106783 0.0812904 0.0645288 0.0542041 0.0489721 0.0481987 0.0517503 0.0598338 0.0728705 0.0914067 0.116133 0.148226 0.190334 0.248386 0.333676 0.463582 0.653468 0.827986 0.704184 0.505198 0.359338 0.258244 0.187478 0.13768 0.103147 0.0800858 0.0656755 0.0576697 0.0542576 0.0540119 0.0558359 0.0588685 0.0623695 0.0656739 0.0682881 0.0700613 0.071231 0.0722223 0.0733352 0.0745799 0.0757914 0.0769355 0.0783929 0.0810394 0.0860658 0.0946095 0.107277 0.123573 0.141327 0.15657 0.164712 0.163091 0.15285 0.138147 0.123842 0.114077 0.112261 0.121734 0.146418 0.190906 0.25858 0.343789 0.413533 0.41186 0.341315 0.256974 0.188264 0.139452 0.107396 0.0886253 0.0809585 0.0834942 0.0961875 0.11924 0.15225 0.193221 0.238069 0.281599 0.319919 0.353076 0.387721 0.439686 0.534487 0.703091 0.909357 0.731669 0.491863 0.336151 0.240306 0.181014 0.14262 0.115796 0.0957835 0.0807019 0.0701498 0.0643232 0.0636118 0.0684877 0.0794916 0.0971845 0.121931 0.153228 0.188053 0.218382 0.231591 0.219615 0.188688 0.15322 0.123895 0.104547 0.094512 0.0910255 0.0906277 0.0901438 0.0874907 0.0820353 0.0743215 0.0654684 0.0566532 0.0488223 0.0425744 0.0381469 0.0354647 0.0342279 0.0340235 0.0344547 0.035263 0.0364065 0.03807 0.0406365 0.0446966 0.0511679 0.0615309 0.078105 0.104174 0.143523 0.198206 0.262071 0.310208 0.307317 0.254055 0.185984 0.127528 0.0846374 0.0553451 0.0360332 0.0235212 0.0154724 0.0102949 0.00694572 0.00475637 0.00330443 0.00232499 0.00165234 0.00118258 0.000849842 0.000611706 0.000440169 0.000316239 0.000226688 0.000162091 0.000115626 8.23111e-05 5.85003e-05 4.15285e-05 2.94567e-05 2.08825e-05 1.47976e-05 1.04809e-05 7.41868e-06 5.24643e-06 3.70565e-06 2.61316e-06 1.83911e-06 1.29132e-06 9.04297e-07 6.31428e-07 4.39522e-07 3.0494e-07 2.10853e-07 1.45295e-07 9.97756e-08 6.82818e-08 4.65709e-08 3.16582e-08 2.14515e-08 1.44902e-08 9.75863e-09 6.55323e-09 4.38865e-09 2.93139e-09 1.95319e-09 1.29839e-09 8.61224e-10 
3.65163e-10 5.34297e-10 7.80872e-10 1.13991e-09 1.66206e-09 2.42042e-09 3.52025e-09 5.11285e-09 7.41507e-09 1.07369e-08 1.55198e-08 2.23905e-08 3.22348e-08 4.6299e-08 6.63278e-08 9.47493e-08 1.34922e-07 1.91457e-07 2.7064e-07 3.80963e-07 5.33796e-07 7.44204e-07 1.03193e-06 1.42254e-06 1.94871e-06 2.65163e-06 3.58251e-06 4.80407e-06 6.39215e-06 8.4373e-06 1.10469e-05 1.43482e-05 1.84932e-05 2.3668e-05 3.01079e-05 3.81241e-05 4.81457e-05 6.07855e-05 7.6937e-05 9.79142e-05 0.000125645 0.000162929 0.000213776 0.000283819 0.000380811 0.000515172 0.000700522 0.000954125 0.00129708 0.00175414 0.00235308 0.00312383 0.00409795 0.0053099 0.00680188 0.00863407 0.0109002 0.0137441 0.0173679 0.0220164 0.0279222 0.0352049 0.0437413 0.0530642 0.0623737 0.0707042 0.0771543 0.0810095 0.0817437 0.0791136 0.0734177 0.0656431 0.0572411 0.0496985 0.0442593 0.0419396 0.0437558 0.0510515 0.0658813 0.0914703 0.132753 0.196789 0.291869 0.419714 0.539686 0.533024 0.410774 0.287608 0.196464 0.134196 0.0927276 0.0653622 0.0473646 0.0355581 0.0278657 0.022949 0.0199447 0.0182826 0.0175646 0.0174934 0.0178379 0.0184198 0.0191113 0.0198325 0.0205499 0.0212784 0.0220909 0.0231274 0.0245916 0.0267253 0.0297686 0.0339242 0.0393499 0.0461916 0.0546634 0.0651653 0.0784032 0.0954043 0.117236 0.144208 0.174524 0.20308 0.222288 0.226198 0.214585 0.192101 0.164379 0.135711 0.108791 0.0851294 0.0653947 0.0496449 0.0375347 0.0285136 0.0219832 0.0173948 0.0142925 0.0123217 0.011222 0.0108172 0.0110078 0.0117666 0.0131362 0.0152274 0.0182174 0.022344 0.0278949 0.0351976 0.0446325 0.0566999 0.072153 0.0921269 0.118119 0.151768 0.194845 0.250481 0.326313 0.437058 0.595415 0.732455 0.631512 0.455114 0.331789 0.259247 0.219805 0.198744 0.186942 0.180971 0.181644 0.192039 0.216236 0.258479 0.320788 0.395518 0.452254 0.447944 0.385634 0.308571 0.244409 0.200359 0.174905 0.163376 0.159648 0.157412 0.152231 0.143227 0.132685 0.124189 0.121239 0.126996 0.144608 0.177504 0.229183 0.30143 0.387383 0.454361 0.446067 0.363747 0.26591 0.185557 0.127959 0.0892277 0.064241 0.0487689 0.0397617 0.0351599 0.0336487 0.0344692 0.037299 0.0421817 0.049474 0.0597815 0.0738641 0.0925093 0.116403 0.146044 0.18165 0.22261 0.265645 0.301899 0.318346 0.309999 0.289112 0.274477 0.27772 0.29854 0.322492 0.324899 0.293147 0.240949 0.188259 0.145101 0.113305 0.0914158 0.0772584 0.0688439 0.0646464 0.0637161 0.0657532 0.0710927 0.0804852 0.0945875 0.113195 0.134489 0.154993 0.170968 0.180528 0.184258 0.18387 0.181184 0.178602 0.179716 0.18894 0.210767 0.250089 0.314391 0.416618 0.570954 0.729833 0.643635 0.44329 0.295778 0.203523 0.151141 0.126719 0.122639 0.134046 0.157174 0.187861 0.220605 0.248586 0.264813 0.264258 0.246527 0.217135 0.185176 0.159338 0.145898 0.149133 0.172327 0.217592 0.282705 0.353828 0.402284 0.406734 0.375797 0.327083 0.271905 0.219888 0.179231 0.154563 0.147672 0.159387 0.190899 0.244483 0.324149 0.43542 0.57647 0.694845 0.671602 0.547799 0.423544 0.320943 0.239621 0.177484 0.131836 0.0994184 0.0771071 0.0624131 0.0536235 0.0497246 0.0502552 0.055153 0.0646113 0.0789572 0.0985925 0.124115 0.156838 0.199953 0.260422 0.351243 0.493461 0.715226 0.977081 0.788398 0.556938 0.39983 0.291318 0.214047 0.158848 0.12052 0.0953981 0.080396 0.0727717 0.0701389 0.0705555 0.0725889 0.0752741 0.0779568 0.0801489 0.0815582 0.0822632 0.0827674 0.0837309 0.085523 0.0879524 0.0904123 0.0924113 0.0941856 0.096975 0.102752 0.113571 0.130797 0.154204 0.180851 0.204296 0.216187 0.211524 0.192979 0.168478 0.14569 0.129615 0.123271 0.129118 0.150036 0.189319 0.24858 0.320685 0.377102 0.376524 0.320274 0.248625 0.187027 0.141131 0.10933 0.0890907 0.0786789 0.0772749 0.0846889 0.100997 0.126119 0.159371 0.199137 0.2428 0.287117 0.329935 0.374506 0.434477 0.534925 0.706899 0.912763 0.742708 0.509363 0.359163 0.26793 0.211194 0.172298 0.141931 0.116392 0.0951469 0.078726 0.0676257 0.0620372 0.0619355 0.0672045 0.0776487 0.092812 0.111511 0.13107 0.146777 0.153031 0.146937 0.131133 0.111906 0.094968 0.0832834 0.0772775 0.07579 0.0768922 0.078492 0.0788083 0.0767138 0.0719066 0.0648828 0.056686 0.0485057 0.041307 0.0356461 0.0316783 0.0292738 0.0281593 0.0280441 0.028711 0.0300661 0.0321485 0.0351283 0.0393339 0.0453394 0.0540961 0.067017 0.0858363 0.111916 0.14451 0.177845 0.199576 0.197321 0.171296 0.134087 0.0979904 0.0687617 0.0472412 0.0321982 0.0219713 0.0151061 0.0105064 0.0074054 0.00528835 0.00381884 0.00278024 0.0020338 0.00149015 0.00109074 0.000796118 0.000578787 0.000418941 0.000301933 0.00021676 0.000155111 0.000110719 7.88908e-05 5.61457e-05 3.99282e-05 2.83803e-05 2.01623e-05 1.4315e-05 1.01541e-05 7.19334e-06 5.08718e-06 3.59001e-06 2.52705e-06 1.77369e-06 1.24097e-06 8.65304e-07 6.01212e-07 4.16193e-07 2.87045e-07 1.97239e-07 1.35032e-07 9.21117e-08 6.26131e-08 4.24167e-08 2.86407e-08 1.92782e-08 1.29374e-08 8.65751e-09 5.77785e-09 3.84623e-09 2.55427e-09 1.6925e-09 1.11915e-09 
4.85268e-10 7.10535e-10 1.0392e-09 1.51821e-09 2.21552e-09 3.22945e-09 4.7019e-09 6.83737e-09 9.92987e-09 1.44011e-08 2.08541e-08 3.01485e-08 4.35053e-08 6.26512e-08 9.00171e-08 1.29007e-07 1.84358e-07 2.62622e-07 3.7279e-07 5.27102e-07 7.42066e-07 1.03972e-06 1.44916e-06 2.0083e-06 2.7659e-06 3.78371e-06 5.13863e-06 6.92476e-06 9.2551e-06 1.22628e-05 1.61022e-05 2.0949e-05 2.70029e-05 3.44915e-05 4.36809e-05 5.48972e-05 6.85647e-05 8.52691e-05 0.000105856 0.000131573 0.000164275 0.000206684 0.000262737 0.000338001 0.000440154 0.000579497 0.000769428 0.00102676 0.00137171 0.0018274 0.00241878 0.00317091 0.00410749 0.00525056 0.00662336 0.00825802 0.0102082 0.0125631 0.0154542 0.019044 0.0234848 0.0288486 0.0350435 0.0417556 0.048462 0.0545279 0.0593381 0.0623846 0.0633066 0.0619646 0.0585678 0.0537408 0.0484227 0.0436661 0.0404937 0.0399074 0.0430433 0.0514429 0.0674482 0.0947907 0.139496 0.211248 0.325146 0.501591 0.733914 0.712266 0.481722 0.31315 0.204299 0.13506 0.0910071 0.0628935 0.0449088 0.0334154 0.0261388 0.0216577 0.0190797 0.0178334 0.0175394 0.0179328 0.0188206 0.0200557 0.0215152 0.02308 0.0246244 0.0260334 0.0272503 0.0283323 0.0294702 0.0309501 0.0330741 0.0360966 0.0402278 0.0457234 0.053044 0.0630418 0.0771109 0.0972019 0.125497 0.163358 0.209042 0.254532 0.285329 0.289216 0.267073 0.229753 0.188037 0.148672 0.114868 0.0875236 0.0662706 0.0502021 0.0382971 0.0296244 0.0234174 0.0190766 0.0161446 0.0142749 0.01321 0.0127731 0.0128682 0.0134845 0.0146983 0.0166673 0.0196172 0.0238163 0.029535 0.0369999 0.0463684 0.0577841 0.0715577 0.0884366 0.109824 0.137892 0.175912 0.22954 0.309523 0.434995 0.63257 0.86108 0.695153 0.473323 0.33509 0.256902 0.216218 0.197615 0.191841 0.194696 0.205821 0.227728 0.265578 0.327271 0.421953 0.551008 0.671241 0.661772 0.533951 0.402231 0.302241 0.23413 0.191527 0.167255 0.154249 0.146223 0.138802 0.130406 0.121993 0.115945 0.115131 0.12267 0.142276 0.178934 0.239735 0.334083 0.4685 0.609732 0.604582 0.452204 0.307737 0.205401 0.137948 0.0947483 0.0676498 0.0510933 0.0414372 0.03635 0.0343889 0.0347441 0.0370988 0.0415552 0.0485753 0.0588931 0.0733739 0.0928087 0.117679 0.147992 0.183266 0.222326 0.261876 0.293694 0.305582 0.292629 0.265769 0.241516 0.229219 0.228331 0.230534 0.224782 0.205551 0.176771 0.146461 0.120344 0.100458 0.0865216 0.0773703 0.0717622 0.068728 0.0677124 0.0686544 0.07199 0.0784697 0.0887342 0.10273 0.119225 0.135859 0.150033 0.160115 0.165886 0.168092 0.168225 0.168871 0.173743 0.186892 0.211679 0.250665 0.307147 0.386313 0.486113 0.557869 0.507905 0.380348 0.266074 0.187381 0.139895 0.115857 0.109107 0.115298 0.131073 0.153137 0.177564 0.199521 0.213663 0.21556 0.204073 0.182824 0.158715 0.138779 0.128262 0.130545 0.147632 0.179911 0.224481 0.272779 0.311417 0.329563 0.324602 0.299168 0.259711 0.216738 0.180483 0.1573 0.150055 0.159975 0.187899 0.234739 0.301478 0.387824 0.484122 0.550835 0.532965 0.448706 0.354154 0.273035 0.208517 0.158828 0.121535 0.0942913 0.0750713 0.0623019 0.0549042 0.0522622 0.0541465 0.0606021 0.0718005 0.0878794 0.108857 0.134807 0.166527 0.206762 0.261618 0.341146 0.456634 0.605168 0.71405 0.663739 0.533922 0.413424 0.315637 0.238603 0.180518 0.139697 0.113717 0.0995009 0.0936907 0.0930056 0.0946234 0.0965468 0.097756 0.0980075 0.0974508 0.0964187 0.0954982 0.0955802 0.0975593 0.101755 0.107461 0.113071 0.117007 0.119074 0.121189 0.126796 0.139522 0.16194 0.194412 0.233353 0.269127 0.287362 0.278727 0.248498 0.210694 0.176703 0.152146 0.139132 0.13871 0.152086 0.180445 0.222874 0.271627 0.307541 0.308979 0.275618 0.227269 0.180584 0.14198 0.112416 0.0914189 0.0785299 0.0735509 0.076494 0.0875018 0.106734 0.134168 0.169258 0.210407 0.254594 0.298492 0.342471 0.394645 0.46809 0.563882 0.627301 0.570522 0.453034 0.356248 0.292482 0.249605 0.214296 0.179771 0.145995 0.115783 0.0914671 0.0739431 0.0630455 0.05812 0.0583858 0.0630422 0.0711687 0.0814685 0.0919787 0.100068 0.10317 0.100164 0.0922636 0.0823612 0.0734581 0.0675351 0.0653062 0.066455 0.0699395 0.0742279 0.0775356 0.0782029 0.075246 0.0688008 0.0600519 0.0506316 0.0419503 0.0348558 0.0296461 0.0262505 0.0244227 0.0238817 0.0243939 0.0258068 0.0280539 0.0311552 0.035238 0.0405893 0.0477148 0.0573307 0.0701676 0.0864397 0.104916 0.121968 0.131918 0.130056 0.116473 0.0960145 0.074432 0.0554318 0.0403603 0.0291139 0.0210035 0.0152465 0.01117 0.0082624 0.00615998 0.00461499 0.00346246 0.00259321 0.00193391 0.00143371 0.00105574 0.000772104 0.000561059 0.000405428 0.000291635 0.000209057 0.0001495 0.000106744 7.61464e-05 5.42904e-05 3.86908e-05 2.7558e-05 1.96113e-05 1.39379e-05 9.88798e-06 6.99879e-06 4.94017e-06 3.47611e-06 2.43744e-06 1.70278e-06 1.18494e-06 8.21299e-07 5.66972e-07 3.89837e-07 2.66987e-07 1.82148e-07 1.23804e-07 8.38462e-08 5.6589e-08 3.80672e-08 2.55278e-08 1.70683e-08 1.13804e-08 7.56808e-09 5.02057e-09 3.323e-09 2.19478e-09 1.44679e-09 
6.44056e-10 9.43634e-10 1.381e-09 2.01886e-09 2.94816e-09 4.30064e-09 6.26684e-09 9.12197e-09 1.32628e-08 1.92601e-08 2.79333e-08 4.04549e-08 5.84979e-08 8.44407e-08 1.2165e-07 1.74868e-07 2.5074e-07 3.5852e-07 5.11004e-07 7.25748e-07 1.02663e-06 1.44579e-06 2.02605e-06 2.82366e-06 3.9116e-06 5.38293e-06 7.3543e-06 9.96901e-06 1.33992e-05 1.78469e-05 2.35426e-05 3.07428e-05 3.97255e-05 5.07869e-05 6.42415e-05 8.04329e-05 9.97621e-05 0.000122743 0.000150101 0.000182913 0.000222824 0.000272315 0.000335055 0.000416314 0.000523418 0.000666215 0.000857463 0.00111301 0.00145163 0.00189423 0.00246237 0.0031762 0.00405215 0.00510174 0.00633306 0.00775658 0.00939557 0.0112981 0.0135439 0.0162374 0.0194797 0.0233218 0.0277117 0.0324603 0.0372486 0.0416797 0.0453512 0.047912 0.0491049 0.0488202 0.0471674 0.0445176 0.0414757 0.0388 0.0373395 0.0380412 0.0420502 0.0509124 0.0669068 0.093572 0.136514 0.204512 0.310376 0.467198 0.646178 0.630744 0.447271 0.295138 0.193154 0.127548 0.0857728 0.0592342 0.0423976 0.0317702 0.0251696 0.0212413 0.0191485 0.0183741 0.0185968 0.0196156 0.0213022 0.0235582 0.0262652 0.0292297 0.0321517 0.0346647 0.0364656 0.037478 0.0379338 0.0382995 0.0390949 0.0407419 0.043551 0.0478669 0.0543221 0.0641172 0.0792544 0.102644 0.137896 0.18824 0.253355 0.322914 0.371974 0.376482 0.339785 0.283155 0.223756 0.170815 0.127971 0.0953597 0.0714164 0.0541494 0.041781 0.0329502 0.0266927 0.0223393 0.0194107 0.0175422 0.0164471 0.0159145 0.0158252 0.0161707 0.0170596 0.0187056 0.0213963 0.0254431 0.0311135 0.038548 0.0477014 0.0583834 0.0704848 0.0843718 0.101273 0.123506 0.154692 0.20037 0.268877 0.370343 0.503916 0.601911 0.540597 0.408227 0.304852 0.242372 0.211176 0.201045 0.204844 0.218668 0.241338 0.274413 0.323266 0.398442 0.515205 0.686533 0.877051 0.862995 0.668987 0.492788 0.361962 0.27105 0.211486 0.174715 0.152848 0.139262 0.1293 0.120712 0.113444 0.108927 0.109417 0.11778 0.137806 0.174998 0.237794 0.338784 0.49238 0.67863 0.675565 0.480666 0.318487 0.210036 0.140523 0.0966473 0.0692984 0.0525816 0.0427452 0.0374269 0.0351818 0.0352149 0.0372469 0.041449 0.0483885 0.0589305 0.0740538 0.0945405 0.120544 0.151186 0.184531 0.21798 0.248088 0.269025 0.273169 0.25812 0.231849 0.206174 0.18812 0.177985 0.171571 0.16365 0.151419 0.135841 0.119944 0.1063 0.0958897 0.0883893 0.0829489 0.0788256 0.0756424 0.0733888 0.0723768 0.0732135 0.0766827 0.0834594 0.0937303 0.106918 0.121717 0.136478 0.149627 0.159795 0.165998 0.168498 0.169769 0.17415 0.186059 0.208089 0.240279 0.281095 0.328351 0.374086 0.393895 0.361597 0.291019 0.217874 0.161297 0.124383 0.104337 0.0974776 0.100629 0.111119 0.126368 0.143479 0.15901 0.169182 0.170856 0.16315 0.148448 0.131517 0.117472 0.110298 0.112539 0.125472 0.149007 0.181062 0.216898 0.249656 0.272352 0.279577 0.268788 0.242776 0.209826 0.179423 0.158405 0.150415 0.157016 0.178613 0.214704 0.263526 0.320741 0.375585 0.406882 0.395176 0.347352 0.287292 0.231025 0.183675 0.145474 0.115416 0.0924331 0.0756343 0.0643305 0.0580587 0.0566126 0.0600403 0.0685659 0.0824053 0.101489 0.125215 0.152549 0.182871 0.217541 0.261094 0.32032 0.39928 0.487923 0.550373 0.550329 0.497973 0.422108 0.340345 0.264767 0.203933 0.161267 0.135946 0.124766 0.123357 0.126899 0.130922 0.132342 0.130152 0.125169 0.119053 0.113476 0.109929 0.109826 0.114312 0.123584 0.136045 0.148088 0.155626 0.157284 0.156365 0.159216 0.172021 0.198801 0.24037 0.292391 0.341913 0.367548 0.354434 0.311347 0.259622 0.214279 0.181072 0.160846 0.153052 0.157288 0.173173 0.198742 0.227951 0.249861 0.253882 0.238377 0.210566 0.178574 0.147368 0.119654 0.0972136 0.0812661 0.0724991 0.0712163 0.0775627 0.0916669 0.113593 0.143022 0.178658 0.217734 0.256781 0.294442 0.3338 0.379122 0.425536 0.450261 0.432847 0.389934 0.351696 0.327704 0.307962 0.278203 0.235039 0.186756 0.142786 0.107865 0.0827413 0.0663002 0.0569242 0.0530732 0.0534186 0.0567594 0.0618533 0.0672826 0.0715106 0.0732423 0.0719651 0.0682571 0.0635483 0.0595059 0.0574824 0.05825 0.0619405 0.0680156 0.0751957 0.0814781 0.0845479 0.0827259 0.0759249 0.0657114 0.0543652 0.0438167 0.0351706 0.0287849 0.0245606 0.0222044 0.0213927 0.021849 0.0233657 0.025798 0.0290553 0.0331079 0.0380136 0.0439431 0.0511537 0.0598431 0.0698396 0.0801868 0.0889049 0.0934139 0.091807 0.0841338 0.0723987 0.0592869 0.0469068 0.0363539 0.0279041 0.0213762 0.0164155 0.0126551 0.00978458 0.00756834 0.00583823 0.00447815 0.00340768 0.00256896 0.00191769 0.00141786 0.0010392 0.000755984 0.000546655 0.000393511 0.000282396 0.000202272 0.000144734 0.000103515 7.40128e-05 5.28974e-05 3.7777e-05 2.69443e-05 1.91821e-05 1.36226e-05 9.64544e-06 6.80589e-06 4.78397e-06 3.34901e-06 2.33451e-06 1.62026e-06 1.11964e-06 7.70351e-07 5.27786e-07 3.60111e-07 2.4473e-07 1.65685e-07 1.11764e-07 7.51311e-08 5.0341e-08 3.36272e-08 2.2398e-08 1.48785e-08 9.85876e-09 6.51743e-09 4.29934e-09 2.83057e-09 1.86023e-09 
8.53809e-10 1.25169e-09 1.83287e-09 2.68092e-09 3.91716e-09 5.71755e-09 8.33699e-09 1.21444e-08 1.76726e-08 2.56906e-08 3.73055e-08 5.41077e-08 7.83759e-08 1.13365e-07 1.63707e-07 2.35967e-07 3.39402e-07 4.86998e-07 6.96849e-07 9.93987e-07 1.41275e-06 1.99982e-06 2.81793e-06 3.95039e-06 5.5063e-06 7.62623e-06 1.0488e-05 1.43119e-05 1.93642e-05 2.59579e-05 3.44498e-05 4.52309e-05 5.87135e-05 7.53122e-05 9.54266e-05 0.000119431 0.000147681 0.000180555 0.000218543 0.000262393 0.000313333 0.000373365 0.000445624 0.000534794 0.000647542 0.00079292 0.000982664 0.00123125 0.00155553 0.00197379 0.00250407 0.0031618 0.00395732 0.00489415 0.00596977 0.00718023 0.00852885 0.0100368 0.0117502 0.0137369 0.0160691 0.0187926 0.0218931 0.0252737 0.0287555 0.0321018 0.0350542 0.0373669 0.038839 0.0393559 0.0389408 0.0377978 0.0363238 0.0350898 0.0348154 0.0363683 0.0408133 0.0495321 0.0644305 0.0882483 0.124922 0.179657 0.257285 0.354003 0.433784 0.426925 0.339651 0.242124 0.165816 0.112742 0.0775159 0.0546411 0.0399831 0.0307231 0.0250286 0.0217468 0.0201754 0.019906 0.0207229 0.0225392 0.0253454 0.0291462 0.0338604 0.0391901 0.0445227 0.0489868 0.0517509 0.0524564 0.0514672 0.049703 0.0481933 0.0477125 0.048721 0.0515967 0.0570173 0.0663551 0.0820026 0.107585 0.147916 0.208112 0.290108 0.383339 0.453078 0.460516 0.411539 0.33782 0.261899 0.195879 0.144305 0.106609 0.0799795 0.0613401 0.0482081 0.0388685 0.0322331 0.0276149 0.0245315 0.0225853 0.0214206 0.020743 0.020368 0.0202672 0.0205829 0.0216004 0.023688 0.0272159 0.0324602 0.0394968 0.0481199 0.057875 0.0683135 0.0794641 0.0922946 0.108898 0.132401 0.166775 0.216163 0.281792 0.352659 0.394011 0.37368 0.314228 0.257132 0.220439 0.205474 0.208499 0.22557 0.253611 0.290278 0.33476 0.390638 0.468712 0.584787 0.745667 0.902638 0.905058 0.750769 0.571742 0.421489 0.310531 0.235041 0.186791 0.157103 0.138554 0.125838 0.116081 0.108591 0.104211 0.104692 0.112428 0.13064 0.163913 0.218729 0.302805 0.417984 0.528308 0.525521 0.408715 0.286595 0.195812 0.134469 0.0944928 0.0689842 0.0530672 0.0434903 0.0381472 0.0357302 0.0355262 0.0373197 0.0413509 0.0482749 0.0590665 0.0748078 0.096277 0.123287 0.153955 0.18458 0.210845 0.229406 0.237759 0.233714 0.217738 0.195044 0.17268 0.155164 0.143183 0.13488 0.127855 0.120771 0.11385 0.108128 0.104269 0.101883 0.0997452 0.0966551 0.0922086 0.086901 0.0816763 0.0775034 0.0752596 0.0757489 0.0796393 0.0873124 0.0987402 0.113458 0.13053 0.148312 0.164108 0.174673 0.178384 0.177492 0.177455 0.18364 0.198416 0.220259 0.244965 0.267713 0.282688 0.281147 0.256836 0.215587 0.171295 0.134479 0.108967 0.0944616 0.0891607 0.0909955 0.0979509 0.108004 0.118988 0.128539 0.134287 0.134442 0.128686 0.11867 0.107527 0.0986952 0.0949762 0.0981977 0.10925 0.128094 0.153575 0.183156 0.212847 0.23743 0.251158 0.249778 0.233601 0.208352 0.182189 0.162026 0.152037 0.153965 0.167827 0.192217 0.224183 0.258779 0.288333 0.303045 0.296303 0.270991 0.236584 0.201113 0.168324 0.139356 0.114596 0.094365 0.078923 0.068409 0.0629104 0.0626067 0.0678699 0.0792323 0.0971486 0.121502 0.150937 0.182535 0.212872 0.240859 0.270102 0.307369 0.357188 0.415655 0.468526 0.498847 0.49504 0.451312 0.376861 0.296158 0.229588 0.185158 0.162674 0.15819 0.16574 0.177887 0.186956 0.187557 0.178767 0.16381 0.147512 0.13398 0.126015 0.1256 0.13419 0.152049 0.176588 0.200723 0.214715 0.214008 0.205095 0.200385 0.210026 0.239132 0.287815 0.349817 0.408882 0.439074 0.422694 0.370983 0.309778 0.256454 0.216848 0.190635 0.175779 0.17078 0.174882 0.18677 0.202984 0.217757 0.225281 0.22262 0.20996 0.188948 0.162243 0.133756 0.107717 0.0872675 0.0739967 0.0683525 0.0702609 0.0795312 0.0959374 0.118981 0.147418 0.178919 0.210596 0.240673 0.269666 0.298658 0.325326 0.343167 0.349265 0.35217 0.364804 0.388636 0.403083 0.377996 0.313631 0.238822 0.17445 0.126272 0.0929095 0.0711688 0.058002 0.0509937 0.0483327 0.0486284 0.0507091 0.0534823 0.0559261 0.0572365 0.0570563 0.0556215 0.0536982 0.0523385 0.0525955 0.0552959 0.0608547 0.0690479 0.0787095 0.0875458 0.0925512 0.0913474 0.0836928 0.0716549 0.0582318 0.0458564 0.035825 0.0284924 0.0236876 0.0210459 0.0201924 0.0208139 0.0226663 0.0255526 0.0292975 0.0337379 0.0387351 0.0441992 0.0500898 0.0563488 0.062747 0.0687025 0.073223 0.0751457 0.0736628 0.0687967 0.0614232 0.0528303 0.0441929 0.0362865 0.0294682 0.0237934 0.0191521 0.0153728 0.012286 0.00975189 0.00766747 0.00595922 0.00457269 0.00346324 0.00259044 0.00191594 0.00140357 0.00102039 0.00073762 0.000531177 0.000381653 0.000273929 0.000196547 0.000141019 0.000101164 7.25311e-05 5.19399e-05 3.71234e-05 2.64639e-05 1.88036e-05 1.33098e-05 9.38147e-06 6.58274e-06 4.59733e-06 3.19545e-06 2.21049e-06 1.52196e-06 1.04312e-06 7.11774e-07 4.83626e-07 3.27282e-07 2.20633e-07 1.482e-07 9.92082e-08 6.6201e-08 4.40444e-08 2.92224e-08 1.93388e-08 1.27679e-08 8.41144e-09 5.53048e-09 3.62977e-09 2.37847e-09 
1.13064e-09 1.65851e-09 2.42986e-09 3.55584e-09 5.19791e-09 7.59039e-09 1.10732e-08 1.61387e-08 2.34999e-08 3.41875e-08 4.96896e-08 7.2151e-08 1.04656e-07 1.51631e-07 2.19405e-07 3.17e-07 4.57221e-07 6.58153e-07 9.45195e-07 1.35378e-06 1.93296e-06 2.75005e-06 3.8965e-06 5.49505e-06 7.7083e-06 1.07482e-05 1.4886e-05 2.04617e-05 2.78908e-05 3.76658e-05 5.03512e-05 6.65657e-05 8.69532e-05 0.00011214 0.000142684 0.000179026 0.000221456 0.000270123 0.000325105 0.000386561 0.00045498 0.000531511 0.000618373 0.000719287 0.0008399 0.000988143 0.00117442 0.00141154 0.00171423 0.00209807 0.00257771 0.00316458 0.0038644 0.00467548 0.00558922 0.00659391 0.00768221 0.00886037 0.0101553 0.0116144 0.0132948 0.0152443 0.0174785 0.0199637 0.0226121 0.0252886 0.0278252 0.0300386 0.0317535 0.0328378 0.0332505 0.0330915 0.0326357 0.0323402 0.0328308 0.0348853 0.0394363 0.047605 0.0607714 0.0806502 0.109259 0.148394 0.197643 0.249561 0.284431 0.279886 0.237996 0.182785 0.133024 0.0949703 0.0681411 0.0500499 0.0381933 0.0306202 0.0259735 0.02338 0.0223266 0.0225612 0.0240261 0.0268154 0.0311303 0.0371918 0.0450639 0.0543675 0.0639853 0.0720465 0.0765414 0.0764462 0.0724595 0.0665709 0.0609031 0.056876 0.055124 0.055931 0.0598175 0.068063 0.0830842 0.108665 0.14994 0.212557 0.299211 0.399985 0.479355 0.495285 0.449887 0.372837 0.289355 0.21609 0.159673 0.119346 0.0913865 0.0719253 0.0580475 0.0479327 0.040576 0.0354115 0.0320154 0.0299473 0.0287241 0.0278874 0.0271189 0.026338 0.0257299 0.0256863 0.0266912 0.0291936 0.0334882 0.0396035 0.0472241 0.0557286 0.0644546 0.0731801 0.0825751 0.0943017 0.11069 0.134126 0.165992 0.204494 0.241403 0.262213 0.257459 0.234787 0.210971 0.197976 0.200399 0.218805 0.252275 0.298683 0.353696 0.41162 0.471322 0.543022 0.644653 0.782517 0.9176 0.95339 0.840553 0.656378 0.483756 0.351809 0.261061 0.202826 0.166883 0.144357 0.128913 0.117111 0.108011 0.102283 0.101374 0.107108 0.121737 0.148118 0.18946 0.247328 0.315195 0.367062 0.364794 0.308025 0.234649 0.170804 0.123059 0.0897275 0.0673504 0.0528017 0.0437151 0.0384332 0.0358787 0.0354612 0.0370349 0.0408863 0.0477108 0.0585278 0.0744573 0.096246 0.123436 0.153357 0.180907 0.200479 0.209147 0.207409 0.197191 0.180952 0.162126 0.144387 0.130115 0.119837 0.112875 0.108387 0.106102 0.106398 0.109679 0.115419 0.12152 0.124791 0.122744 0.115334 0.104792 0.0939241 0.0848092 0.0786279 0.0760464 0.0775334 0.0834734 0.094164 0.109723 0.129745 0.152514 0.174065 0.188674 0.192433 0.187351 0.180366 0.178142 0.183308 0.193983 0.205572 0.21343 0.214227 0.205603 0.187027 0.161667 0.13531 0.113001 0.0972412 0.0883551 0.0854911 0.0873029 0.0922291 0.0985989 0.104743 0.109147 0.110634 0.10861 0.103374 0.0962527 0.0893135 0.0847716 0.084457 0.0895846 0.100771 0.118128 0.141263 0.169077 0.199277 0.227696 0.24816 0.2544 0.244125 0.221586 0.195158 0.172624 0.158656 0.154909 0.160941 0.174855 0.193599 0.213192 0.229072 0.236982 0.234731 0.223454 0.206314 0.185995 0.163917 0.141166 0.11926 0.099935 0.0845974 0.0741149 0.0690082 0.0697785 0.0771599 0.0921731 0.115867 0.148557 0.188379 0.229676 0.263708 0.284724 0.296749 0.311086 0.337638 0.379968 0.435306 0.494162 0.531898 0.50945 0.426233 0.329804 0.254382 0.209355 0.193284 0.201131 0.225178 0.254014 0.273712 0.273587 0.252689 0.21965 0.185768 0.159136 0.143913 0.142269 0.155905 0.185766 0.229194 0.2745 0.300046 0.292804 0.267223 0.248297 0.251396 0.281319 0.335628 0.40425 0.467023 0.497049 0.478816 0.424427 0.359921 0.30371 0.261797 0.232421 0.211672 0.197406 0.189981 0.190284 0.197642 0.209351 0.221494 0.229648 0.228934 0.215303 0.188964 0.155637 0.122886 0.0960711 0.0774556 0.0672779 0.0649487 0.0697322 0.0809372 0.0977715 0.119034 0.142932 0.167423 0.191102 0.213819 0.23611 0.258033 0.279581 0.303658 0.338659 0.39596 0.478506 0.550534 0.526259 0.412706 0.294893 0.20521 0.143458 0.102804 0.0768908 0.060995 0.0518593 0.0473008 0.0458395 0.046391 0.0480519 0.0500042 0.0515525 0.0522603 0.0520947 0.0514814 0.0512199 0.0522926 0.0556339 0.0618727 0.0709991 0.0819245 0.0921566 0.0982001 0.0971715 0.0887281 0.0753185 0.0604541 0.0468953 0.0360407 0.0282227 0.0232177 0.0206223 0.0200471 0.0211815 0.0237845 0.0276414 0.0325124 0.0380997 0.0440536 0.0500232 0.0557233 0.0609596 0.0655661 0.0692879 0.0717105 0.0723374 0.0708048 0.0670944 0.0615906 0.0549486 0.0478787 0.0409678 0.0345961 0.0289391 0.02402 0.0197781 0.016127 0.0129909 0.0103153 0.00806286 0.00620172 0.00469727 0.0035086 0.00258983 0.00189361 0.00137487 0.000993582 0.000716146 0.000515624 0.000371221 0.00026735 0.000192587 0.000138692 9.97734e-05 7.16367e-05 5.12901e-05 3.65906e-05 2.59937e-05 1.8379e-05 1.29299e-05 9.0491e-06 6.29989e-06 4.36306e-06 3.00626e-06 2.06116e-06 1.40648e-06 9.55407e-07 6.46221e-07 4.35329e-07 2.92151e-07 1.95369e-07 1.30218e-07 8.65277e-08 5.73334e-08 3.78902e-08 2.49809e-08 1.64339e-08 1.07898e-08 7.07158e-09 4.62733e-09 3.02369e-09 
1.49566e-09 2.1953e-09 3.21803e-09 4.71139e-09 6.88981e-09 1.00646e-08 1.46876e-08 2.14142e-08 3.11941e-08 4.54029e-08 6.60308e-08 9.59541e-08 1.39323e-07 2.02115e-07 2.92918e-07 4.2404e-07 6.13052e-07 8.84942e-07 1.27507e-06 1.83317e-06 2.62875e-06 3.75814e-06 5.35361e-06 7.59479e-06 1.07226e-05 1.5055e-05 2.10049e-05 2.90968e-05 3.99805e-05 5.44376e-05 7.33738e-05 9.77921e-05 0.000128739 0.000167222 0.000214101 0.000269971 0.000335048 0.000409117 0.000491562 0.000581528 0.000678221 0.000781339 0.000891579 0.00101116 0.00114426 0.00129737 0.00147936 0.00170128 0.00197579 0.00231602 0.00273383 0.00323773 0.00383058 0.00450821 0.00525985 0.00607145 0.006932 0.00784151 0.00881764 0.00989725 0.0111307 0.0125692 0.0142492 0.016178 0.0183241 0.0206136 0.0229307 0.0251245 0.0270268 0.0284859 0.0294177 0.0298631 0.0300311 0.0303142 0.0312719 0.033595 0.0380672 0.0455313 0.0568518 0.0728405 0.0940631 0.120335 0.149606 0.176363 0.19154 0.187523 0.16547 0.13454 0.104008 0.0787658 0.0599122 0.0466792 0.0377709 0.0319856 0.0284216 0.0264977 0.0259134 0.0266063 0.0287274 0.0326327 0.0388652 0.0480637 0.060697 0.0765109 0.0937361 0.108617 0.116454 0.114549 0.104466 0.090763 0.0778148 0.0680521 0.0621543 0.0600266 0.0617315 0.0681314 0.0812474 0.104385 0.141953 0.198449 0.275234 0.36319 0.435605 0.461633 0.434998 0.37157 0.294901 0.225138 0.171131 0.132657 0.105838 0.0866104 0.0721209 0.0608798 0.0523222 0.0462373 0.0423564 0.0401789 0.0389965 0.0380564 0.0367949 0.0350338 0.0330311 0.0313559 0.0306735 0.0315459 0.0342944 0.0389103 0.0450124 0.0519102 0.0588599 0.0654976 0.0722188 0.0802111 0.091064 0.106117 0.125641 0.14784 0.168222 0.180982 0.183301 0.178682 0.174828 0.17907 0.196359 0.229793 0.281196 0.349801 0.428825 0.504428 0.566311 0.624912 0.7085 0.840032 1.01026 1.11542 0.986523 0.752798 0.544803 0.390195 0.285955 0.220332 0.180491 0.155499 0.137702 0.123221 0.111319 0.102965 0.0995728 0.102471 0.112909 0.132108 0.160783 0.197482 0.235499 0.260987 0.259736 0.231282 0.189181 0.147106 0.111862 0.0849901 0.0656673 0.0523917 0.0436966 0.0383963 0.0356531 0.0349926 0.0363151 0.0399066 0.0464274 0.0568332 0.0721539 0.0930061 0.118719 0.146269 0.170084 0.184307 0.186626 0.179279 0.166266 0.150944 0.135758 0.122467 0.112047 0.104729 0.100433 0.0993185 0.102103 0.109878 0.123313 0.141249 0.159257 0.170044 0.16774 0.152992 0.132077 0.111518 0.0949949 0.0837202 0.0777853 0.0770858 0.0816989 0.0919453 0.108216 0.13041 0.156769 0.182437 0.199762 0.202906 0.19358 0.179849 0.169395 0.165329 0.166266 0.168463 0.168323 0.16386 0.15464 0.141413 0.126084 0.111249 0.0991854 0.0911513 0.087369 0.0873401 0.0900855 0.0942502 0.0982634 0.100695 0.100672 0.0980558 0.0933488 0.0875152 0.081855 0.0778436 0.0768866 0.0800768 0.0880739 0.101169 0.119506 0.143313 0.17282 0.20746 0.244142 0.275366 0.29031 0.282168 0.255476 0.222323 0.193158 0.173135 0.163292 0.162387 0.168011 0.177227 0.187123 0.195314 0.200321 0.201708 0.199718 0.194311 0.18456 0.169527 0.149907 0.12835 0.108124 0.0917464 0.080649 0.0756084 0.0773371 0.0869292 0.106054 0.136784 0.180696 0.236479 0.295548 0.339737 0.353267 0.342686 0.330352 0.334119 0.36258 0.41878 0.498739 0.571779 0.563433 0.462909 0.350619 0.270413 0.229443 0.224984 0.252399 0.303784 0.363123 0.404965 0.405763 0.36298 0.297837 0.235164 0.188656 0.162552 0.157774 0.175604 0.218195 0.284996 0.361503 0.406082 0.385758 0.333401 0.2957 0.291851 0.324061 0.386338 0.463992 0.531613 0.560432 0.538245 0.480311 0.414071 0.358959 0.320177 0.292311 0.26719 0.242013 0.220726 0.208623 0.208066 0.218094 0.235313 0.253696 0.26367 0.254871 0.224815 0.182549 0.140365 0.105926 0.0816648 0.067163 0.0610666 0.0619886 0.0687527 0.0803086 0.0955409 0.11318 0.131995 0.151237 0.170971 0.191966 0.215436 0.243469 0.280599 0.3359 0.424014 0.560452 0.718323 0.688141 0.494849 0.334028 0.225406 0.155277 0.110787 0.0829298 0.0657843 0.055593 0.0500511 0.0477645 0.0478214 0.0494711 0.0519353 0.0543857 0.056096 0.0566982 0.0563847 0.0559064 0.0563541 0.058841 0.0641736 0.0724804 0.0827567 0.0925262 0.0982448 0.0969535 0.0882696 0.074656 0.0596572 0.0460539 0.0352517 0.0275912 0.0228709 0.0207287 0.0208356 0.0229544 0.0269143 0.0325383 0.039548 0.0474855 0.0557042 0.0634775 0.0701998 0.0755564 0.0795197 0.0821692 0.0834949 0.0833401 0.0814972 0.0778659 0.0725734 0.0660001 0.0586975 0.0512414 0.0440915 0.0375187 0.0316165 0.0263658 0.0217093 0.0176018 0.0140233 0.0109675 0.00842326 0.0063622 0.00473676 0.00348588 0.0025433 0.00184503 0.00133429 0.000963881 0.000696479 0.000503689 0.000364541 0.000263868 0.000190836 0.000137748 9.91263e-05 7.10494e-05 5.06838e-05 3.5965e-05 2.5377e-05 1.78024e-05 1.2416e-05 8.60961e-06 5.93685e-06 4.07186e-06 2.77847e-06 1.88675e-06 1.27539e-06 8.58457e-07 5.75529e-07 3.84424e-07 2.55899e-07 1.69807e-07 1.12352e-07 7.41402e-08 4.88063e-08 3.20587e-08 2.10165e-08 1.37534e-08 8.98636e-09 5.86368e-09 3.82166e-09 
1.9764e-09 2.90294e-09 4.25779e-09 6.23665e-09 9.12378e-09 1.3332e-08 1.94606e-08 2.8379e-08 4.13484e-08 6.0197e-08 8.75745e-08 1.27318e-07 1.84977e-07 2.68574e-07 3.89679e-07 5.64951e-07 8.18309e-07 1.18398e-06 1.71076e-06 2.46783e-06 3.55277e-06 5.10214e-06 7.30558e-06 1.04237e-05 1.48104e-05 2.09399e-05 2.94364e-05 4.11056e-05 5.69627e-05 7.82493e-05 0.000106429 0.00014315 0.000190157 0.000249146 0.000321557 0.000408329 0.000509641 0.000624728 0.000751831 0.000888363 0.00103132 0.00117792 0.00132633 0.00147641 0.00163029 0.00179265 0.00197074 0.00217402 0.00241348 0.00270044 0.00304503 0.00345422 0.00393 0.00446828 0.0050593 0.00569056 0.00635203 0.00704289 0.00777745 0.00858768 0.00952058 0.0106302 0.0119661 0.0135605 0.0154154 0.0174919 0.019702 0.0219086 0.02394 0.0256274 0.0268606 0.0276516 0.028181 0.0288102 0.0300545 0.0325285 0.0368771 0.0436965 0.0534355 0.0662634 0.0818869 0.0992916 0.11641 0.129935 0.135965 0.13202 0.119085 0.101187 0.0828172 0.0669128 0.0545605 0.0456335 0.0394923 0.0354352 0.0329115 0.0315941 0.0313905 0.0324436 0.0351504 0.0402063 0.0486502 0.0618321 0.0811223 0.107041 0.137471 0.165505 0.180234 0.174401 0.152004 0.123993 0.099069 0.0807479 0.0691455 0.063221 0.0621756 0.0661344 0.0763869 0.0953303 0.126077 0.17137 0.23108 0.298053 0.355767 0.385071 0.376372 0.334717 0.277339 0.22237 0.178897 0.147433 0.12459 0.106694 0.0915101 0.0784678 0.0679493 0.0604137 0.0558558 0.0536657 0.0527578 0.0518835 0.0500627 0.0469587 0.0429684 0.0389678 0.0359127 0.0345287 0.03517 0.03779 0.0419681 0.0470124 0.0521955 0.0571013 0.0619071 0.0673793 0.0745386 0.0841496 0.0962157 0.109624 0.122228 0.13181 0.137764 0.14222 0.149492 0.164626 0.192561 0.238133 0.305775 0.396941 0.503516 0.601384 0.665002 0.704956 0.764494 0.882358 1.07115 1.23125 1.08234 0.815396 0.584107 0.414997 0.30342 0.235034 0.194609 0.169191 0.149814 0.132433 0.117021 0.105307 0.098947 0.098938 0.105766 0.119561 0.139777 0.164232 0.187944 0.203375 0.2039 0.188582 0.162661 0.1333 0.105856 0.0829908 0.0653764 0.0526069 0.0438642 0.0383026 0.0352451 0.034278 0.0352965 0.038525 0.0445034 0.0540076 0.0678358 0.0863547 0.108727 0.132039 0.151295 0.161522 0.161095 0.152589 0.140222 0.127328 0.115785 0.106449 0.0996033 0.0953408 0.0939907 0.0965152 0.104688 0.120864 0.147037 0.18259 0.220404 0.244719 0.240518 0.210292 0.170557 0.134783 0.108074 0.0906054 0.0810591 0.078243 0.081581 0.0911056 0.107151 0.129627 0.15669 0.183188 0.200945 0.203505 0.192089 0.174521 0.158536 0.147697 0.141582 0.137734 0.133673 0.12806 0.120788 0.112546 0.104435 0.0976398 0.0930729 0.0911596 0.0918617 0.0947771 0.0990995 0.103487 0.106195 0.105734 0.10168 0.0949019 0.0870316 0.0797926 0.0746701 0.0728715 0.07532 0.0825732 0.094737 0.111552 0.132832 0.159152 0.192195 0.233821 0.283017 0.330743 0.357725 0.348094 0.309313 0.262824 0.223546 0.196457 0.18114 0.175047 0.174898 0.177482 0.18049 0.183048 0.185525 0.188672 0.192429 0.194855 0.19222 0.181287 0.162312 0.139235 0.116937 0.0989088 0.086913 0.0817764 0.0842819 0.0958025 0.118655 0.156122 0.211724 0.286359 0.370381 0.432584 0.437601 0.397937 0.355547 0.335684 0.347108 0.392294 0.466725 0.538943 0.535011 0.443018 0.340001 0.26947 0.240175 0.252237 0.305096 0.394867 0.504086 0.591004 0.601167 0.518851 0.397711 0.291795 0.218979 0.179043 0.168792 0.187474 0.237444 0.320512 0.423188 0.486738 0.453209 0.378714 0.329511 0.324855 0.364605 0.440988 0.535951 0.616909 0.647296 0.615638 0.546417 0.475055 0.423947 0.396262 0.378207 0.350502 0.308984 0.26718 0.238675 0.22861 0.236032 0.256773 0.283139 0.301512 0.295224 0.259137 0.206662 0.155114 0.113845 0.0849044 0.0670066 0.0580252 0.0559978 0.0593651 0.066912 0.0776454 0.0907454 0.105662 0.122323 0.141284 0.163674 0.191017 0.225303 0.269845 0.331271 0.421506 0.553405 0.697187 0.667762 0.487306 0.332449 0.22703 0.159112 0.11624 0.0894201 0.0727126 0.0624563 0.0565963 0.0540922 0.0543813 0.0569248 0.0609009 0.0651269 0.0682998 0.0695073 0.0687016 0.0667608 0.065095 0.0651099 0.0677828 0.0733302 0.080861 0.0881575 0.0921004 0.0901114 0.0818174 0.0692825 0.0555605 0.0431245 0.0332925 0.0264542 0.0225185 0.0212602 0.022506 0.026189 0.0323122 0.0408349 0.0515004 0.0636531 0.0761632 0.0876192 0.0968185 0.103264 0.107221 0.109278 0.109842 0.108948 0.106374 0.101861 0.0953393 0.0870949 0.0777595 0.0681105 0.0588113 0.0502519 0.0425472 0.0356444 0.0294518 0.0239184 0.0190468 0.014862 0.0113738 0.00855607 0.00634616 0.00465728 0.00339372 0.00246352 0.00178617 0.00129589 0.000941592 0.000685159 0.000498906 0.000363089 0.000263732 0.00019093 0.000137607 9.86425e-05 7.0287e-05 4.97637e-05 3.50034e-05 2.44611e-05 1.69852e-05 1.17218e-05 8.04217e-06 5.48718e-06 3.72451e-06 2.51585e-06 1.69177e-06 1.13289e-06 7.55727e-07 5.02346e-07 3.32837e-07 2.19874e-07 1.44859e-07 9.52041e-08 6.2433e-08 4.08623e-08 2.66981e-08 1.74173e-08 1.13479e-08 7.38541e-09 4.80222e-09 
2.60867e-09 3.83469e-09 5.62819e-09 8.24843e-09 1.20719e-08 1.76454e-08 2.57619e-08 3.75727e-08 5.47472e-08 7.97075e-08 1.15966e-07 1.68616e-07 2.45041e-07 3.55937e-07 5.16784e-07 7.49958e-07 1.08775e-06 1.57663e-06 2.28329e-06 3.30305e-06 4.77147e-06 6.88024e-06 9.89835e-06 1.42e-05 2.03003e-05 2.8899e-05 4.09323e-05 5.76291e-05 8.0566e-05 0.000111709 0.000153425 0.000208435 0.000279688 0.000370116 0.000482268 0.000617828 0.000777097 0.000958526 0.0011585 0.00137147 0.00159061 0.00180881 0.00201999 0.00222024 0.00240869 0.00258782 0.00276336 0.00294365 0.00313879 0.00335948 0.0036155 0.00391415 0.00425872 0.00464757 0.00507461 0.00553155 0.00601214 0.0065176 0.00706177 0.00767421 0.00839959 0.00929295 0.010411 0.0118001 0.0134816 0.0154361 0.0175893 0.0198078 0.0219134 0.0237235 0.0251148 0.0260911 0.0268288 0.0276817 0.02914 0.0317587 0.0360673 0.0424645 0.0510952 0.0617181 0.0735971 0.085471 0.0956516 0.102292 0.103891 0.0999831 0.0915716 0.080776 0.0698574 0.0603875 0.0530149 0.0476916 0.0440303 0.0415911 0.0400492 0.0392711 0.0393462 0.0406148 0.0437271 0.0497557 0.0603534 0.0778868 0.105325 0.145315 0.197166 0.250379 0.280155 0.26566 0.218497 0.165864 0.123219 0.0936678 0.0752124 0.0649987 0.0609485 0.062228 0.0692393 0.08336 0.106424 0.139769 0.18262 0.230115 0.272699 0.299015 0.301384 0.280818 0.247537 0.213837 0.186581 0.166176 0.149569 0.133586 0.117057 0.101019 0.0874291 0.0777569 0.0723303 0.0703297 0.0700865 0.069589 0.067206 0.0623676 0.0557259 0.0486607 0.0425651 0.038384 0.036502 0.0368207 0.038884 0.0420264 0.0455793 0.0491238 0.0526766 0.0566732 0.0617297 0.0683037 0.0764116 0.0855195 0.0947209 0.103267 0.111295 0.120332 0.133283 0.154135 0.187821 0.240254 0.317785 0.424181 0.552056 0.670216 0.737458 0.762109 0.795288 0.874244 1.00035 1.09094 1.00576 0.793405 0.578118 0.414499 0.30662 0.241757 0.204434 0.180739 0.160914 0.141135 0.12246 0.107629 0.0986972 0.0965214 0.101176 0.11231 0.129029 0.149296 0.169299 0.183677 0.187372 0.178351 0.158833 0.133802 0.108316 0.0857758 0.0676753 0.0541559 0.0446759 0.0384956 0.0349555 0.0336105 0.0342846 0.0370804 0.0423512 0.0506125 0.0623451 0.0776202 0.095524 0.113615 0.128107 0.13549 0.134778 0.128038 0.11863 0.109262 0.10137 0.0954398 0.0915407 0.0898398 0.0910659 0.0969014 0.110224 0.135092 0.176105 0.23577 0.306602 0.357871 0.3489 0.287871 0.217496 0.161199 0.12267 0.0988343 0.0859259 0.0812219 0.0832647 0.0916116 0.106334 0.127162 0.152175 0.176521 0.192869 0.195405 0.184588 0.166591 0.148228 0.133403 0.122836 0.115394 0.109559 0.104367 0.0996296 0.0956981 0.0931214 0.092354 0.0935586 0.0965829 0.101107 0.10675 0.112845 0.117997 0.120073 0.117228 0.109333 0.098301 0.0869961 0.0779809 0.0730547 0.0733859 0.0797026 0.0922519 0.110569 0.133406 0.15941 0.18873 0.224399 0.271473 0.332568 0.39872 0.440124 0.426388 0.370832 0.309051 0.260061 0.227434 0.208869 0.200365 0.197318 0.19546 0.192417 0.188632 0.186451 0.188074 0.193638 0.200031 0.201354 0.192351 0.172842 0.147897 0.123697 0.104368 0.0917681 0.0866285 0.0896826 0.102418 0.127522 0.16905 0.231934 0.319239 0.422396 0.500942 0.499 0.43568 0.370805 0.332247 0.325701 0.349612 0.395181 0.435683 0.428956 0.369421 0.298876 0.250741 0.238261 0.26748 0.344342 0.473177 0.644524 0.814395 0.874008 0.714025 0.500577 0.34188 0.242349 0.189106 0.17217 0.187152 0.23406 0.312648 0.40814 0.467184 0.441211 0.378183 0.338852 0.344491 0.398044 0.494175 0.614239 0.717406 0.752711 0.706168 0.617736 0.537384 0.493409 0.488332 0.495178 0.467345 0.397462 0.324238 0.274287 0.252615 0.255243 0.275375 0.303289 0.323255 0.315983 0.275476 0.217396 0.161201 0.116683 0.0855037 0.06587 0.0552388 0.051342 0.0524274 0.0572323 0.0649126 0.0750199 0.087549 0.103025 0.122534 0.147564 0.179569 0.21935 0.266914 0.322931 0.390613 0.469581 0.529554 0.504237 0.401892 0.294174 0.212059 0.156338 0.120334 0.0974096 0.0826475 0.0730289 0.0671444 0.06465 0.0656035 0.0698326 0.0764522 0.0836797 0.0892035 0.0911705 0.0892079 0.0845646 0.0792839 0.0752358 0.0735979 0.0746691 0.0777328 0.081012 0.082087 0.0789854 0.0713527 0.0606283 0.0490692 0.0386184 0.0304156 0.0249053 0.0221616 0.0221735 0.025016 0.030911 0.0401858 0.0531147 0.0696192 0.0888564 0.108903 0.126989 0.140617 0.148943 0.152974 0.154325 0.153952 0.15194 0.147899 0.141322 0.131918 0.119979 0.106465 0.0926403 0.0795593 0.06777 0.0573373 0.0480649 0.0397367 0.032252 0.0256281 0.0199281 0.0151877 0.0113791 0.00841407 0.00616604 0.00449641 0.00327403 0.00238634 0.00174329 0.00127653 0.000936093 0.00068637 0.000502304 0.000366263 0.000265707 0.000191567 0.000137162 9.74932e-05 6.87843e-05 4.81744e-05 3.35008e-05 2.3139e-05 1.58801e-05 1.08332e-05 7.34919e-06 4.95998e-06 3.33161e-06 2.22807e-06 1.48411e-06 9.84952e-07 6.51506e-07 4.29646e-07 2.82566e-07 1.85381e-07 1.21356e-07 7.92899e-08 5.17179e-08 3.36845e-08 2.19121e-08 1.42395e-08 9.24593e-09 5.99987e-09 
3.4388e-09 5.05975e-09 7.4322e-09 1.08995e-08 1.59599e-08 2.33367e-08 3.40788e-08 4.97072e-08 7.24276e-08 1.05439e-07 1.53383e-07 2.22992e-07 3.24036e-07 4.70696e-07 6.83546e-07 9.92418e-07 1.44054e-06 2.09044e-06 3.0324e-06 4.39637e-06 6.36871e-06 9.21538e-06 1.33136e-05 1.91945e-05 2.75988e-05 3.95477e-05 5.64297e-05 8.01e-05 0.000112985 0.000158177 0.00021948 0.000301388 0.000408899 0.000547148 0.000720773 0.000933043 0.00118481 0.00147353 0.0017926 0.00213144 0.00247649 0.00281304 0.00312761 0.00341008 0.00365514 0.00386264 0.0040371 0.00418674 0.00432215 0.00445509 0.00459711 0.00475815 0.0049453 0.00516196 0.00540807 0.00568163 0.00598182 0.00631322 0.00669021 0.00714036 0.00770549 0.00843929 0.00940094 0.0106439 0.0122001 0.0140608 0.0161591 0.0183625 0.0204876 0.022345 0.0238088 0.0248886 0.0257733 0.0268262 0.028531 0.0314056 0.0358955 0.0422515 0.0503978 0.0598187 0.0695316 0.0782208 0.0845467 0.0875297 0.0868524 0.0829678 0.0769723 0.070251 0.0640299 0.0590555 0.0555289 0.0532526 0.051855 0.0509833 0.0504274 0.0501817 0.0504764 0.0518121 0.0550457 0.0615753 0.073648 0.0947547 0.129962 0.185635 0.266533 0.363705 0.427079 0.392856 0.29866 0.209781 0.145743 0.104303 0.079156 0.0649371 0.058123 0.0569137 0.0608783 0.0705122 0.0866854 0.109904 0.139358 0.172031 0.202582 0.224711 0.233926 0.230453 0.219583 0.207892 0.198806 0.19135 0.18193 0.167514 0.148281 0.127615 0.109681 0.0971965 0.0907775 0.0892457 0.0901444 0.0904294 0.0875647 0.0806741 0.0708178 0.0601059 0.0505085 0.0432205 0.0386376 0.0365903 0.0365807 0.0379705 0.0401531 0.0427208 0.0455742 0.0489039 0.053044 0.0582735 0.0646664 0.072055 0.0801396 0.0887427 0.0981481 0.109424 0.124668 0.147198 0.181733 0.234405 0.312011 0.418947 0.548989 0.673015 0.750836 0.783977 0.806834 0.840568 0.88699 0.910115 0.84656 0.693916 0.522562 0.384853 0.292022 0.236354 0.20484 0.184381 0.165441 0.144779 0.124445 0.107997 0.097855 0.0949337 0.0992952 0.110683 0.128514 0.151301 0.175732 0.196129 0.205606 0.199596 0.179266 0.15073 0.120897 0.0944113 0.0732267 0.0574881 0.0464901 0.0393079 0.0351213 0.0333483 0.0336773 0.0360473 0.0405928 0.047546 0.0570677 0.0689795 0.0824124 0.095561 0.105945 0.111455 0.111605 0.107778 0.102193 0.0966797 0.0921932 0.0890159 0.0872337 0.0872332 0.0901506 0.0982677 0.11537 0.147094 0.201065 0.285431 0.399529 0.498406 0.479702 0.367961 0.260281 0.184155 0.135979 0.107658 0.0926645 0.0867669 0.0876874 0.0945704 0.107299 0.125544 0.147544 0.16912 0.184159 0.187555 0.178689 0.161696 0.142342 0.124958 0.111417 0.101712 0.0950325 0.0906189 0.0881335 0.0876238 0.0892764 0.0931204 0.0988245 0.105741 0.113222 0.120873 0.12824 0.133974 0.135546 0.130618 0.119235 0.104317 0.0899196 0.0794046 0.0749394 0.0778631 0.0890523 0.108815 0.136243 0.168494 0.201441 0.233011 0.266971 0.311975 0.374598 0.447432 0.495666 0.47993 0.416755 0.349027 0.296971 0.263364 0.24537 0.238319 0.235934 0.231572 0.221818 0.208829 0.197971 0.193525 0.196097 0.201879 0.203715 0.195176 0.175637 0.150414 0.126044 0.106785 0.0944463 0.0896553 0.0930463 0.106022 0.131171 0.172356 0.234075 0.318531 0.416276 0.489241 0.488287 0.429006 0.363856 0.319048 0.299733 0.302876 0.319384 0.332059 0.321917 0.287255 0.246851 0.221286 0.223924 0.264356 0.35258 0.49843 0.703328 0.957019 1.24492 0.858283 0.553373 0.362375 0.249148 0.188864 0.166738 0.175276 0.211071 0.269612 0.335671 0.376563 0.370003 0.34029 0.32609 0.349431 0.419311 0.535817 0.682526 0.811564 0.854021 0.790298 0.678891 0.586979 0.550068 0.574312 0.623185 0.598532 0.486149 0.376209 0.305559 0.273135 0.269562 0.284294 0.305417 0.317764 0.305528 0.264863 0.209314 0.155701 0.112907 0.0826112 0.0632021 0.0522557 0.0475524 0.047367 0.0505056 0.0562942 0.0645858 0.0757922 0.0909158 0.11151 0.139413 0.175985 0.220646 0.269398 0.315873 0.355833 0.386766 0.397491 0.371007 0.312037 0.245957 0.190983 0.151691 0.125649 0.108574 0.0967334 0.0879655 0.0818325 0.0790787 0.0807332 0.0872283 0.0976769 0.109464 0.118694 0.121953 0.118392 0.109989 0.0998225 0.0903877 0.0830894 0.0783643 0.0757843 0.0741189 0.071678 0.0670545 0.0598746 0.0509414 0.0416831 0.0334448 0.027122 0.0231819 0.0218694 0.0234273 0.0282555 0.0369919 0.0504918 0.0696448 0.0949149 0.125504 0.158343 0.187953 0.20882 0.219358 0.222653 0.222588 0.220686 0.216597 0.209652 0.199194 0.184681 0.166432 0.146019 0.125576 0.106791 0.0903935 0.0762678 0.0639011 0.0528248 0.0428336 0.0339587 0.026319 0.0199873 0.0149322 0.0110269 0.00808883 0.00592053 0.00433867 0.00318944 0.00235279 0.00173985 0.00128722 0.000950596 0.000699163 0.000511212 0.000371095 0.000267222 0.000190804 0.000135085 9.4844e-05 6.60617e-05 4.56687e-05 3.13497e-05 2.13806e-05 1.44944e-05 9.77226e-06 6.55551e-06 4.37755e-06 2.91105e-06 1.92855e-06 1.27331e-06 8.38125e-07 5.50161e-07 3.60254e-07 2.3539e-07 1.53513e-07 9.99518e-08 6.49879e-08 4.22058e-08 2.73848e-08 1.77557e-08 1.15067e-08 7.45469e-09 
4.52642e-09 6.66751e-09 9.80333e-09 1.43884e-08 2.10824e-08 3.08414e-08 4.50515e-08 6.57208e-08 9.5759e-08 1.39383e-07 2.02708e-07 2.94604e-07 4.27947e-07 6.21437e-07 9.0225e-07 1.30988e-06 1.90174e-06 2.76121e-06 4.00932e-06 5.82135e-06 8.45057e-06 1.22616e-05 1.77769e-05 2.57405e-05 3.72035e-05 5.36366e-05 7.7072e-05 0.000110275 0.000156936 0.000221861 0.000311119 0.000432067 0.00059316 0.000803404 0.00107134 0.00140347 0.00180231 0.00226426 0.00277808 0.0033246 0.0038783 0.00441085 0.00489565 0.00531208 0.00564806 0.0059004 0.00607347 0.0061771 0.00622471 0.00623178 0.00621454 0.0061888 0.00616872 0.00616591 0.00618907 0.00624462 0.00633855 0.00647941 0.0066821 0.00697152 0.00738504 0.00797232 0.00879083 0.00989581 0.011324 0.013073 0.0150811 0.017219 0.0193048 0.0211518 0.0226431 0.0238056 0.024852 0.0261698 0.0282574 0.0316272 0.0366845 0.0435856 0.0520861 0.0614325 0.0703978 0.0775546 0.0817466 0.0825296 0.0803158 0.0761585 0.0713464 0.067017 0.0639025 0.0622433 0.0618578 0.0623143 0.0631273 0.0639143 0.0644914 0.0649201 0.0655209 0.0668838 0.0699485 0.0762497 0.0883785 0.110629 0.14976 0.21566 0.320532 0.467972 0.589285 0.518391 0.362153 0.239482 0.15906 0.109352 0.0797018 0.062748 0.0539407 0.0508049 0.0523103 0.0583321 0.0691345 0.0848323 0.104847 0.127511 0.150113 0.169645 0.184166 0.194054 0.201788 0.20977 0.217894 0.222872 0.219807 0.205537 0.181897 0.155204 0.132132 0.116566 0.10921 0.108384 0.110755 0.112134 0.108942 0.0999636 0.0867803 0.0723584 0.059282 0.0489727 0.0418156 0.0375719 0.0357159 0.0356429 0.0368037 0.0388024 0.0414507 0.0447541 0.0488366 0.0538495 0.0599048 0.0670516 0.0752894 0.0846216 0.0951835 0.107504 0.122932 0.144121 0.175327 0.222231 0.290912 0.385083 0.500424 0.618921 0.718425 0.79343 0.83534 0.827672 0.793612 0.749621 0.674903 0.561231 0.437332 0.333877 0.261802 0.217929 0.19296 0.176156 0.159366 0.140097 0.120766 0.105129 0.0957749 0.0938497 0.0997924 0.113969 0.136741 0.16775 0.20424 0.238755 0.258898 0.254035 0.225318 0.184508 0.143485 0.108685 0.0819227 0.0626414 0.04947 0.0409931 0.0360582 0.0338546 0.0338906 0.0359267 0.0398843 0.0457362 0.0533728 0.0624444 0.0722057 0.0814693 0.088839 0.093277 0.0946719 0.093871 0.0920946 0.090262 0.0887435 0.0875827 0.0869341 0.0874804 0.090758 0.0994451 0.117715 0.15175 0.210296 0.304151 0.438178 0.566446 0.54107 0.400921 0.277849 0.19546 0.145306 0.116866 0.102272 0.0964543 0.0966816 0.102014 0.112549 0.128374 0.14833 0.169016 0.18491 0.190454 0.183335 0.166151 0.144601 0.124066 0.107592 0.0959395 0.0886045 0.0847834 0.0839171 0.0858056 0.0904151 0.0975268 0.106446 0.116044 0.125262 0.133634 0.140986 0.146247 0.146799 0.140031 0.126102 0.108606 0.0923954 0.0813931 0.0781373 0.0843664 0.101541 0.130646 0.170877 0.217402 0.260808 0.293342 0.31874 0.35049 0.398632 0.456967 0.495931 0.484541 0.433597 0.376105 0.330471 0.301275 0.287826 0.28639 0.288832 0.284007 0.265837 0.239399 0.215131 0.200077 0.195146 0.196006 0.19523 0.186355 0.168282 0.145359 0.123278 0.105901 0.0949364 0.0909857 0.0945949 0.106925 0.130053 0.16684 0.21996 0.288907 0.363363 0.416744 0.421803 0.385471 0.337661 0.298612 0.274677 0.264455 0.261902 0.257936 0.244796 0.222602 0.200249 0.189481 0.200563 0.242487 0.324177 0.452743 0.625954 0.820677 0.928053 0.74221 0.505627 0.338316 0.234509 0.177271 0.153971 0.156831 0.180696 0.219359 0.261259 0.290028 0.297366 0.294699 0.303743 0.343185 0.425945 0.558171 0.729367 0.889034 0.943072 0.856945 0.71679 0.608823 0.569497 0.603422 0.671184 0.650134 0.521654 0.399852 0.322288 0.284769 0.27567 0.282367 0.291957 0.291985 0.273121 0.234885 0.186891 0.140816 0.103484 0.076574 0.0590156 0.0488648 0.0442195 0.0435569 0.0458436 0.050586 0.0578713 0.068397 0.0834738 0.104949 0.134874 0.174533 0.222327 0.271081 0.308828 0.327273 0.327724 0.313531 0.285128 0.246416 0.20656 0.173485 0.149992 0.134701 0.124327 0.115724 0.107444 0.100259 0.0964109 0.098262 0.107102 0.122189 0.139988 0.154504 0.160064 0.155139 0.142785 0.127339 0.111852 0.0979338 0.0863582 0.0772447 0.0700224 0.0636322 0.0570474 0.0497965 0.0421282 0.0347588 0.0284817 0.0239256 0.0215364 0.021702 0.0249221 0.031968 0.0440072 0.0626514 0.0898266 0.127224 0.174906 0.228752 0.278262 0.310521 0.322146 0.32234 0.320052 0.31609 0.307861 0.294831 0.277319 0.254639 0.226878 0.196398 0.166626 0.140139 0.117821 0.0991693 0.0831138 0.0687686 0.0557633 0.0441551 0.0341519 0.0258857 0.0193243 0.0142913 0.0105302 0.0077666 0.0057511 0.00427933 0.00319625 0.0023905 0.00178491 0.00132668 0.000979314 0.000716747 0.000519617 0.000372998 0.000265126 0.000186666 0.000130246 9.01198e-05 6.18743e-05 4.21813e-05 2.8571e-05 1.92392e-05 1.28868e-05 8.59063e-06 5.7021e-06 3.77019e-06 2.4842e-06 1.63179e-06 1.06893e-06 6.98517e-07 4.55494e-07 2.96476e-07 1.9267e-07 1.25047e-07 8.10718e-08 5.25183e-08 3.40012e-08 2.20047e-08 1.42386e-08 9.21373e-09 
5.94778e-09 8.77274e-09 1.29137e-08 1.89726e-08 2.78221e-08 4.0727e-08 5.95182e-08 8.68459e-08 1.26546e-07 1.8417e-07 2.6776e-07 3.88972e-07 5.64715e-07 8.19547e-07 1.18917e-06 1.72554e-06 2.50432e-06 3.63577e-06 5.28055e-06 7.6726e-06 1.11521e-05 1.62128e-05 2.35686e-05 3.42471e-05 4.97185e-05 7.20689e-05 0.000104228 0.000150255 0.000215679 0.000307868 0.00043637 0.000613105 0.000852239 0.00116948 0.00158052 0.00209836 0.00272967 0.00347047 0.00430259 0.00519225 0.0060926 0.00695035 0.00771517 0.00834825 0.00882724 0.00914609 0.00931142 0.00933816 0.00924634 0.00905925 0.00880234 0.00850203 0.00818441 0.00787376 0.00759143 0.00735516 0.00717956 0.00707781 0.00706487 0.00716161 0.00739868 0.00781837 0.00847228 0.00941264 0.0106765 0.0122649 0.0141221 0.0161271 0.0181094 0.0198984 0.0213985 0.0226647 0.0239436 0.0256607 0.0283561 0.0325834 0.038775 0.0470671 0.0570925 0.0678164 0.077588 0.0845789 0.0875382 0.0864099 0.0823362 0.0770756 0.0722997 0.0691458 0.0680834 0.0689893 0.0713343 0.0744129 0.0775534 0.0802661 0.08233 0.0838285 0.0851263 0.0867993 0.089645 0.0949703 0.105225 0.124803 0.16077 0.223297 0.324531 0.467328 0.583269 0.513489 0.359499 0.237369 0.156712 0.10646 0.0761414 0.058446 0.0487727 0.0444857 0.0442885 0.0477216 0.054738 0.0653289 0.0792213 0.0957199 0.11381 0.132582 0.151833 0.172325 0.19505 0.219446 0.241923 0.25637 0.256681 0.240296 0.211217 0.178563 0.150963 0.132932 0.124977 0.124884 0.128593 0.130996 0.127669 0.117121 0.101376 0.0840843 0.0682777 0.0555271 0.0462241 0.0401281 0.0367555 0.0355789 0.0361217 0.038005 0.0409636 0.0448377 0.0495551 0.0551306 0.0616775 0.0693927 0.07847 0.0889598 0.100696 0.113509 0.127853 0.145623 0.170564 0.207834 0.262743 0.338802 0.435451 0.548314 0.676508 0.822774 0.92819 0.86301 0.73161 0.623894 0.530933 0.437912 0.348841 0.275075 0.222498 0.189652 0.17039 0.156923 0.14318 0.127381 0.111613 0.09916 0.0925106 0.0931064 0.102014 0.120599 0.150733 0.1941 0.249747 0.308641 0.348084 0.34285 0.295323 0.231875 0.173148 0.126655 0.0927112 0.0691773 0.0535543 0.0437076 0.0380413 0.0354683 0.0353074 0.0371575 0.0407633 0.0458874 0.0522065 0.0592511 0.0664062 0.0729887 0.0784181 0.0824436 0.0852747 0.0874349 0.0893652 0.0910812 0.0921964 0.0923468 0.091726 0.0914017 0.0933598 0.100491 0.116737 0.1474 0.199248 0.278827 0.38307 0.469399 0.454349 0.357503 0.260869 0.192466 0.150674 0.127898 0.117068 0.113058 0.113077 0.116589 0.124601 0.138389 0.158009 0.180899 0.201125 0.21073 0.20435 0.183813 0.156768 0.130929 0.110573 0.0967063 0.0885771 0.0849806 0.0849844 0.0881406 0.0942881 0.103097 0.113637 0.124369 0.133809 0.141337 0.147037 0.150318 0.149003 0.140751 0.12584 0.107916 0.0918969 0.0818672 0.0806869 0.0906732 0.114242 0.153723 0.209453 0.275199 0.333784 0.366547 0.376968 0.387276 0.412043 0.446786 0.471173 0.466335 0.435341 0.395734 0.361249 0.338692 0.331075 0.337157 0.347302 0.343666 0.315375 0.272195 0.2318 0.204027 0.1895 0.18334 0.178475 0.169095 0.15366 0.134883 0.116889 0.102775 0.0940861 0.0914415 0.0953065 0.106515 0.126453 0.156795 0.198488 0.249489 0.301449 0.339051 0.349078 0.333272 0.305224 0.277325 0.25531 0.239411 0.226717 0.213419 0.197239 0.179503 0.165191 0.160976 0.173487 0.208806 0.271977 0.364263 0.476334 0.577419 0.606591 0.525104 0.394832 0.281475 0.20313 0.157155 0.137108 0.137425 0.15344 0.179789 0.208999 0.232929 0.248219 0.26069 0.283225 0.330886 0.418279 0.557837 0.753519 0.974921 1.06773 0.915653 0.724996 0.595796 0.542796 0.555086 0.590439 0.571082 0.483102 0.389054 0.32249 0.286269 0.272866 0.271124 0.269267 0.258243 0.234113 0.198845 0.158945 0.121513 0.0909662 0.0686061 0.0537902 0.0451085 0.0410779 0.0404689 0.0424611 0.0467397 0.0535588 0.0637635 0.0787594 0.10039 0.130558 0.170187 0.216954 0.262282 0.292228 0.297767 0.283323 0.259007 0.231374 0.204127 0.180678 0.163635 0.153475 0.148279 0.144538 0.138895 0.130292 0.120868 0.114702 0.115704 0.126123 0.145506 0.169617 0.190433 0.199828 0.195444 0.181203 0.162065 0.140989 0.119804 0.100229 0.0835501 0.0700886 0.0592906 0.050267 0.0423293 0.0352326 0.0291163 0.0243103 0.021188 0.0201405 0.0216565 0.026465 0.0357104 0.0511432 0.0752928 0.111519 0.163632 0.234251 0.320094 0.403371 0.453134 0.460728 0.453598 0.451107 0.446705 0.429717 0.403079 0.372773 0.338219 0.297977 0.254774 0.213539 0.177915 0.148879 0.125306 0.105309 0.0874131 0.0710343 0.0562905 0.0435386 0.0330139 0.0246987 0.0183595 0.013647 0.0101904 0.0076585 0.00578789 0.00438571 0.00331898 0.00249893 0.00186619 0.00137946 0.00100817 0.000728243 0.000520016 0.000367273 0.000256753 0.000177809 0.000122088 8.31826e-05 5.62818e-05 3.78436e-05 2.53041e-05 1.68354e-05 1.11512e-05 7.35703e-06 4.83676e-06 3.16998e-06 2.0719e-06 1.35096e-06 8.79053e-07 5.7098e-07 3.70325e-07 2.39895e-07 1.55256e-07 1.00409e-07 6.4908e-08 4.19495e-08 2.71114e-08 1.75253e-08 1.13331e-08 
7.79968e-09 1.15218e-08 1.69838e-08 2.49828e-08 3.66739e-08 5.373e-08 7.85708e-08 1.14694e-07 1.67156e-07 2.43263e-07 3.53582e-07 5.13403e-07 7.44879e-07 1.08015e-06 1.56592e-06 2.27016e-06 3.29193e-06 4.77587e-06 6.93329e-06 1.00732e-05 1.46473e-05 2.13154e-05 3.10397e-05 4.52186e-05 6.5876e-05 9.59227e-05 0.00013951 0.000202493 0.000293011 0.000422166 0.000604729 0.000859711 0.00121052 0.00168423 0.00230938 0.0031117 0.00410743 0.00529492 0.00664641 0.00810369 0.00958139 0.0109799 0.0122048 0.0131853 0.0138841 0.0142944 0.0144311 0.0143204 0.0139954 0.0134936 0.0128569 0.0121301 0.0113588 0.0105871 0.00985472 0.00919544 0.00863519 0.0081928 0.00788271 0.00771978 0.00772482 0.00792882 0.0083728 0.009101 0.0101465 0.0115113 0.0131468 0.0149466 0.0167627 0.0184539 0.0199595 0.0213724 0.0229818 0.0252669 0.0288429 0.0343683 0.0424029 0.053185 0.066308 0.0803797 0.0929626 0.101228 0.103342 0.0996222 0.0923517 0.0844613 0.0782987 0.0751331 0.0752231 0.0780992 0.0828782 0.0885554 0.0942352 0.099281 0.103405 0.10671 0.109595 0.112504 0.115736 0.11977 0.126253 0.139025 0.164338 0.209782 0.280624 0.3678 0.423034 0.386825 0.293476 0.204482 0.139271 0.0960873 0.0689278 0.0525067 0.0431189 0.0384679 0.0373033 0.0390724 0.0436219 0.0509604 0.0611023 0.0740306 0.0898154 0.108862 0.132109 0.160757 0.195038 0.232103 0.264765 0.283798 0.282961 0.262265 0.228461 0.192193 0.162484 0.143626 0.135716 0.136148 0.140524 0.143433 0.140202 0.129257 0.112709 0.0943302 0.0772204 0.0629991 0.0521543 0.0446029 0.0400464 0.0381292 0.0384944 0.0407977 0.0446966 0.0498392 0.0558945 0.0626535 0.0701588 0.0787374 0.0888134 0.100526 0.113383 0.126372 0.13886 0.15192 0.168976 0.195033 0.235155 0.293239 0.372029 0.475856 0.616996 0.817271 1.02193 0.872234 0.662315 0.51947 0.418645 0.338545 0.271856 0.219108 0.181382 0.157157 0.142347 0.131795 0.121474 0.110187 0.0993835 0.0915253 0.0887588 0.0927196 0.105087 0.128269 0.165808 0.222019 0.299525 0.390836 0.46049 0.453287 0.375149 0.281628 0.202893 0.144492 0.103695 0.0762904 0.0585346 0.0475583 0.0413318 0.0385114 0.0382604 0.0400652 0.0435544 0.0483405 0.0539297 0.059742 0.0652457 0.0701388 0.0744728 0.0786443 0.0832202 0.0885997 0.0946047 0.100259 0.10409 0.105003 0.103181 0.100301 0.0990372 0.102484 0.11397 0.137092 0.175303 0.229619 0.291941 0.335882 0.330121 0.281533 0.224879 0.181587 0.155898 0.144316 0.141104 0.140953 0.140917 0.141405 0.145391 0.156387 0.176391 0.203926 0.231965 0.247942 0.241105 0.213258 0.176855 0.143447 0.118347 0.102097 0.0931173 0.0894434 0.0895968 0.0928499 0.0989796 0.107671 0.117934 0.128023 0.136172 0.141594 0.144503 0.144817 0.141187 0.132037 0.11779 0.10156 0.0876395 0.0798517 0.0812336 0.0946519 0.123469 0.171459 0.240693 0.325026 0.400224 0.434151 0.430175 0.421578 0.427406 0.444894 0.460131 0.460625 0.444591 0.419094 0.392886 0.373673 0.367827 0.377138 0.391756 0.388183 0.350728 0.293555 0.240341 0.202463 0.17998 0.167765 0.159414 0.149912 0.137408 0.123134 0.109679 0.0993031 0.0933274 0.092352 0.096725 0.106906 0.123588 0.147477 0.17857 0.21484 0.250917 0.278665 0.29142 0.288789 0.276164 0.259866 0.243455 0.227248 0.210048 0.191235 0.171785 0.154198 0.141941 0.138775 0.148256 0.173365 0.21565 0.272988 0.335801 0.384081 0.392605 0.352289 0.284131 0.216737 0.165409 0.133562 0.119599 0.120716 0.133888 0.155477 0.18079 0.204895 0.22521 0.244312 0.270637 0.316821 0.397626 0.529104 0.729559 1.02368 1.26619 0.919521 0.686578 0.549183 0.486664 0.476696 0.485234 0.472275 0.42578 0.366666 0.315802 0.281595 0.262896 0.252481 0.241236 0.222953 0.196502 0.164647 0.13181 0.102071 0.0779246 0.0601199 0.0482146 0.0412185 0.0380454 0.0377765 0.0398232 0.0440412 0.0507961 0.0609618 0.0758331 0.0969243 0.125529 0.161738 0.202568 0.239858 0.261758 0.261421 0.243784 0.219489 0.196333 0.178006 0.166038 0.160753 0.161115 0.164388 0.166331 0.162885 0.153103 0.140501 0.131023 0.129983 0.140376 0.162044 0.190583 0.217119 0.232302 0.233044 0.222624 0.204294 0.179347 0.150136 0.120831 0.0950918 0.074479 0.058745 0.0468333 0.0376677 0.0305159 0.0250347 0.0211728 0.0190749 0.0190558 0.0216589 0.0277868 0.0388966 0.0572593 0.0862727 0.130769 0.197073 0.291948 0.41718 0.550786 0.625691 0.617909 0.601908 0.613184 0.618173 0.58126 0.524521 0.472598 0.423387 0.370147 0.31418 0.261526 0.216974 0.18162 0.153583 0.129979 0.108626 0.0887222 0.0705328 0.0546785 0.0415832 0.031279 0.02347 0.0176892 0.0134418 0.0102969 0.0079246 0.00609618 0.00466344 0.00353291 0.00264345 0.00195092 0.00141975 0.00101923 0.000722411 0.000506062 0.000350765 0.000240826 0.000163951 0.000110781 7.43589e-05 4.96192e-05 3.29392e-05 2.17665e-05 1.43256e-05 9.39506e-06 6.14239e-06 4.00498e-06 2.60525e-06 1.69134e-06 1.09619e-06 7.09487e-07 4.58701e-07 2.9632e-07 1.91317e-07 1.23485e-07 7.96983e-08 5.14467e-08 3.32225e-08 2.14665e-08 1.38811e-08 
1.0204e-08 1.50997e-08 2.22938e-08 3.28414e-08 4.8272e-08 7.07993e-08 1.03623e-07 1.51362e-07 2.20683e-07 3.21206e-07 4.66812e-07 6.77549e-07 9.82402e-07 1.42335e-06 2.06127e-06 2.98471e-06 4.32266e-06 6.26348e-06 9.08285e-06 1.31848e-05 1.91625e-05 2.78866e-05 4.06356e-05 5.92835e-05 8.65703e-05 0.000126485 0.000184801 0.000269799 0.000393221 0.000571452 0.000826882 0.00118924 0.00169646 0.00239443 0.00333425 0.0045658 0.00612631 0.00802407 0.0102204 0.0126173 0.0150595 0.0173597 0.0193396 0.0208717 0.021898 0.0224205 0.0224756 0.0221127 0.0213871 0.0203613 0.0191056 0.0176963 0.0162113 0.0147256 0.013307 0.0120118 0.0108814 0.00994136 0.00920453 0.00867666 0.00836446 0.00828248 0.00845561 0.00891467 0.00968407 0.0107641 0.0121141 0.0136469 0.0152459 0.0168107 0.0183256 0.0199293 0.0219609 0.0249678 0.0296754 0.0369199 0.047516 0.0619876 0.0800699 0.100002 0.118063 0.12939 0.130683 0.122759 0.10998 0.0972888 0.0880348 0.083607 0.083958 0.0882026 0.0950735 0.103259 0.111638 0.119431 0.126313 0.132487 0.138485 0.144547 0.149953 0.15337 0.154737 0.157187 0.166611 0.188721 0.224606 0.264475 0.284438 0.264402 0.214383 0.159382 0.114021 0.0813856 0.0596092 0.0458217 0.0375812 0.0331948 0.031655 0.032473 0.0355107 0.0408512 0.0487344 0.0595802 0.0741039 0.0934679 0.119283 0.15307 0.194659 0.23952 0.27729 0.296025 0.290637 0.265303 0.229436 0.193431 0.165002 0.147477 0.140478 0.141256 0.145565 0.148427 0.145673 0.135867 0.120733 0.103438 0.0866691 0.0719878 0.0601277 0.0513963 0.0458841 0.0435393 0.0441972 0.0475817 0.053267 0.0606361 0.0689341 0.0775093 0.0861708 0.0953695 0.105906 0.118203 0.131568 0.14414 0.154108 0.161747 0.170422 0.185389 0.211757 0.253495 0.314103 0.398753 0.515876 0.666853 0.77852 0.697933 0.541952 0.417068 0.327299 0.260748 0.209707 0.171156 0.143776 0.125803 0.114456 0.106522 0.0995439 0.092762 0.0870479 0.0840435 0.0854129 0.0927592 0.108094 0.134485 0.17654 0.240295 0.331136 0.444659 0.53897 0.529921 0.427419 0.31379 0.222937 0.157551 0.112768 0.0831541 0.064241 0.0527083 0.0462409 0.0433267 0.0430447 0.0448462 0.0483255 0.0530174 0.058295 0.0634537 0.0679805 0.0718581 0.075682 0.0804791 0.0872846 0.0965784 0.107685 0.118433 0.125687 0.127045 0.122643 0.11527 0.10882 0.106812 0.111921 0.126048 0.150024 0.18217 0.21561 0.237435 0.236596 0.216191 0.190679 0.172527 0.166532 0.171033 0.180123 0.186452 0.185709 0.179962 0.176028 0.181053 0.199438 0.230891 0.267279 0.290416 0.282212 0.244953 0.197979 0.157021 0.127754 0.109716 0.100216 0.096382 0.0961186 0.0984222 0.103079 0.109917 0.11809 0.125938 0.131692 0.134484 0.134502 0.132004 0.126469 0.117188 0.104712 0.0914039 0.080603 0.0755838 0.0793221 0.0949414 0.126238 0.177549 0.25159 0.342573 0.425044 0.463615 0.460528 0.450008 0.451518 0.464196 0.478062 0.482973 0.47446 0.454437 0.428578 0.404823 0.391764 0.393389 0.401107 0.392137 0.350978 0.290977 0.234915 0.19384 0.167972 0.152806 0.142912 0.134036 0.124228 0.113799 0.104306 0.0973996 0.094198 0.095235 0.100673 0.110531 0.124802 0.143417 0.165962 0.191099 0.216024 0.236795 0.250016 0.254778 0.252837 0.246704 0.237384 0.223931 0.205434 0.183219 0.160689 0.141585 0.128808 0.124303 0.129308 0.14444 0.169216 0.200832 0.232677 0.254343 0.255658 0.23419 0.198284 0.160538 0.130112 0.110988 0.103847 0.107981 0.122126 0.144361 0.171612 0.199588 0.224235 0.245032 0.267847 0.304089 0.367274 0.470572 0.624454 0.818253 0.908091 0.75771 0.588897 0.478115 0.423392 0.409517 0.414706 0.415266 0.396632 0.359661 0.315892 0.277586 0.249839 0.22975 0.210938 0.188824 0.162811 0.135032 0.108308 0.0849156 0.0661313 0.0522672 0.0429645 0.0375323 0.0352166 0.0353903 0.0376967 0.0421582 0.0492285 0.0597529 0.074804 0.095368 0.121824 0.153129 0.185728 0.212923 0.226839 0.223929 0.208519 0.189044 0.17234 0.161846 0.158491 0.161643 0.169417 0.178491 0.184106 0.181709 0.170453 0.15488 0.142207 0.138536 0.147161 0.168128 0.197582 0.227795 0.250681 0.263016 0.265065 0.254418 0.227846 0.189024 0.147452 0.110883 0.0822625 0.0612241 0.0461589 0.035418 0.0277645 0.0224363 0.0190671 0.0176013 0.0182635 0.0216026 0.0286135 0.040941 0.0611744 0.0932339 0.142812 0.217695 0.327267 0.47798 0.650412 0.747538 0.728017 0.721257 0.780159 0.822661 0.740684 0.630777 0.551737 0.490029 0.428458 0.364395 0.304086 0.253508 0.214085 0.183272 0.157161 0.132837 0.109367 0.0873787 0.0679875 0.0519595 0.0394256 0.0300042 0.0230591 0.0179255 0.0140464 0.0110218 0.00859888 0.00663179 0.00503765 0.00376275 0.00276297 0.00199604 0.00142048 0.000997293 0.00069181 0.000474848 0.000322923 0.000217836 0.000145913 9.71371e-05 6.432e-05 4.2391e-05 2.78247e-05 1.8199e-05 1.18667e-05 7.71731e-06 5.00752e-06 3.24307e-06 2.09706e-06 1.35434e-06 8.73837e-07 5.63439e-07 3.63158e-07 2.3404e-07 1.50848e-07 9.72632e-08 6.27498e-08 4.05156e-08 2.61854e-08 1.69432e-08 
1.33131e-08 1.97389e-08 2.91967e-08 4.30833e-08 6.34238e-08 9.31483e-08 1.3649e-07 1.99554e-07 2.9114e-07 4.23921e-07 6.16145e-07 8.94107e-07 1.29572e-06 1.87575e-06 2.71345e-06 3.92378e-06 5.67396e-06 8.20796e-06 1.18828e-05 1.72221e-05 2.49965e-05 3.63412e-05 5.29315e-05 7.72399e-05 0.000112913 0.000165316 0.000242315 0.000355372 0.000521041 0.000762942 0.0011142 0.00162017 0.00234094 0.00335243 0.00474412 0.00661046 0.00903239 0.0120474 0.0156109 0.0195631 0.0236228 0.0274327 0.0306503 0.0330446 0.0345367 0.0351662 0.0350219 0.0341952 0.0327761 0.0308675 0.0285904 0.0260765 0.0234573 0.0208564 0.0183833 0.0161264 0.0141474 0.0124793 0.0111297 0.0100899 0.0093458 0.00888852 0.00871998 0.00885126 0.00929298 0.0100404 0.01106 0.0122861 0.0136379 0.0150613 0.0165904 0.0184128 0.0209208 0.0247383 0.0307243 0.0399489 0.0535972 0.0726865 0.0973852 0.125756 0.152374 0.16892 0.169169 0.154729 0.133623 0.113866 0.0999542 0.0931765 0.0929753 0.0979526 0.10644 0.116839 0.127841 0.138574 0.148785 0.158972 0.17008 0.182262 0.193189 0.198103 0.193741 0.182972 0.173556 0.172196 0.179942 0.190578 0.192853 0.178672 0.150588 0.118044 0.0888398 0.0661814 0.0501183 0.0394431 0.0327862 0.0290558 0.0275426 0.0278904 0.0300306 0.0341286 0.0405727 0.0500205 0.0634942 0.0824637 0.108741 0.14382 0.18715 0.233302 0.27052 0.286135 0.276778 0.249767 0.215762 0.183797 0.159611 0.145333 0.140188 0.14152 0.145603 0.14841 0.146757 0.139502 0.127655 0.113225 0.0980519 0.0835383 0.0708355 0.0609185 0.0544957 0.0519566 0.0534058 0.0586865 0.0673037 0.0782782 0.090144 0.101374 0.111199 0.120176 0.129748 0.140946 0.153141 0.163853 0.170312 0.172196 0.172956 0.178153 0.192822 0.220325 0.262862 0.322269 0.398295 0.478536 0.521369 0.486087 0.40242 0.318468 0.251055 0.199817 0.161222 0.132666 0.112449 0.0989819 0.0904093 0.0848202 0.0808106 0.0779338 0.0766686 0.0780012 0.0830675 0.0931935 0.110314 0.13751 0.179312 0.241251 0.32728 0.430693 0.51235 0.505508 0.417105 0.313149 0.226616 0.162859 0.118682 0.0893937 0.0707669 0.0594951 0.0532016 0.0503246 0.0499487 0.0515834 0.0548924 0.059426 0.0644812 0.0692292 0.0731249 0.0763667 0.0800477 0.0858445 0.0953873 0.109462 0.127069 0.144648 0.156606 0.158349 0.149949 0.136157 0.122866 0.114314 0.112624 0.118365 0.130841 0.147754 0.164679 0.175879 0.177803 0.172778 0.168071 0.171231 0.186386 0.21225 0.24057 0.257636 0.254127 0.235413 0.216326 0.209436 0.220932 0.250567 0.289115 0.314952 0.305327 0.26271 0.210398 0.166096 0.135367 0.117054 0.107731 0.103855 0.102838 0.103485 0.10568 0.109508 0.114434 0.119129 0.122079 0.122449 0.12031 0.116014 0.109577 0.100911 0.0906276 0.0804235 0.0727305 0.0701797 0.0754584 0.0915632 0.122067 0.170766 0.239545 0.322845 0.400986 0.449293 0.467234 0.47564 0.488948 0.509033 0.529181 0.538551 0.529941 0.504454 0.468408 0.430694 0.401195 0.384955 0.375642 0.356741 0.317295 0.265248 0.216243 0.179178 0.154964 0.140393 0.131184 0.123785 0.11634 0.108813 0.102344 0.0983571 0.0979132 0.101488 0.108996 0.119896 0.133322 0.148333 0.16417 0.180273 0.195918 0.209953 0.221123 0.228823 0.23334 0.234927 0.232324 0.222808 0.204955 0.181267 0.15702 0.137017 0.12388 0.118249 0.119616 0.126961 0.138893 0.153218 0.166365 0.173641 0.171106 0.158199 0.13857 0.117966 0.101385 0.0918475 0.0907503 0.098663 0.11576 0.141582 0.174083 0.208476 0.237841 0.257921 0.272922 0.294352 0.334225 0.400063 0.490234 0.580545 0.611885 0.556076 0.469322 0.401662 0.367756 0.365164 0.383304 0.405041 0.408774 0.380852 0.33063 0.279031 0.237931 0.207386 0.182342 0.158484 0.13442 0.110933 0.0894595 0.0711485 0.0565849 0.0458323 0.0385991 0.0344204 0.0328153 0.0334188 0.0361004 0.0410589 0.0488587 0.0603536 0.0764407 0.0976021 0.123248 0.151049 0.176716 0.194854 0.201206 0.195415 0.181796 0.166797 0.15572 0.151313 0.153983 0.162439 0.174171 0.185585 0.192096 0.189548 0.177478 0.160671 0.146393 0.140628 0.146555 0.164475 0.191786 0.223518 0.25486 0.283447 0.305469 0.309137 0.282613 0.232084 0.17622 0.12811 0.0915562 0.0654585 0.0473596 0.034967 0.0265785 0.0210875 0.0178746 0.0167121 0.0177229 0.0214111 0.0287678 0.0414593 0.0620983 0.0945825 0.144409 0.218668 0.324809 0.464999 0.616574 0.707613 0.717596 0.745879 0.852397 0.939708 0.816829 0.674234 0.583988 0.520598 0.46019 0.396667 0.335903 0.284905 0.245623 0.21505 0.188276 0.161645 0.134333 0.10781 0.0841471 0.0646858 0.0496745 0.0385528 0.0304001 0.0242953 0.0195171 0.0156022 0.0123077 0.00952954 0.00722558 0.0053646 0.00390485 0.0027919 0.00196489 0.001364 0.000935736 0.000635446 0.000427779 0.000285834 0.000189766 0.000125293 8.23324e-05 5.38814e-05 3.51384e-05 2.28465e-05 1.48166e-05 9.58842e-06 6.19409e-06 3.99569e-06 2.57472e-06 1.65779e-06 1.06689e-06 6.86473e-07 4.41732e-07 2.84342e-07 1.83137e-07 1.1805e-07 7.61732e-08 4.92118e-08 3.18375e-08 2.06287e-08 
1.73151e-08 2.57277e-08 3.81333e-08 5.63795e-08 8.31468e-08 1.22315e-07 1.79485e-07 2.62736e-07 3.83691e-07 5.59067e-07 8.12886e-07 1.17967e-06 1.70905e-06 2.47249e-06 3.57309e-06 5.15989e-06 7.4491e-06 1.07554e-05 1.55383e-05 2.24719e-05 3.25476e-05 4.72294e-05 6.86837e-05 0.000100124 0.000146319 0.00021435 0.000314708 0.000462892 0.000681663 0.00100417 0.00147806 0.00217056 0.00317405 0.00461057 0.00663236 0.00941273 0.0131196 0.0178636 0.0236199 0.0301432 0.0369285 0.0432823 0.0485268 0.0522369 0.0543368 0.0549893 0.0544037 0.0527366 0.05012 0.0467211 0.0427546 0.0384528 0.0340372 0.0297055 0.0256273 0.0219346 0.0187132 0.0159998 0.0137891 0.0120473 0.0107284 0.00978992 0.00920195 0.0089485 0.00902069 0.0094048 0.0100717 0.0109761 0.0120722 0.0133513 0.0148954 0.0169384 0.0199217 0.0245406 0.0317836 0.0429564 0.0596437 0.0834574 0.115245 0.153267 0.190456 0.21392 0.212919 0.190209 0.15909 0.131268 0.112126 0.102527 0.10126 0.1064 0.115921 0.127995 0.141179 0.154588 0.168175 0.182998 0.200843 0.222238 0.242985 0.252793 0.242658 0.216118 0.18635 0.163783 0.150888 0.143887 0.13647 0.124039 0.106381 0.086626 0.0682405 0.0532213 0.0420418 0.0342997 0.0293016 0.0264001 0.0251398 0.0252991 0.0268881 0.0301405 0.0355245 0.043784 0.055997 0.0735885 0.0981417 0.130706 0.170218 0.211186 0.242965 0.254946 0.245229 0.221288 0.19292 0.167541 0.149311 0.139475 0.137035 0.139566 0.143993 0.147363 0.147594 0.143895 0.136493 0.125952 0.112945 0.0986276 0.0847831 0.0733656 0.0659163 0.0633595 0.0661173 0.0742243 0.0871965 0.103646 0.121014 0.136164 0.147116 0.154519 0.160937 0.168435 0.176705 0.183045 0.184369 0.180235 0.17415 0.171612 0.177189 0.193236 0.220177 0.256869 0.299341 0.337093 0.352168 0.332561 0.287502 0.236072 0.190169 0.153175 0.12467 0.103416 0.0882415 0.0780359 0.0716613 0.0680541 0.0664745 0.0666933 0.0689538 0.0737617 0.0817408 0.0937598 0.111325 0.136976 0.17426 0.226719 0.294826 0.369078 0.421519 0.418247 0.36159 0.285613 0.215769 0.161028 0.121782 0.0953877 0.0785961 0.0684855 0.062794 0.0600018 0.0592763 0.0602843 0.0628806 0.0667565 0.0712336 0.0754108 0.0787036 0.081467 0.085208 0.0921942 0.10468 0.123925 0.148867 0.174605 0.192496 0.194832 0.18162 0.160461 0.139849 0.124813 0.116965 0.11589 0.120092 0.127369 0.135077 0.140927 0.144437 0.148126 0.157169 0.17766 0.214383 0.267448 0.325698 0.361495 0.350802 0.307228 0.263054 0.237565 0.236062 0.255764 0.285893 0.305864 0.295564 0.256589 0.208617 0.167584 0.13904 0.122166 0.11366 0.109844 0.107941 0.10671 0.106194 0.106774 0.108292 0.109853 0.110311 0.108945 0.10569 0.100816 0.0945326 0.0870393 0.0789093 0.071344 0.0660791 0.0651646 0.0708925 0.0859009 0.113219 0.155804 0.214891 0.286778 0.360506 0.423295 0.471464 0.509748 0.544534 0.581763 0.618021 0.633965 0.613921 0.566218 0.506989 0.447672 0.397582 0.361229 0.334261 0.306227 0.270115 0.228912 0.190839 0.16164 0.142403 0.131048 0.124262 0.119031 0.113694 0.108281 0.104046 0.10258 0.105107 0.112131 0.123318 0.137405 0.152289 0.165631 0.175972 0.183484 0.189502 0.195331 0.201554 0.208183 0.214911 0.220631 0.222507 0.216518 0.200749 0.178233 0.155195 0.136941 0.125765 0.121214 0.121257 0.123547 0.126331 0.12855 0.129236 0.127124 0.121141 0.111371 0.0994714 0.0880736 0.0797827 0.076606 0.0799967 0.0911785 0.111301 0.141008 0.179017 0.219913 0.253753 0.272441 0.279122 0.286298 0.305099 0.339314 0.383869 0.42299 0.434709 0.411713 0.371999 0.339063 0.326824 0.340207 0.377193 0.424621 0.450351 0.422319 0.354315 0.283567 0.228132 0.188357 0.158744 0.134329 0.112577 0.0929265 0.0756823 0.0612438 0.0498001 0.0413021 0.0355374 0.0322262 0.0311152 0.0320713 0.0351815 0.0408407 0.0497877 0.0630167 0.0814687 0.105394 0.133383 0.161528 0.183854 0.194959 0.193265 0.181839 0.166378 0.152552 0.144302 0.143319 0.14921 0.159942 0.172442 0.183132 0.188287 0.18504 0.173557 0.158017 0.144481 0.137987 0.141361 0.155327 0.178905 0.21021 0.247897 0.291019 0.332862 0.352372 0.327298 0.266725 0.199313 0.142476 0.100056 0.0701316 0.0495986 0.035744 0.0265723 0.0207482 0.017468 0.0163589 0.0174321 0.0210999 0.0282575 0.0404294 0.059968 0.0902493 0.135702 0.201242 0.290149 0.398558 0.506109 0.578969 0.614953 0.660362 0.742063 0.793322 0.728608 0.633124 0.564702 0.514335 0.46453 0.409994 0.356558 0.311733 0.277869 0.25148 0.226346 0.197809 0.165597 0.133015 0.10388 0.0803684 0.0627351 0.05 0.0407318 0.0336036 0.0276809 0.0224757 0.0178385 0.0137899 0.0103821 0.00762748 0.00548367 0.00386961 0.00268784 0.00184232 0.00124878 0.000838563 0.000558681 0.000369746 0.00024333 0.000159373 0.000103961 6.75826e-05 4.38066e-05 2.83263e-05 1.82798e-05 1.17775e-05 7.5786e-06 4.87224e-06 3.13049e-06 2.01082e-06 1.29163e-06 8.29913e-07 5.33549e-07 3.43301e-07 2.21126e-07 1.42615e-07 9.21156e-08 5.9596e-08 3.86255e-08 2.50812e-08 
2.24406e-08 3.34212e-08 4.96484e-08 7.35635e-08 1.08712e-07 1.60227e-07 2.35527e-07 3.45301e-07 5.04922e-07 7.36469e-07 1.07161e-06 1.55574e-06 2.25393e-06 3.25958e-06 4.70686e-06 6.78903e-06 9.78531e-06 1.41006e-05 2.03243e-05 2.93186e-05 4.23502e-05 6.12882e-05 8.8902e-05 0.000129309 0.000188646 0.000276079 0.000405303 0.000596772 0.00088095 0.001303 0.00192931 0.00285622 0.00422078 0.00621222 0.00908008 0.0131305 0.018695 0.0260504 0.0352708 0.046027 0.0574311 0.0681147 0.0766791 0.0823151 0.0850623 0.0854539 0.0839661 0.0808185 0.0761545 0.0702447 0.0634921 0.0563204 0.0490974 0.0421272 0.0356579 0.0298747 0.0248854 0.0207189 0.0173388 0.0146664 0.0126063 0.0110674 0.00997642 0.00928192 0.00894945 0.00895174 0.00926038 0.00984593 0.0106927 0.0118308 0.0133833 0.0156216 0.0190246 0.0243386 0.0326409 0.0453991 0.0644747 0.0919085 0.129094 0.174616 0.220399 0.249833 0.247981 0.218639 0.17976 0.145836 0.122693 0.110792 0.108455 0.113417 0.123426 0.1365 0.151103 0.166367 0.182501 0.201226 0.225412 0.256548 0.289162 0.306384 0.291003 0.248186 0.199507 0.160001 0.133037 0.115522 0.102626 0.0905992 0.0779773 0.0652206 0.0535086 0.0437627 0.036321 0.0310526 0.027596 0.0255608 0.0246571 0.0247639 0.0259595 0.0285319 0.032988 0.0400707 0.0507682 0.0662579 0.0876564 0.115372 0.147889 0.180354 0.20472 0.213727 0.206417 0.188478 0.167535 0.149469 0.1375 0.132445 0.133267 0.137761 0.14339 0.148113 0.150853 0.151238 0.148807 0.142561 0.13174 0.117207 0.101664 0.0883649 0.0798218 0.0774808 0.0820577 0.0938514 0.112576 0.136571 0.161873 0.182736 0.194969 0.199415 0.20059 0.201975 0.203473 0.202408 0.196266 0.185302 0.173131 0.164694 0.163663 0.17129 0.186639 0.207131 0.22852 0.244424 0.247481 0.23397 0.207489 0.175863 0.145524 0.119543 0.0986556 0.082617 0.0709112 0.0629624 0.0581877 0.0560736 0.0562892 0.0587483 0.0635543 0.0708705 0.0808666 0.0938915 0.110853 0.133516 0.164245 0.204752 0.253488 0.301994 0.333673 0.332704 0.299323 0.249108 0.198181 0.155495 0.123739 0.10214 0.0885061 0.0803826 0.0756564 0.072867 0.0713093 0.0709055 0.0718429 0.0741114 0.0772067 0.0802725 0.0827304 0.0850253 0.0889026 0.0969952 0.111991 0.13556 0.166749 0.199754 0.223325 0.226764 0.209978 0.183246 0.157233 0.137448 0.125046 0.118998 0.117484 0.118589 0.120776 0.123434 0.127507 0.135928 0.153575 0.186786 0.242358 0.324362 0.42279 0.489378 0.464455 0.382151 0.306622 0.260523 0.243954 0.249703 0.265727 0.275424 0.264946 0.234628 0.196816 0.163205 0.139018 0.124347 0.116674 0.112727 0.109884 0.106996 0.104243 0.102218 0.101071 0.100302 0.0991262 0.0969593 0.0936338 0.0892558 0.083989 0.0780423 0.0718515 0.0662477 0.0624828 0.0621705 0.067253 0.0800142 0.10303 0.138828 0.189013 0.252983 0.327388 0.407397 0.486846 0.556543 0.614564 0.67726 0.750591 0.785676 0.730621 0.630871 0.533619 0.449666 0.381766 0.330544 0.291833 0.258536 0.225698 0.193509 0.165421 0.14443 0.131201 0.124205 0.120699 0.11798 0.114589 0.110865 0.108514 0.109597 0.115711 0.127562 0.144671 0.164946 0.18446 0.198436 0.203878 0.201779 0.196198 0.191302 0.189483 0.191305 0.196051 0.201734 0.204782 0.200943 0.188376 0.170062 0.15202 0.139337 0.133858 0.134046 0.136088 0.135945 0.131594 0.123655 0.113932 0.10376 0.0936421 0.0838418 0.0749538 0.0679906 0.0641562 0.0646609 0.0707465 0.0838278 0.105485 0.1369 0.177222 0.220863 0.256552 0.274293 0.276457 0.275472 0.28138 0.296343 0.316095 0.332478 0.337267 0.328357 0.312416 0.30036 0.302296 0.325813 0.374111 0.437632 0.477658 0.446867 0.364575 0.281284 0.217614 0.173047 0.141504 0.117568 0.0979824 0.0813143 0.0671359 0.0553783 0.0460098 0.0389441 0.0340531 0.0312119 0.0303553 0.0315484 0.0350778 0.0415478 0.0519427 0.0675747 0.0897713 0.11906 0.153634 0.187572 0.21122 0.216726 0.204757 0.183394 0.161475 0.144811 0.136073 0.135611 0.142009 0.152509 0.163676 0.172223 0.175563 0.172293 0.163088 0.151011 0.140248 0.134413 0.135849 0.145778 0.164735 0.193136 0.231746 0.280149 0.330126 0.357489 0.33683 0.277194 0.208982 0.150572 0.106258 0.0744784 0.0523874 0.0373916 0.0274894 0.0212605 0.0177829 0.0165588 0.0174771 0.0208199 0.0273161 0.0382331 0.0554818 0.0816567 0.119826 0.172698 0.240601 0.318123 0.391968 0.44776 0.486685 0.52638 0.573237 0.600861 0.585428 0.549343 0.51709 0.48813 0.453878 0.412808 0.371602 0.337903 0.314077 0.295738 0.274403 0.243597 0.204295 0.163328 0.127331 0.0994132 0.0794684 0.0656588 0.0556704 0.0475378 0.0400676 0.0328675 0.0260733 0.0199938 0.0148638 0.0107583 0.0076146 0.00529136 0.00362217 0.00244935 0.00163974 0.00108872 0.000717951 0.000470766 0.000307224 0.000199702 0.000129382 8.35921e-05 5.38859e-05 3.46731e-05 2.22787e-05 1.42998e-05 9.1719e-06 5.88066e-06 3.77023e-06 2.41778e-06 1.55133e-06 9.96207e-07 6.4043e-07 4.12266e-07 2.65807e-07 1.71681e-07 1.111e-07 7.20449e-08 4.68189e-08 3.04922e-08 
2.89689e-08 4.32513e-08 6.44081e-08 9.56592e-08 1.41687e-07 2.09282e-07 3.08257e-07 4.52763e-07 6.63144e-07 9.68592e-07 1.41092e-06 2.04992e-06 2.97112e-06 4.29677e-06 6.20185e-06 8.93727e-06 1.28638e-05 1.85021e-05 2.66068e-05 3.82769e-05 5.51217e-05 7.95102e-05 0.000114948 0.000166646 0.000242384 0.000353818 0.000518455 0.000762635 0.00112601 0.00166818 0.00247844 0.00368961 0.00549673 0.00818043 0.0121312 0.017864 0.0259974 0.0371527 0.0517064 0.0693576 0.0886349 0.106808 0.120831 0.12906 0.13206 0.131449 0.128263 0.122622 0.114512 0.104387 0.0930732 0.0813664 0.0698588 0.0589809 0.0490659 0.0403493 0.0329444 0.0268433 0.0219442 0.0180911 0.0151115 0.0128453 0.0111621 0.00996639 0.00919276 0.00879638 0.00874513 0.00901974 0.00962664 0.0106255 0.0121699 0.0145578 0.0182895 0.0241315 0.033187 0.0469579 0.0673405 0.0963871 0.135439 0.182921 0.230482 0.261192 0.259868 0.230238 0.19042 0.155246 0.130889 0.118049 0.115154 0.119949 0.130132 0.143629 0.158787 0.174672 0.191595 0.211648 0.238384 0.27405 0.312876 0.334231 0.315331 0.262566 0.203095 0.154446 0.12024 0.0975847 0.082174 0.0705154 0.0606194 0.051822 0.0441993 0.0380022 0.0333406 0.0301107 0.0280586 0.026892 0.0263907 0.0264897 0.0273241 0.0292397 0.0327823 0.0386798 0.0478038 0.0610611 0.0791175 0.101849 0.127527 0.152185 0.170229 0.177118 0.172425 0.160047 0.145548 0.133583 0.126853 0.126038 0.130122 0.136995 0.144382 0.150856 0.156198 0.160564 0.163012 0.161003 0.152186 0.137139 0.119731 0.1047 0.0954825 0.0938776 0.100752 0.116667 0.141761 0.174492 0.209609 0.237979 0.252146 0.253471 0.249425 0.244668 0.238184 0.227001 0.210264 0.190302 0.171388 0.157696 0.151652 0.153364 0.160991 0.171483 0.181246 0.186616 0.184603 0.174195 0.157108 0.136738 0.116283 0.097737 0.0819952 0.0693321 0.059749 0.053126 0.0492894 0.0480754 0.0493916 0.0532301 0.0596015 0.0684304 0.0795316 0.0927959 0.108565 0.127889 0.152221 0.182267 0.216179 0.247951 0.268089 0.268528 0.248796 0.216366 0.181038 0.15 0.126507 0.110757 0.101224 0.0957318 0.0922074 0.0891919 0.0861242 0.0832832 0.08135 0.0807902 0.0814435 0.0826449 0.0838916 0.0856366 0.0896086 0.0984358 0.114833 0.140516 0.174511 0.210764 0.237347 0.242729 0.226621 0.199731 0.173003 0.151856 0.137221 0.127953 0.122378 0.119058 0.117237 0.117207 0.120605 0.130613 0.152065 0.191501 0.256908 0.355412 0.481002 0.573578 0.536032 0.425425 0.331094 0.273139 0.246668 0.241597 0.246004 0.247348 0.236702 0.213628 0.184871 0.158073 0.137635 0.124366 0.116673 0.111984 0.108077 0.103961 0.099838 0.0963356 0.0937638 0.0919074 0.0902678 0.088397 0.086055 0.0831594 0.0796812 0.0756414 0.0712283 0.0669483 0.0637232 0.0629109 0.0662705 0.0759074 0.0942003 0.123667 0.166742 0.225568 0.301895 0.395884 0.500433 0.595459 0.671434 0.763339 0.911663 1.02335 0.868247 0.677033 0.536057 0.432373 0.354583 0.296806 0.253573 0.219191 0.189727 0.164187 0.143632 0.129328 0.12141 0.118515 0.118181 0.117885 0.116366 0.114353 0.114104 0.118265 0.128949 0.147275 0.172873 0.202891 0.230966 0.248314 0.248992 0.235146 0.215013 0.196509 0.183836 0.177825 0.177233 0.179463 0.180863 0.177804 0.168987 0.157023 0.147029 0.143483 0.147819 0.157331 0.165537 0.165314 0.154019 0.135128 0.114348 0.0956175 0.0803656 0.0686256 0.0601287 0.0548227 0.0529783 0.0551709 0.0622974 0.0756122 0.0966009 0.126354 0.164022 0.204483 0.237812 0.255363 0.258753 0.257839 0.260461 0.268129 0.278354 0.287696 0.293341 0.29412 0.291366 0.289316 0.294915 0.316165 0.357768 0.411652 0.443954 0.415437 0.341309 0.264264 0.203898 0.161034 0.130809 0.108432 0.0907359 0.0760764 0.0637578 0.053518 0.0452372 0.0388353 0.0342613 0.0315142 0.0306752 0.0319648 0.035831 0.0430672 0.0549256 0.0731525 0.0997647 0.136171 0.180969 0.226233 0.256063 0.25646 0.230715 0.195086 0.163094 0.140707 0.129024 0.126848 0.13174 0.140463 0.149597 0.156384 0.15923 0.157738 0.152667 0.145764 0.13918 0.134911 0.134723 0.140352 0.15358 0.176188 0.209541 0.252544 0.296595 0.321655 0.308723 0.262907 0.205836 0.153223 0.11074 0.0787495 0.0557464 0.0398262 0.0292402 0.0225874 0.0188605 0.0174378 0.0180691 0.020879 0.0263924 0.0355737 0.0498471 0.0710261 0.101005 0.140995 0.190154 0.244092 0.295154 0.336871 0.369977 0.401068 0.432407 0.456639 0.467654 0.470218 0.469536 0.462468 0.444204 0.416931 0.389044 0.368286 0.356567 0.348175 0.33139 0.296886 0.247825 0.196555 0.153302 0.121775 0.100932 0.0875114 0.0777852 0.0687835 0.0590341 0.0485564 0.0381948 0.028851 0.0210633 0.0149614 0.0103989 0.00710547 0.00479023 0.0031951 0.002113 0.00138776 0.000906311 0.000589158 0.000381533 0.000246303 0.000158598 0.000101912 6.53815e-05 4.18944e-05 2.68221e-05 1.71642e-05 1.09822e-05 7.02819e-06 4.50004e-06 2.88367e-06 1.84994e-06 1.18843e-06 7.64724e-07 4.93006e-07 3.18494e-07 2.06216e-07 1.33833e-07 8.70682e-08 5.67827e-08 3.7121e-08 
3.72345e-08 5.57375e-08 8.32175e-08 1.2391e-07 1.83988e-07 2.72416e-07 4.02166e-07 5.91959e-07 8.68721e-07 1.27107e-06 1.85428e-06 2.69728e-06 3.91265e-06 5.66085e-06 8.17064e-06 1.17686e-05 1.69217e-05 2.43003e-05 3.48706e-05 5.00317e-05 7.18222e-05 0.00010323 0.000148659 0.000214643 0.000310923 0.000452093 0.000660108 0.000968113 0.0014263 0.00211082 0.00313732 0.00468116 0.00700688 0.0105092 0.0157653 0.0235888 0.0350565 0.0514323 0.0738369 0.102449 0.135176 0.166638 0.189765 0.20082 0.202294 0.198979 0.192948 0.183412 0.169611 0.152451 0.133766 0.115081 0.0972722 0.0808547 0.0662078 0.0535831 0.0430544 0.0345209 0.0277596 0.0224883 0.0184206 0.0153023 0.0129322 0.0111643 0.00990014 0.00907566 0.00865174 0.00861321 0.00898004 0.00983125 0.0113405 0.0138215 0.0177812 0.02398 0.0334909 0.0477357 0.0684251 0.0972366 0.134892 0.179184 0.22216 0.249815 0.250502 0.226756 0.192523 0.16071 0.137862 0.125579 0.122925 0.127935 0.138355 0.152001 0.167006 0.182176 0.19758 0.215125 0.238158 0.268676 0.301174 0.317296 0.297612 0.247502 0.19046 0.142618 0.108039 0.0847437 0.0692445 0.058501 0.0505053 0.0442283 0.0392958 0.0356252 0.0331572 0.0317258 0.0310492 0.0308067 0.0307567 0.0308453 0.0312648 0.0324498 0.0350319 0.0397811 0.0475322 0.0590498 0.074754 0.0942511 0.115765 0.135883 0.150301 0.155786 0.152153 0.142444 0.131213 0.122525 0.118856 0.120829 0.127383 0.136312 0.145311 0.153242 0.160536 0.167914 0.174243 0.175817 0.168931 0.153949 0.135815 0.120502 0.112053 0.112306 0.121987 0.141698 0.172006 0.211915 0.255715 0.291579 0.309067 0.310546 0.306413 0.300568 0.288017 0.264335 0.232421 0.199393 0.17136 0.151675 0.141151 0.138595 0.141441 0.146507 0.150767 0.151905 0.148598 0.140661 0.128988 0.115094 0.100504 0.0863913 0.0735715 0.0626143 0.0539137 0.0477079 0.0441069 0.0431487 0.0448537 0.0492301 0.0562131 0.0655716 0.0768937 0.0897645 0.10412 0.120494 0.139756 0.162215 0.186421 0.208431 0.222554 0.224064 0.212324 0.191429 0.167744 0.146731 0.131297 0.121813 0.116916 0.114428 0.112148 0.108541 0.103202 0.0968814 0.0909181 0.0864122 0.0836784 0.0823463 0.0820282 0.0830937 0.0870068 0.0960251 0.112463 0.137651 0.170409 0.205115 0.231491 0.239949 0.229909 0.209639 0.188016 0.169599 0.155214 0.144052 0.135095 0.127725 0.121969 0.118711 0.119873 0.128545 0.149082 0.187128 0.249124 0.339396 0.448274 0.523728 0.497295 0.408035 0.326159 0.27334 0.247264 0.239146 0.238643 0.236092 0.225302 0.205693 0.181329 0.157531 0.138038 0.124093 0.114872 0.108514 0.103259 0.0982492 0.0935756 0.089728 0.0870252 0.0854221 0.0846341 0.0843269 0.0841979 0.0839471 0.0832334 0.0817068 0.0791482 0.0756845 0.0719954 0.0693971 0.0697477 0.075256 0.0883392 0.111617 0.148043 0.201101 0.274642 0.370673 0.482019 0.585596 0.669289 0.773293 0.958995 1.16175 0.899835 0.663383 0.506024 0.397374 0.31939 0.262568 0.220534 0.18829 0.162539 0.141947 0.126582 0.116856 0.112588 0.112517 0.114434 0.116066 0.116404 0.116508 0.119053 0.12716 0.143483 0.169722 0.205916 0.248718 0.288995 0.312402 0.308341 0.280561 0.243251 0.208953 0.183594 0.167962 0.160178 0.157176 0.155518 0.152405 0.14714 0.141964 0.141113 0.148613 0.165879 0.189207 0.208217 0.210002 0.190389 0.157985 0.124425 0.096337 0.0753617 0.0607863 0.0513989 0.0462734 0.0449694 0.0475295 0.0544465 0.0666052 0.0850704 0.110485 0.141867 0.175156 0.2034 0.220997 0.228932 0.233388 0.239458 0.248405 0.259623 0.272782 0.287373 0.300917 0.309109 0.310021 0.308648 0.314565 0.333735 0.360086 0.371853 0.347837 0.294982 0.237199 0.189096 0.153248 0.126983 0.106922 0.0906635 0.0769516 0.0652667 0.0554118 0.0472898 0.0408491 0.0360964 0.0331152 0.0320854 0.0333252 0.0373789 0.045154 0.0580889 0.0782881 0.108445 0.151062 0.205845 0.263856 0.302184 0.297812 0.257219 0.206963 0.165004 0.136733 0.121503 0.116736 0.119282 0.125829 0.133371 0.139832 0.144366 0.147057 0.14834 0.148478 0.147399 0.145169 0.142891 0.143047 0.148842 0.16316 0.187498 0.220258 0.254036 0.275094 0.271176 0.242608 0.200382 0.155881 0.116119 0.0840644 0.0600725 0.0431546 0.0318672 0.024815 0.0208752 0.0192703 0.0195832 0.0217611 0.0261202 0.0333422 0.0444337 0.0605969 0.0829307 0.111876 0.146458 0.183767 0.219645 0.251034 0.278301 0.304453 0.331567 0.359065 0.386056 0.41247 0.435315 0.447269 0.443744 0.429531 0.414717 0.406359 0.404803 0.403107 0.387555 0.346973 0.287501 0.227178 0.179127 0.147034 0.128563 0.118561 0.111106 0.101518 0.0880588 0.0719356 0.0556068 0.0410841 0.0293141 0.0203751 0.0138872 0.00932674 0.00619385 0.00407763 0.00266609 0.00173365 0.00112236 0.000724008 0.00046569 0.00029884 0.00019142 0.000122442 7.82443e-05 4.99706e-05 3.19063e-05 2.03747e-05 1.30168e-05 8.32271e-06 5.32732e-06 3.41484e-06 2.19268e-06 1.41072e-06 9.09632e-07 5.87947e-07 3.80999e-07 2.47553e-07 1.61284e-07 1.05365e-07 6.90155e-08 4.53208e-08 
4.76333e-08 7.14975e-08 1.07038e-07 1.59808e-07 2.37923e-07 3.53189e-07 5.22726e-07 7.71266e-07 1.13442e-06 1.66328e-06 2.43096e-06 3.54175e-06 5.14414e-06 7.44926e-06 1.0757e-05 1.54936e-05 2.22656e-05 3.19382e-05 4.57505e-05 6.54857e-05 9.37245e-05 0.000134226 0.000192504 0.000276695 0.000398886 0.000577132 0.00083854 0.001224 0.00179545 0.00264717 0.00392327 0.00584488 0.00875201 0.0131668 0.0198848 0.0300962 0.0455171 0.0684493 0.101534 0.146647 0.202049 0.257957 0.296926 0.308836 0.303048 0.293603 0.283765 0.268885 0.245917 0.217143 0.186865 0.157914 0.131361 0.107587 0.0868809 0.0694195 0.0551485 0.0437869 0.0349129 0.0280569 0.0227748 0.0186946 0.0155354 0.013103 0.0112712 0.00996069 0.00912454 0.00874647 0.00885146 0.00952826 0.0109618 0.0134739 0.0175715 0.0239974 0.0337739 0.0482029 0.0687466 0.0966289 0.131919 0.171937 0.209616 0.234303 0.237724 0.221016 0.193757 0.166594 0.146334 0.135548 0.133982 0.139922 0.151048 0.16492 0.179299 0.192518 0.204113 0.215417 0.229122 0.246711 0.26398 0.268854 0.249882 0.210278 0.164693 0.124882 0.0949673 0.0742761 0.0604896 0.0513011 0.0450254 0.0406749 0.0377884 0.0361774 0.0356935 0.036079 0.0369321 0.0377904 0.038295 0.0383578 0.038244 0.0385401 0.0400532 0.0437079 0.0504575 0.0611572 0.0763037 0.0955616 0.117143 0.137452 0.151772 0.156443 0.151249 0.139726 0.127042 0.117601 0.113888 0.11636 0.123728 0.133525 0.143236 0.151738 0.159772 0.168439 0.1767 0.180518 0.175744 0.162688 0.146704 0.134185 0.12925 0.133403 0.146741 0.169301 0.201612 0.243343 0.289685 0.329208 0.351745 0.36104 0.368245 0.372761 0.359492 0.319899 0.26582 0.214221 0.174057 0.147235 0.13236 0.126691 0.126939 0.129812 0.132545 0.133261 0.131028 0.125698 0.117661 0.107564 0.0961263 0.0840925 0.0722761 0.0615186 0.0525573 0.0459113 0.0418666 0.0405429 0.0419709 0.0461191 0.0528502 0.0618469 0.0726017 0.0845727 0.0974855 0.111546 0.12725 0.144739 0.162995 0.179434 0.190408 0.192846 0.186218 0.173224 0.158426 0.145976 0.138101 0.134858 0.134677 0.135153 0.133867 0.129192 0.12094 0.11043 0.0997679 0.0907553 0.0842094 0.0800602 0.0780146 0.0782838 0.0819196 0.0906049 0.106034 0.129009 0.158236 0.189163 0.214356 0.227246 0.227008 0.21841 0.206851 0.194942 0.182863 0.170254 0.157346 0.144945 0.134139 0.126323 0.123439 0.128147 0.143841 0.174402 0.223166 0.28964 0.361643 0.407533 0.398406 0.350173 0.2993 0.26481 0.24899 0.246287 0.248201 0.246446 0.235889 0.216202 0.191013 0.165299 0.142943 0.125648 0.113149 0.104097 0.0970701 0.0912476 0.086522 0.083158 0.0814029 0.0813151 0.0827819 0.0855664 0.0892882 0.093362 0.096973 0.0991477 0.0989656 0.0959495 0.09054 0.0843196 0.0797354 0.0795359 0.0863903 0.102904 0.13191 0.176726 0.240761 0.325127 0.423011 0.517027 0.598271 0.687309 0.798448 0.853425 0.74388 0.582377 0.450008 0.352572 0.282057 0.231016 0.193627 0.165467 0.143636 0.126766 0.114604 0.107287 0.104617 0.105577 0.108371 0.111169 0.11331 0.116048 0.122188 0.135076 0.157797 0.192671 0.240294 0.297022 0.351013 0.381899 0.373642 0.331602 0.276527 0.225934 0.187487 0.161861 0.146529 0.138019 0.133064 0.129467 0.126925 0.127404 0.13457 0.152348 0.182652 0.2215 0.254249 0.259465 0.230251 0.182997 0.1367 0.100026 0.073991 0.0567799 0.046242 0.0407369 0.039284 0.0414977 0.0474857 0.0577184 0.072782 0.0928871 0.117098 0.142663 0.165525 0.182748 0.194962 0.20554 0.217519 0.232373 0.251481 0.277194 0.310648 0.346659 0.370901 0.370285 0.350383 0.329477 0.318903 0.316169 0.309053 0.286866 0.251277 0.212581 0.178805 0.152063 0.130897 0.113159 0.0974906 0.0834651 0.0711198 0.060538 0.0517179 0.0446285 0.0392943 0.0358339 0.0344683 0.0355448 0.0396138 0.0475699 0.0608435 0.0815872 0.112678 0.157026 0.214912 0.277335 0.318611 0.311435 0.263889 0.207248 0.160995 0.129952 0.112619 0.105861 0.106429 0.111376 0.118396 0.126216 0.134665 0.144161 0.154705 0.164844 0.171493 0.171715 0.165692 0.157611 0.15328 0.157301 0.171693 0.195172 0.222276 0.243645 0.249608 0.23561 0.204618 0.164895 0.125273 0.0915132 0.065691 0.0474639 0.0354618 0.0281411 0.0241658 0.0225355 0.02262 0.0241698 0.0273126 0.0325204 0.0405236 0.0521542 0.0680919 0.0885088 0.112699 0.138968 0.165168 0.189877 0.213407 0.237595 0.264584 0.295977 0.332601 0.373224 0.411981 0.439286 0.450231 0.450905 0.451421 0.455418 0.458502 0.45282 0.428476 0.378623 0.312272 0.248941 0.202024 0.17487 0.16428 0.163039 0.16162 0.151885 0.131819 0.105729 0.0795557 0.0571312 0.0397068 0.0269749 0.0180327 0.0119153 0.00780527 0.00507919 0.00328817 0.00211997 0.00136231 0.000873133 0.000558451 0.000356617 0.000227469 0.000144985 9.23789e-05 5.88621e-05 3.75206e-05 2.39348e-05 1.5285e-05 9.7752e-06 6.26252e-06 4.02038e-06 2.58701e-06 1.66897e-06 1.07969e-06 7.0051e-07 4.55861e-07 2.97552e-07 1.948e-07 1.27898e-07 8.4202e-08 5.55735e-08 
6.06282e-08 9.12564e-08 1.37002e-07 2.0512e-07 3.06239e-07 4.5586e-07 6.76512e-07 1.0008e-06 1.47575e-06 2.16889e-06 3.17689e-06 4.63764e-06 6.74724e-06 9.78398e-06 1.41421e-05 2.03795e-05 2.92866e-05 4.19842e-05 6.00668e-05 8.58125e-05 0.000122494 0.000174844 0.000249755 0.000357333 0.000512503 0.000737437 0.00106525 0.00154564 0.00225353 0.00330253 0.00486587 0.00720985 0.0107471 0.016122 0.0243458 0.0370019 0.0565385 0.0866168 0.132321 0.199481 0.290752 0.393224 0.462893 0.46537 0.436459 0.415611 0.403365 0.382828 0.34561 0.29834 0.250851 0.207921 0.170278 0.137651 0.109953 0.0871178 0.0688344 0.0545365 0.0435195 0.0350626 0.0285235 0.0233971 0.0193309 0.0161026 0.0135791 0.0116784 0.0103488 0.00956801 0.00935699 0.00980517 0.011102 0.0135746 0.0177312 0.0243055 0.0342873 0.0489038 0.069472 0.0969852 0.131264 0.169647 0.205854 0.230851 0.23731 0.225113 0.201816 0.177379 0.159104 0.150191 0.150644 0.158584 0.171245 0.185618 0.198902 0.208905 0.214653 0.21704 0.218487 0.220755 0.221961 0.21603 0.197555 0.168051 0.13492 0.105133 0.0819187 0.0654116 0.0543227 0.0471169 0.0425753 0.039951 0.0388909 0.0392424 0.0408337 0.0433038 0.046052 0.0483531 0.0496164 0.0496642 0.0488603 0.0480314 0.0482792 0.0508251 0.0569362 0.0678583 0.084604 0.107401 0.134658 0.161732 0.181006 0.185514 0.174583 0.154673 0.134201 0.119031 0.11161 0.111816 0.1178 0.126711 0.135802 0.143804 0.151364 0.159591 0.167715 0.172359 0.17011 0.161464 0.151335 0.145612 0.148012 0.159316 0.178207 0.202971 0.233203 0.26941 0.309482 0.346321 0.374096 0.397974 0.427813 0.45634 0.449365 0.388426 0.304647 0.230833 0.177563 0.143762 0.1253 0.117853 0.117492 0.120785 0.124922 0.127836 0.128255 0.125646 0.120047 0.111795 0.101361 0.0894112 0.0769161 0.0650361 0.0548292 0.0470199 0.041965 0.0397601 0.0403644 0.043663 0.0494513 0.0573825 0.0669609 0.0776613 0.0891513 0.101443 0.114757 0.129084 0.14366 0.156723 0.165856 0.169061 0.166123 0.159153 0.151639 0.146686 0.145723 0.148234 0.152242 0.155064 0.154141 0.1479 0.13648 0.121804 0.106685 0.0935179 0.0835124 0.0768165 0.0731773 0.0726199 0.075775 0.083757 0.0976887 0.117998 0.143604 0.17136 0.196619 0.215487 0.227192 0.233676 0.236517 0.2348 0.226451 0.211302 0.191944 0.171843 0.15369 0.139357 0.13055 0.129234 0.137637 0.15784 0.190684 0.233467 0.276757 0.304729 0.306349 0.287979 0.266374 0.253922 0.254143 0.263589 0.274553 0.278329 0.269138 0.246722 0.215828 0.183108 0.153831 0.130452 0.113026 0.100372 0.0911294 0.084382 0.0797923 0.0774122 0.077434 0.0800368 0.0853089 0.0931416 0.103062 0.114079 0.124648 0.132776 0.136283 0.133498 0.124429 0.111488 0.0987141 0.0901811 0.0890669 0.0977469 0.118345 0.153102 0.203985 0.270931 0.34898 0.428489 0.503742 0.57721 0.640202 0.654793 0.594227 0.491548 0.390626 0.309365 0.249113 0.20585 0.174734 0.151613 0.133625 0.119352 0.108541 0.101481 0.0982871 0.0984107 0.100649 0.10377 0.107497 0.113127 0.123323 0.141393 0.170681 0.214094 0.272884 0.343341 0.411202 0.450327 0.439061 0.383673 0.311356 0.244995 0.194129 0.159231 0.137051 0.123639 0.115704 0.111304 0.110259 0.114268 0.126535 0.150814 0.189368 0.238402 0.280847 0.288836 0.25318 0.196506 0.142767 0.1014 0.072724 0.0541675 0.0430201 0.037232 0.0354988 0.0371467 0.0419877 0.0501558 0.0618763 0.0771155 0.0951577 0.114387 0.132742 0.148949 0.163538 0.17845 0.195848 0.217962 0.248346 0.292524 0.355164 0.430438 0.486119 0.479384 0.423454 0.36427 0.322102 0.294886 0.273387 0.250342 0.224639 0.199506 0.177811 0.159669 0.143297 0.127046 0.110605 0.0947412 0.0803755 0.0680191 0.057772 0.0495718 0.043397 0.0393401 0.0376019 0.0384868 0.0424539 0.050237 0.0630177 0.0825831 0.11128 0.151277 0.202058 0.254939 0.288454 0.281594 0.240643 0.190542 0.148411 0.119346 0.102508 0.0953115 0.0950608 0.099514 0.107226 0.117831 0.132021 0.150913 0.174571 0.199777 0.218651 0.222176 0.208773 0.187042 0.168274 0.159863 0.164535 0.181537 0.207067 0.233929 0.251666 0.249552 0.223965 0.1828 0.13882 0.100928 0.0723022 0.0525917 0.0400878 0.0328802 0.0292936 0.0280114 0.0281162 0.0291281 0.0310213 0.0341739 0.0392329 0.046918 0.0577976 0.0720666 0.0893853 0.108898 0.129556 0.1507 0.172558 0.196338 0.22393 0.257438 0.298283 0.345308 0.392666 0.431464 0.457815 0.478134 0.500659 0.521436 0.523992 0.499039 0.451323 0.387695 0.318941 0.259916 0.220985 0.205185 0.209677 0.225544 0.236962 0.22769 0.195206 0.151729 0.11017 0.0766047 0.0518379 0.0344703 0.0226536 0.0147646 0.00956387 0.0061658 0.00396026 0.00253609 0.00162024 0.00103323 0.000657989 0.00041864 0.00026622 0.000169275 0.000107664 6.85233e-05 4.36577e-05 2.78548e-05 1.78037e-05 1.14035e-05 7.32192e-06 4.71401e-06 3.04396e-06 1.97177e-06 1.28143e-06 8.35575e-07 5.46667e-07 3.58817e-07 2.3625e-07 1.56e-07 1.0328e-07 6.85353e-08 
7.6754e-08 1.15854e-07 1.74427e-07 2.61909e-07 3.92157e-07 5.85447e-07 8.71316e-07 1.29262e-06 1.91129e-06 2.81641e-06 4.13562e-06 6.05112e-06 8.82196e-06 1.28153e-05 1.85503e-05 2.67596e-05 3.8476e-05 5.5157e-05 7.88623e-05 0.000112514 0.000160275 0.00022812 0.000324677 0.000462506 0.000660018 0.000944375 0.00135585 0.00195442 0.00282965 0.00411588 0.00601563 0.00883676 0.0130527 0.0194024 0.0290578 0.0439029 0.0669884 0.103236 0.160423 0.250171 0.38703 0.57375 0.71822 0.668963 0.584109 0.550217 0.543726 0.520409 0.462899 0.389116 0.319023 0.259399 0.209544 0.167759 0.133184 0.105296 0.0834024 0.0665708 0.0537513 0.0439187 0.0362021 0.02997 0.0248389 0.0206136 0.0172003 0.01454 0.0125812 0.0112872 0.0106633 0.0107895 0.0118548 0.0141929 0.0183212 0.0249824 0.0351738 0.0501302 0.0711895 0.0994213 0.134858 0.175246 0.214688 0.243753 0.253542 0.242653 0.219208 0.194702 0.177471 0.170946 0.174781 0.186317 0.201699 0.216818 0.228111 0.233119 0.230936 0.222711 0.211335 0.199558 0.187756 0.173705 0.155089 0.132355 0.108657 0.0874311 0.0705976 0.0584336 0.050263 0.0451508 0.0423294 0.0413596 0.0420922 0.0444972 0.0484321 0.0534319 0.058627 0.0628976 0.065278 0.0654186 0.0637989 0.0615752 0.0602609 0.0615116 0.0671016 0.0789938 0.0992858 0.129674 0.169795 0.213813 0.247205 0.252703 0.228034 0.189037 0.152336 0.12594 0.111276 0.106692 0.109269 0.115649 0.122912 0.129597 0.135972 0.142843 0.149769 0.154596 0.155349 0.152933 0.151535 0.156237 0.170308 0.19359 0.222118 0.250131 0.274853 0.298857 0.325532 0.354305 0.383996 0.419683 0.469065 0.520862 0.521568 0.439591 0.330159 0.239735 0.177658 0.139703 0.119722 0.112471 0.113777 0.120163 0.128518 0.135981 0.140217 0.139937 0.135082 0.126346 0.114588 0.100749 0.0860706 0.0720103 0.0598547 0.0504113 0.0439885 0.040564 0.0399675 0.0419816 0.0463511 0.0527464 0.0607537 0.0699475 0.080025 0.0908855 0.102527 0.11476 0.126906 0.137692 0.145539 0.149313 0.149221 0.147115 0.145709 0.147179 0.152099 0.159267 0.166247 0.17021 0.168739 0.160611 0.146429 0.128604 0.110359 0.0943729 0.0820323 0.0735834 0.0687765 0.0674862 0.0700245 0.0770893 0.0894334 0.107377 0.130314 0.156521 0.183665 0.210093 0.23579 0.261341 0.284632 0.298521 0.294876 0.273252 0.241714 0.209037 0.180143 0.157003 0.140621 0.132002 0.132214 0.141966 0.160808 0.185991 0.21167 0.230407 0.238018 0.237596 0.237285 0.244523 0.262313 0.288045 0.313768 0.328581 0.32354 0.296876 0.255562 0.210591 0.170401 0.138518 0.114914 0.0980667 0.0863311 0.0785465 0.0741535 0.0730756 0.0755565 0.0820223 0.0929178 0.108417 0.128 0.15008 0.171966 0.190088 0.200098 0.197659 0.181504 0.156114 0.129456 0.108401 0.0968328 0.0964578 0.108155 0.132742 0.170909 0.222356 0.284833 0.354754 0.429393 0.504242 0.561777 0.571161 0.520188 0.434448 0.347551 0.276898 0.22563 0.190525 0.166626 0.149225 0.134865 0.121885 0.110329 0.101154 0.0952349 0.0927371 0.0931276 0.0957494 0.100621 0.108953 0.123092 0.146114 0.181486 0.232741 0.302341 0.387936 0.474441 0.5277 0.513679 0.44011 0.347023 0.264303 0.202004 0.159242 0.131538 0.114234 0.103796 0.0982647 0.0973741 0.102454 0.116075 0.141258 0.179594 0.226958 0.267117 0.274722 0.241636 0.188312 0.137078 0.0972699 0.0695478 0.0516154 0.0408881 0.0353257 0.0335526 0.0347663 0.0386042 0.0449926 0.0539586 0.065397 0.078852 0.0934769 0.108347 0.123064 0.13821 0.15526 0.176337 0.204621 0.245589 0.308082 0.403069 0.533364 0.649641 0.628238 0.51178 0.409137 0.340208 0.295454 0.263771 0.23841 0.217192 0.200297 0.187403 0.176235 0.163511 0.14732 0.128409 0.10911 0.0914972 0.0765526 0.0644046 0.0548666 0.0477949 0.0431952 0.0411933 0.0419902 0.045872 0.0532898 0.0649844 0.0820778 0.105943 0.137457 0.175039 0.211427 0.232742 0.227361 0.19891 0.162271 0.129696 0.106235 0.0922695 0.0863396 0.0866516 0.0917909 0.101174 0.115393 0.136308 0.166508 0.207468 0.255288 0.294882 0.303687 0.27582 0.231364 0.19234 0.16919 0.164272 0.176616 0.2034 0.238535 0.26944 0.277636 0.252585 0.204699 0.153199 0.110082 0.0787017 0.0580462 0.0457787 0.0395083 0.0371393 0.0369256 0.0375307 0.038162 0.0386794 0.0395422 0.0415746 0.045663 0.052511 0.0624982 0.0756348 0.091611 0.109946 0.130213 0.152291 0.176619 0.20444 0.237732 0.278289 0.325772 0.37599 0.422606 0.463738 0.506457 0.558575 0.606876 0.608463 0.548875 0.464993 0.38362 0.31426 0.263533 0.236815 0.236889 0.263032 0.306607 0.34222 0.334264 0.278782 0.207473 0.144811 0.0976693 0.0646274 0.0422725 0.027439 0.0177119 0.0113841 0.00729193 0.0046578 0.00296862 0.00188879 0.00120025 0.00076211 0.000483743 0.000307079 0.000195033 0.000123986 7.89265e-05 5.03304e-05 3.21636e-05 2.06054e-05 1.32382e-05 8.53157e-06 5.51685e-06 3.58009e-06 2.33176e-06 1.52432e-06 1.00011e-06 6.5849e-07 4.34997e-07 2.88231e-07 1.91502e-07 1.27532e-07 8.50953e-08 
9.662e-08 1.46252e-07 2.20828e-07 3.32552e-07 4.99407e-07 7.47783e-07 1.11624e-06 1.66088e-06 2.46295e-06 3.63963e-06 5.35906e-06 7.86153e-06 1.14889e-05 1.67256e-05 2.42558e-05 3.50426e-05 5.04398e-05 7.23482e-05 0.000103439 0.000147474 0.000209774 0.000297907 0.00042271 0.000599835 0.000852047 0.00121269 0.00173083 0.00247889 0.00356383 0.00514368 0.00745199 0.0108353 0.0158124 0.0231733 0.0341489 0.050712 0.0761031 0.115729 0.178639 0.279842 0.443742 0.707642 1.03892 0.822304 0.687009 0.659459 0.673763 0.654441 0.57509 0.472146 0.378676 0.303077 0.242503 0.193327 0.153604 0.122207 0.098022 0.0797521 0.0659757 0.0553137 0.0466416 0.0392403 0.0327949 0.0272524 0.0226446 0.0189738 0.0161879 0.014217 0.0130301 0.0126858 0.01337 0.0154272 0.0193944 0.0260402 0.0364001 0.0517747 0.0736283 0.103274 0.141169 0.185593 0.230762 0.265832 0.278997 0.267566 0.241885 0.216347 0.200567 0.197939 0.207368 0.224844 0.244613 0.260633 0.268307 0.265564 0.252834 0.232667 0.209029 0.185652 0.164312 0.144642 0.125548 0.106778 0.0892415 0.0742014 0.0624375 0.0540077 0.0484826 0.0453072 0.0440778 0.0446628 0.0471601 0.0517204 0.058283 0.066301 0.0745971 0.0815406 0.0856299 0.0862168 0.0838543 0.0800565 0.076814 0.0763095 0.0809715 0.0937453 0.118372 0.15928 0.219943 0.296587 0.363612 0.372969 0.316547 0.240667 0.177963 0.13583 0.111706 0.10095 0.0990353 0.102002 0.106813 0.111845 0.116921 0.122452 0.12829 0.133488 0.137499 0.141792 0.150203 0.167556 0.197436 0.239332 0.28526 0.320635 0.336829 0.342097 0.350511 0.368184 0.39448 0.429673 0.47574 0.519905 0.513874 0.430902 0.322301 0.232391 0.170805 0.133726 0.11534 0.110838 0.11656 0.129319 0.145521 0.16064 0.169974 0.170736 0.163392 0.150412 0.134149 0.116222 0.098065 0.0811751 0.0667988 0.0556142 0.0477416 0.0429665 0.0409653 0.0414304 0.0440904 0.0486753 0.0548917 0.062446 0.0711011 0.080694 0.0910468 0.101794 0.11224 0.12139 0.12825 0.132371 0.134368 0.135964 0.139267 0.145631 0.15481 0.164918 0.173169 0.17685 0.174056 0.164219 0.148453 0.129377 0.110171 0.0933858 0.0803278 0.071236 0.0658626 0.0640175 0.0658515 0.0718516 0.0826261 0.0985965 0.119743 0.145617 0.175828 0.210927 0.252826 0.303075 0.357183 0.397241 0.399085 0.361343 0.306916 0.254693 0.211329 0.177471 0.15255 0.136283 0.128624 0.129324 0.137416 0.150754 0.166017 0.179785 0.190618 0.200509 0.214109 0.236325 0.269809 0.312815 0.357558 0.390308 0.395108 0.363989 0.307124 0.244508 0.190052 0.148156 0.117911 0.0968435 0.0826924 0.0739447 0.0698622 0.0703663 0.0759287 0.0874674 0.106133 0.132798 0.167144 0.206678 0.246716 0.281514 0.303775 0.303028 0.273266 0.224277 0.173978 0.134364 0.109408 0.0989859 0.101974 0.117561 0.145464 0.185701 0.238523 0.30498 0.386903 0.481533 0.564972 0.583391 0.516736 0.415776 0.324806 0.257733 0.213844 0.187748 0.172849 0.162616 0.15189 0.138406 0.123114 0.108656 0.0973866 0.0904077 0.0877417 0.0890641 0.0944737 0.104958 0.122447 0.14965 0.189976 0.247573 0.32685 0.429613 0.545175 0.628326 0.609191 0.501869 0.380246 0.280678 0.208905 0.160483 0.129052 0.109075 0.096664 0.0897226 0.0878031 0.0917963 0.103468 0.124657 0.155612 0.191839 0.220753 0.225662 0.201593 0.161342 0.120695 0.0878091 0.0642953 0.0489017 0.0397242 0.0350754 0.0337113 0.0348298 0.0380002 0.0430617 0.0499838 0.0587011 0.0689792 0.0804135 0.0926335 0.105648 0.120131 0.137528 0.160176 0.191827 0.238727 0.31086 0.42215 0.583327 0.74709 0.715119 0.563048 0.44333 0.365123 0.31292 0.27507 0.246353 0.225566 0.212392 0.204899 0.198575 0.187963 0.170333 0.147532 0.123739 0.102262 0.0844615 0.0703725 0.0595986 0.0518201 0.0469197 0.0449166 0.0458739 0.0498588 0.0569734 0.067432 0.0816101 0.0999094 0.122188 0.146564 0.168066 0.179203 0.174646 0.156411 0.1323 0.109866 0.0932238 0.0834731 0.080128 0.0822193 0.0890142 0.100596 0.118392 0.145535 0.1867 0.246469 0.323412 0.395393 0.413049 0.359876 0.282674 0.219465 0.180892 0.166617 0.174266 0.20113 0.24172 0.281993 0.297316 0.271423 0.217768 0.161113 0.115241 0.083146 0.0631939 0.0526263 0.0487341 0.0490239 0.0511647 0.0531259 0.0535867 0.0523246 0.0501817 0.048571 0.0488935 0.0521998 0.0591317 0.0700015 0.0848699 0.103548 0.125518 0.149927 0.175945 0.203635 0.234637 0.271484 0.315427 0.364523 0.414759 0.46539 0.524105 0.601395 0.680905 0.683896 0.584821 0.467163 0.372644 0.305391 0.264306 0.250336 0.2662 0.314585 0.391035 0.462161 0.456406 0.366358 0.261198 0.176868 0.11702 0.0764953 0.0496322 0.0320287 0.0205794 0.0131754 0.00840994 0.00535509 0.00340349 0.00216022 0.00136998 0.000868565 0.000550776 0.000349501 0.000222039 0.000141292 9.00964e-05 5.75949e-05 3.69247e-05 2.37497e-05 1.533e-05 9.93277e-06 6.46126e-06 4.22007e-06 2.76742e-06 1.82197e-06 1.20403e-06 7.9845e-07 5.31159e-07 3.5432e-07 2.36904e-07 1.58692e-07 1.06449e-07 
1.20912e-07 1.83533e-07 2.77914e-07 4.19749e-07 6.3224e-07 9.49546e-07 1.42174e-06 2.12191e-06 3.15618e-06 4.67801e-06 6.90811e-06 1.01624e-05 1.48911e-05 2.17321e-05 3.15865e-05 4.57211e-05 6.59119e-05 9.46436e-05 0.00013539 0.000193013 0.000274336 0.000388984 0.000550625 0.00077883 0.00110186 0.00156082 0.00221586 0.00315509 0.00450749 0.00646081 0.00928644 0.0133739 0.0192808 0.0278092 0.0401372 0.0580574 0.0844203 0.123913 0.184269 0.277676 0.420555 0.619993 0.784009 0.745863 0.687801 0.700055 0.742158 0.73363 0.644744 0.523942 0.415188 0.329486 0.262876 0.210237 0.168626 0.136388 0.11212 0.0942399 0.0809279 0.0703511 0.0610718 0.0523616 0.0441727 0.0368102 0.0305709 0.0255594 0.0216976 0.018836 0.0168718 0.0158287 0.0158937 0.0174344 0.0210182 0.0274467 0.0377948 0.0534248 0.0759072 0.106732 0.146616 0.194115 0.243416 0.282739 0.298496 0.287434 0.261679 0.237662 0.225924 0.22993 0.247983 0.274477 0.300896 0.318099 0.319991 0.305887 0.27941 0.245918 0.210772 0.178133 0.150084 0.126734 0.10723 0.0908046 0.0771839 0.066393 0.0583954 0.0529315 0.0495987 0.048046 0.0481461 0.0500592 0.0541587 0.0608266 0.0701449 0.0815467 0.0935809 0.104068 0.11084 0.112748 0.110215 0.104966 0.099416 0.0963141 0.0988262 0.110966 0.138272 0.188576 0.272111 0.396788 0.537301 0.559213 0.429208 0.295448 0.202087 0.144165 0.111204 0.0947223 0.0885476 0.0882165 0.0906585 0.0941659 0.0982186 0.102905 0.108269 0.11423 0.121288 0.131499 0.148879 0.178879 0.226853 0.294198 0.369403 0.420487 0.423295 0.400951 0.388045 0.395628 0.416823 0.440473 0.460351 0.468194 0.441679 0.371283 0.28443 0.209789 0.157201 0.125803 0.112072 0.112908 0.126086 0.149407 0.178937 0.20716 0.224001 0.223111 0.207103 0.183573 0.158315 0.133852 0.111266 0.0914449 0.0750933 0.0624551 0.0533172 0.0472305 0.043736 0.0424833 0.0432403 0.0458413 0.050135 0.0559644 0.0631669 0.07155 0.0808121 0.0904393 0.0996748 0.107658 0.113754 0.117973 0.121221 0.125125 0.131326 0.140526 0.151824 0.162854 0.170723 0.173118 0.168897 0.158245 0.142661 0.124634 0.106876 0.0914528 0.079371 0.0707725 0.0654262 0.0631796 0.0641918 0.0689384 0.078068 0.0922197 0.111934 0.137815 0.171093 0.214534 0.273086 0.352475 0.451099 0.537623 0.5457 0.471848 0.379879 0.302235 0.242645 0.197796 0.164646 0.141421 0.127068 0.120661 0.121028 0.126584 0.135467 0.146149 0.158347 0.173635 0.195206 0.226845 0.271392 0.328741 0.393279 0.450338 0.473043 0.438217 0.360807 0.277041 0.207543 0.156183 0.12016 0.0956405 0.0796237 0.0702597 0.0667256 0.0690869 0.0782511 0.0959638 0.124666 0.166831 0.223217 0.290042 0.358103 0.418417 0.463798 0.471135 0.414372 0.31945 0.230536 0.165623 0.125076 0.104491 0.0997071 0.108025 0.128254 0.160625 0.207051 0.271823 0.36178 0.481729 0.610113 0.647228 0.54345 0.412305 0.312192 0.248051 0.213176 0.1994 0.197858 0.198531 0.192232 0.175243 0.151089 0.126419 0.106235 0.0926043 0.0856535 0.0849076 0.0902157 0.102187 0.122254 0.152595 0.196197 0.257215 0.341316 0.454474 0.594191 0.711877 0.685678 0.541481 0.397386 0.28786 0.211711 0.16109 0.128213 0.106942 0.0931581 0.0846849 0.0809413 0.0824423 0.09021 0.104997 0.126048 0.14935 0.16671 0.169048 0.153846 0.127632 0.0996323 0.0758296 0.0582674 0.046694 0.040002 0.0369726 0.0365691 0.0380357 0.0409246 0.045072 0.0505028 0.0572779 0.0653534 0.0745524 0.0847118 0.0959641 0.109025 0.125388 0.147488 0.179011 0.225422 0.294399 0.3945 0.525182 0.638937 0.634036 0.543336 0.457511 0.394538 0.345657 0.304157 0.269828 0.245026 0.230713 0.224426 0.219899 0.209522 0.189554 0.162733 0.134816 0.11005 0.0899764 0.0744719 0.0629308 0.0548747 0.0500747 0.0484488 0.0499228 0.0543409 0.0614496 0.0709461 0.0825383 0.0959032 0.110394 0.124482 0.135333 0.139456 0.134819 0.122756 0.107359 0.0930217 0.0826694 0.0775178 0.0776088 0.0824526 0.0916372 0.105505 0.125914 0.156883 0.20475 0.276991 0.376261 0.478772 0.506082 0.42656 0.321306 0.239835 0.189625 0.167301 0.169009 0.191465 0.229015 0.267702 0.283309 0.25973 0.209453 0.156188 0.113424 0.0843364 0.06763 0.0608722 0.0615011 0.0667668 0.0734889 0.0783307 0.0788831 0.0748463 0.0680606 0.0612856 0.0569249 0.0565391 0.0610053 0.0708462 0.0864064 0.107724 0.134076 0.163485 0.193009 0.22062 0.247481 0.277628 0.314664 0.358728 0.406765 0.457083 0.515134 0.589752 0.664399 0.662345 0.560351 0.442974 0.353407 0.295266 0.265126 0.261966 0.288233 0.348164 0.440201 0.529712 0.524656 0.415373 0.293477 0.198336 0.131414 0.0861013 0.0559688 0.0361541 0.0232336 0.0148669 0.00948064 0.00603 0.00382815 0.00242753 0.00153865 0.000975409 0.000618832 0.000393139 0.000250231 0.000159655 0.000102158 6.55836e-05 4.2259e-05 2.73386e-05 1.77611e-05 1.15895e-05 7.59586e-06 5.00021e-06 3.30545e-06 2.19378e-06 1.46126e-06 9.76461e-07 6.54291e-07 4.39399e-07 2.95592e-07 1.99091e-07 1.34189e-07 
1.50393e-07 2.28905e-07 3.47596e-07 5.26521e-07 7.95427e-07 1.19826e-06 1.79968e-06 2.69431e-06 4.02006e-06 5.97686e-06 8.85306e-06 1.30624e-05 1.91951e-05 2.80894e-05 4.09288e-05 5.93773e-05 8.57638e-05 0.000123338 0.000176624 0.000251918 0.000357995 0.000507134 0.000716624 0.00101101 0.00142549 0.00201096 0.0028416 0.00402579 0.00572147 0.00815679 0.0116563 0.0166722 0.0238188 0.0339107 0.0480107 0.0675189 0.0943808 0.131524 0.183489 0.256518 0.355329 0.470374 0.55958 0.591306 0.611673 0.663201 0.724166 0.72848 0.64782 0.529253 0.420201 0.334268 0.268301 0.217074 0.177358 0.147383 0.125737 0.110651 0.0997825 0.0905773 0.0811063 0.07075 0.0600973 0.0501845 0.0417691 0.035066 0.0298812 0.0258869 0.022852 0.0207594 0.0198245 0.0204702 0.0233127 0.0291809 0.0391588 0.054605 0.0770735 0.108004 0.147987 0.19537 0.244241 0.283342 0.300381 0.2929 0.272476 0.254908 0.250909 0.264516 0.294125 0.332738 0.368363 0.387365 0.381457 0.352475 0.309269 0.261273 0.215303 0.175266 0.142619 0.117082 0.0975394 0.0828009 0.071946 0.0642939 0.0592451 0.0562077 0.0546716 0.0543673 0.05539 0.0582052 0.0635109 0.0719807 0.0839159 0.0988418 0.115186 0.13035 0.141455 0.146528 0.145311 0.139243 0.130958 0.123838 0.121895 0.130109 0.155235 0.207094 0.300329 0.455009 0.676206 0.721838 0.496528 0.321576 0.211532 0.145683 0.108057 0.0881348 0.07907 0.0763477 0.0770479 0.0794964 0.0829821 0.0873758 0.092798 0.0996316 0.108978 0.123318 0.147014 0.186456 0.249484 0.341938 0.453732 0.529745 0.513036 0.457583 0.42733 0.433257 0.456262 0.466897 0.451821 0.417842 0.368366 0.304689 0.237819 0.180906 0.140415 0.117142 0.109938 0.117954 0.141228 0.179799 0.230667 0.282226 0.312267 0.304539 0.268526 0.224872 0.185195 0.151997 0.124649 0.102401 0.0847779 0.0712638 0.061194 0.0538871 0.0488095 0.0456514 0.0442966 0.0447346 0.0469731 0.0509839 0.0566725 0.0638353 0.0720896 0.0808114 0.0891693 0.0963314 0.101826 0.105886 0.10954 0.114293 0.121431 0.131221 0.142424 0.152566 0.158989 0.15995 0.155049 0.145057 0.131605 0.116787 0.102599 0.0904013 0.0807353 0.0735498 0.0686327 0.0659705 0.0659004 0.0690719 0.0763157 0.08853 0.106698 0.132157 0.167248 0.216362 0.287094 0.390258 0.533564 0.684594 0.699346 0.570135 0.438956 0.340033 0.267906 0.214673 0.175244 0.146744 0.12741 0.115886 0.11093 0.111337 0.116038 0.124394 0.136582 0.153897 0.178735 0.214213 0.263378 0.327866 0.405464 0.483616 0.526104 0.489734 0.394795 0.295297 0.215983 0.158956 0.119654 0.0932691 0.0763659 0.0669577 0.0642846 0.0686899 0.0816817 0.106139 0.146492 0.208344 0.296084 0.405729 0.515763 0.604719 0.685688 0.72847 0.612406 0.430084 0.288095 0.195541 0.140411 0.111369 0.100654 0.103661 0.118254 0.144445 0.184564 0.243797 0.330239 0.450691 0.585938 0.627744 0.518929 0.388202 0.294798 0.241499 0.22122 0.226258 0.24678 0.267062 0.267875 0.241317 0.198577 0.155797 0.121982 0.0993142 0.0869446 0.0835029 0.0881934 0.101098 0.123091 0.155632 0.200712 0.261196 0.341345 0.445755 0.570384 0.669627 0.644831 0.516451 0.383338 0.280131 0.207704 0.159262 0.127464 0.106339 0.09187 0.081982 0.0761186 0.0746005 0.0779666 0.086318 0.0985683 0.111725 0.120989 0.12177 0.11284 0.0972739 0.0799524 0.0646935 0.0533205 0.0461279 0.0425969 0.0418826 0.043081 0.0454091 0.0483633 0.0518148 0.0559571 0.0610989 0.0674232 0.0748774 0.083297 0.0927328 0.103825 0.118047 0.137751 0.166113 0.207013 0.264539 0.340702 0.428172 0.499065 0.519709 0.498944 0.468352 0.436548 0.397206 0.350524 0.305616 0.271044 0.249836 0.239354 0.232314 0.219928 0.197767 0.168677 0.138823 0.112668 0.091749 0.0758569 0.0643058 0.0565587 0.0523389 0.051505 0.0538785 0.059112 0.0666343 0.0756874 0.0854396 0.0950908 0.103847 0.110737 0.114499 0.113905 0.108589 0.0996964 0.0896151 0.0809845 0.0758185 0.0751853 0.079294 0.0877508 0.0999914 0.116037 0.137539 0.168628 0.215889 0.286581 0.382115 0.478007 0.503329 0.430385 0.329156 0.24676 0.192567 0.164539 0.159146 0.172707 0.199212 0.226528 0.236693 0.218668 0.180408 0.138686 0.104701 0.082272 0.0713943 0.0708025 0.0787236 0.0924497 0.107544 0.118047 0.11903 0.110052 0.0953717 0.080588 0.0697569 0.0649287 0.0669682 0.0763972 0.093773 0.119458 0.152684 0.190153 0.225733 0.253803 0.274792 0.295392 0.322269 0.357026 0.396329 0.436337 0.478048 0.524209 0.560718 0.548238 0.478163 0.393869 0.327306 0.285856 0.268266 0.273548 0.30313 0.358902 0.435313 0.500165 0.491618 0.403866 0.297162 0.207158 0.140291 0.0932732 0.0611993 0.0397546 0.0256264 0.0164228 0.0104792 0.0066665 0.00423294 0.00268527 0.00170341 0.00108138 0.000687508 0.000438029 0.000279842 0.000179366 0.000115396 7.45485e-05 4.83747e-05 3.15373e-05 2.0659e-05 1.35979e-05 8.99222e-06 5.97301e-06 3.98389e-06 2.66702e-06 1.79118e-06 1.20616e-06 8.13918e-07 5.50067e-07 3.72105e-07 2.51826e-07 1.70415e-07 
1.85901e-07 2.83693e-07 4.31975e-07 6.56196e-07 9.94243e-07 1.50229e-06 2.26323e-06 3.39888e-06 5.08727e-06 7.58735e-06 1.12737e-05 1.6685e-05 2.45919e-05 3.60901e-05 5.27289e-05 7.66864e-05 0.00011101 0.000159943 0.000229373 0.000327458 0.000465493 0.000659161 0.000930355 0.00130989 0.00184163 0.00258867 0.00364279 0.00513824 0.00727124 0.0103259 0.0147059 0.0209666 0.0298387 0.0422225 0.0591239 0.0815149 0.11016 0.145601 0.188528 0.240136 0.300625 0.36459 0.420012 0.463148 0.509979 0.57372 0.635866 0.648023 0.587553 0.490535 0.397077 0.32114 0.261986 0.2161 0.181165 0.155993 0.139517 0.129852 0.123838 0.117622 0.108351 0.0956879 0.0815075 0.0681665 0.0570941 0.0485144 0.0418964 0.0365482 0.0320366 0.0283382 0.0257844 0.0249336 0.0264879 0.0312918 0.0403812 0.0550125 0.076573 0.106237 0.144202 0.188407 0.23312 0.268936 0.286898 0.28596 0.27531 0.267943 0.273965 0.298415 0.34065 0.392925 0.439514 0.46103 0.446189 0.400359 0.339177 0.276747 0.221089 0.175331 0.139767 0.113286 0.0943025 0.0812875 0.0729553 0.0681981 0.065969 0.0652777 0.0653572 0.0659113 0.067262 0.0702764 0.0760962 0.0857843 0.0999563 0.1184 0.139734 0.161313 0.17966 0.191402 0.194383 0.18866 0.176816 0.163233 0.153146 0.152467 0.168249 0.209415 0.287079 0.410482 0.555918 0.577291 0.436363 0.295954 0.198806 0.137842 0.101648 0.0815002 0.0714703 0.0676492 0.067523 0.0695836 0.0730529 0.0776442 0.0834241 0.0908983 0.101358 0.117379 0.143326 0.185733 0.253138 0.353133 0.477649 0.564045 0.539615 0.474657 0.445561 0.463302 0.49991 0.503497 0.454377 0.383688 0.314618 0.251825 0.19722 0.153997 0.124412 0.109204 0.108741 0.124259 0.158505 0.215266 0.295841 0.38724 0.443464 0.418756 0.344304 0.269928 0.212058 0.169605 0.138261 0.114702 0.0967962 0.0830525 0.0723169 0.0637398 0.0568251 0.0514214 0.0476246 0.0456332 0.0456238 0.0476788 0.0517507 0.0576247 0.0648622 0.0727622 0.0804242 0.0869853 0.0919889 0.0956927 0.0990767 0.103466 0.109885 0.118396 0.127777 0.135869 0.140542 0.140656 0.13633 0.128621 0.119057 0.109206 0.100267 0.092776 0.0866332 0.0814545 0.0770292 0.0736083 0.0719149 0.0729733 0.0779192 0.0879095 0.104198 0.128447 0.163345 0.21356 0.286749 0.393475 0.540833 0.695576 0.714261 0.588354 0.457844 0.357364 0.282474 0.226141 0.183673 0.152197 0.129774 0.114904 0.106377 0.103267 0.104967 0.111268 0.12248 0.139572 0.164238 0.198829 0.246007 0.307848 0.383485 0.46178 0.506905 0.474977 0.384496 0.288106 0.210498 0.154237 0.115226 0.0890069 0.0723858 0.0635717 0.062029 0.0684486 0.0849587 0.115609 0.167118 0.249626 0.375938 0.551784 0.732939 0.82143 0.897318 1.03748 0.791693 0.505748 0.323991 0.21448 0.151322 0.1179 0.104057 0.103891 0.114454 0.135143 0.167573 0.215521 0.28381 0.372633 0.459587 0.483304 0.42005 0.33231 0.266375 0.233695 0.234261 0.26593 0.322374 0.381299 0.39691 0.346361 0.266487 0.194634 0.142451 0.109029 0.0906712 0.0842727 0.0880748 0.10157 0.125092 0.159278 0.204609 0.26139 0.33012 0.410331 0.493017 0.545917 0.525558 0.441101 0.34204 0.258136 0.196323 0.153848 0.125312 0.105619 0.0911974 0.0802799 0.0725043 0.0681956 0.0676963 0.0708681 0.0767242 0.0832547 0.0877542 0.0878993 0.083057 0.0746409 0.0651419 0.0568301 0.0510882 0.0484009 0.0485816 0.0509708 0.0545975 0.058424 0.0617141 0.0643581 0.0668806 0.0700697 0.0744856 0.0801936 0.0868906 0.0943642 0.103034 0.114253 0.130208 0.153515 0.18668 0.231348 0.286867 0.347763 0.402882 0.443212 0.472027 0.494725 0.500053 0.470227 0.411854 0.349399 0.299358 0.26597 0.246027 0.23203 0.215488 0.191913 0.16322 0.134432 0.109357 0.0893655 0.0743053 0.0635891 0.0567549 0.0535642 0.0538756 0.0574585 0.0638299 0.0721643 0.0813281 0.09006 0.0972352 0.102059 0.104078 0.103099 0.0991995 0.0929286 0.0854614 0.0784722 0.0737435 0.0727629 0.0764614 0.0850605 0.0979895 0.114064 0.13232 0.153525 0.18135 0.221757 0.279801 0.352776 0.41865 0.436145 0.390548 0.315589 0.24484 0.192066 0.159909 0.146907 0.149748 0.162793 0.176847 0.180722 0.168125 0.142983 0.114958 0.0919971 0.0781052 0.0747275 0.0822731 0.100484 0.12738 0.157008 0.178293 0.180198 0.161887 0.133537 0.10639 0.0866765 0.0763758 0.0757046 0.0847674 0.104167 0.134697 0.175911 0.223491 0.267446 0.296935 0.311361 0.321381 0.337002 0.360168 0.386432 0.410393 0.430307 0.446279 0.451698 0.433246 0.390164 0.340529 0.301671 0.28021 0.276327 0.289242 0.319047 0.364339 0.416037 0.450319 0.437134 0.374115 0.290014 0.210643 0.146643 0.0991924 0.0657535 0.0429625 0.0277824 0.0178351 0.0113924 0.00725402 0.00461124 0.00293002 0.00186293 0.00118632 0.000757231 0.000484828 0.000311561 0.000201056 0.000130344 8.4918e-05 5.56063e-05 3.6601e-05 2.4215e-05 1.60996e-05 1.07535e-05 7.21296e-06 4.85604e-06 3.2795e-06 2.22035e-06 1.50609e-06 1.02287e-06 6.95137e-07 4.72452e-07 3.20967e-07 2.17863e-07 
2.28348e-07 3.49337e-07 5.3333e-07 8.12393e-07 1.23443e-06 1.87073e-06 2.82687e-06 4.2585e-06 6.39394e-06 9.56633e-06 1.4259e-05 2.11692e-05 3.12966e-05 4.60657e-05 6.74932e-05 9.84174e-05 0.000142808 0.000206186 0.000296194 0.000423377 0.000602253 0.00085283 0.00120279 0.00169076 0.0023712 0.00332207 0.00465654 0.00654076 0.00921969 0.0130524 0.0185559 0.0264504 0.0376884 0.0534255 0.0748547 0.102783 0.136869 0.174822 0.212664 0.247116 0.278046 0.307277 0.33642 0.36898 0.411384 0.464777 0.513362 0.527145 0.492153 0.427893 0.359983 0.300385 0.251293 0.212247 0.183021 0.163746 0.154078 0.152085 0.153406 0.151968 0.143198 0.127281 0.108416 0.0910484 0.0773831 0.0673226 0.0595623 0.0527353 0.0461395 0.0398985 0.0346926 0.0313935 0.0308588 0.0339254 0.0415018 0.0546328 0.0744219 0.101688 0.136257 0.175939 0.215759 0.248682 0.268907 0.276145 0.276629 0.279863 0.294883 0.327934 0.38015 0.444133 0.501097 0.525315 0.501749 0.43997 0.362881 0.288644 0.225813 0.176474 0.139693 0.113517 0.0959354 0.0852343 0.0799718 0.0787646 0.0800933 0.0823453 0.0842001 0.0851793 0.085939 0.0880328 0.0933241 0.103428 0.119373 0.141415 0.168857 0.199757 0.230469 0.255268 0.267491 0.263508 0.245917 0.221501 0.197702 0.181725 0.180653 0.201049 0.247381 0.316018 0.379625 0.384566 0.320698 0.238139 0.170214 0.123065 0.0931384 0.0755599 0.0663684 0.06275 0.0628055 0.0652925 0.0694248 0.0747444 0.0811104 0.0888566 0.0991122 0.114193 0.137938 0.175813 0.234219 0.31685 0.412484 0.476385 0.469137 0.4329 0.423655 0.456145 0.504108 0.505362 0.43793 0.349547 0.272654 0.212261 0.166165 0.132769 0.111623 0.102975 0.107985 0.12937 0.172123 0.243828 0.352615 0.493165 0.593095 0.537879 0.412226 0.307413 0.23482 0.186275 0.153363 0.130243 0.113146 0.0996265 0.0881392 0.0778408 0.068467 0.0601885 0.0534176 0.0486024 0.0460765 0.0459936 0.048314 0.0527918 0.0589394 0.0660039 0.0730363 0.0791223 0.0837339 0.0870096 0.0897449 0.0930364 0.0977219 0.103862 0.11054 0.11619 0.119372 0.119486 0.116957 0.1129 0.108634 0.105208 0.103018 0.101619 0.0999694 0.0970844 0.0927319 0.0876689 0.0833474 0.081437 0.083505 0.0909436 0.105093 0.12753 0.160526 0.207611 0.273826 0.364102 0.475267 0.574202 0.593401 0.52702 0.436302 0.354194 0.286778 0.232975 0.190849 0.158656 0.134827 0.117975 0.107021 0.101308 0.10058 0.104901 0.114578 0.13018 0.152619 0.183237 0.22365 0.274918 0.335088 0.393376 0.423771 0.400438 0.333999 0.257836 0.192414 0.142721 0.107184 0.0829142 0.0675801 0.0598725 0.0595815 0.0677133 0.086824 0.121691 0.180487 0.276739 0.432307 0.680048 1.02621 1.00544 0.922741 0.909646 0.723814 0.487158 0.32016 0.216131 0.15547 0.123263 0.109679 0.108619 0.116653 0.132431 0.156353 0.190071 0.234828 0.287002 0.330941 0.341416 0.311795 0.266524 0.232347 0.223331 0.246452 0.30792 0.413046 0.546196 0.600116 0.48735 0.342469 0.233705 0.162337 0.11885 0.0951783 0.0861585 0.0890786 0.102951 0.127713 0.163264 0.208421 0.260367 0.315351 0.369278 0.41446 0.434927 0.414978 0.359363 0.290565 0.227824 0.179131 0.144519 0.120534 0.103176 0.0895095 0.0781905 0.0691377 0.0627987 0.0595114 0.059144 0.0609627 0.0636831 0.0657691 0.0659879 0.0639676 0.0603475 0.0564077 0.0535058 0.0526858 0.0545185 0.0590242 0.0655697 0.0728276 0.079063 0.0828947 0.084137 0.0839455 0.0840383 0.0856657 0.089084 0.0937456 0.0990017 0.104898 0.112577 0.124059 0.141585 0.166921 0.200812 0.242633 0.290384 0.341914 0.397831 0.461883 0.530476 0.573568 0.550335 0.474649 0.392002 0.325158 0.277582 0.245403 0.221866 0.199898 0.175414 0.148883 0.123279 0.101146 0.0834968 0.0702753 0.0610929 0.0556486 0.0538049 0.0554723 0.0604227 0.0681034 0.0775139 0.0872291 0.0956374 0.101351 0.103585 0.102293 0.0980256 0.0916927 0.0844211 0.0775025 0.0723413 0.0703441 0.0727693 0.0805283 0.0938726 0.111961 0.132661 0.153427 0.17362 0.196508 0.228139 0.27284 0.327106 0.374576 0.390928 0.364768 0.309312 0.247121 0.194122 0.156904 0.135969 0.128603 0.129982 0.133576 0.132707 0.123797 0.108461 0.091736 0.0787486 0.0731582 0.0774986 0.0939756 0.124578 0.169444 0.222075 0.262935 0.266537 0.230925 0.180477 0.136187 0.1057 0.0894011 0.0858571 0.0941952 0.114736 0.148556 0.195705 0.251558 0.303257 0.335223 0.34598 0.349869 0.358764 0.373078 0.386377 0.39298 0.391901 0.384885 0.371804 0.350665 0.323494 0.298209 0.282762 0.280514 0.291108 0.313466 0.346697 0.387358 0.425322 0.443208 0.424903 0.369811 0.294542 0.218802 0.154555 0.105403 0.0701616 0.0459312 0.0297289 0.0190967 0.0122086 0.00778463 0.00495926 0.00316088 0.00201798 0.00129172 0.00082969 0.000535128 0.000346761 0.000225845 0.000147885 9.73707e-05 6.44652e-05 4.29097e-05 2.87078e-05 1.92968e-05 1.30255e-05 8.82405e-06 5.99548e-06 4.08286e-06 2.78478e-06 1.90112e-06 1.29821e-06 8.86234e-07 6.04492e-07 4.11791e-07 2.80053e-07 
2.7872e-07 4.27389e-07 6.5411e-07 9.9899e-07 1.52216e-06 2.3134e-06 3.50618e-06 5.29796e-06 7.97938e-06 1.19759e-05 1.79069e-05 2.66682e-05 3.95479e-05 5.83851e-05 8.57884e-05 0.000125432 0.000182457 0.000264007 0.000379952 0.000543859 0.000774311 0.00109673 0.00154599 0.0021702 0.00303657 0.00424046 0.0059199 0.00827817 0.0116183 0.0163924 0.0232668 0.033197 0.0474915 0.0678122 0.0959859 0.133354 0.179197 0.228126 0.26886 0.290489 0.293802 0.290497 0.291937 0.30448 0.330308 0.366004 0.399684 0.414575 0.402231 0.369286 0.327476 0.284583 0.244775 0.21109 0.186156 0.171904 0.168961 0.175484 0.185711 0.190451 0.182425 0.162654 0.13885 0.118197 0.103479 0.0936477 0.0858827 0.0776218 0.067892 0.0574241 0.0478029 0.0405617 0.0368059 0.0372982 0.042696 0.0537136 0.0710956 0.0953297 0.12608 0.161488 0.197844 0.230394 0.255391 0.272113 0.28336 0.294876 0.314485 0.349957 0.404921 0.473617 0.53614 0.561691 0.53144 0.458811 0.372341 0.292198 0.2266 0.176699 0.140741 0.1163 0.101241 0.093943 0.093073 0.097117 0.103942 0.110791 0.115104 0.115887 0.114465 0.113802 0.117076 0.126678 0.144037 0.169972 0.20509 0.249539 0.301043 0.350684 0.381369 0.379837 0.350824 0.308003 0.262306 0.222917 0.198022 0.192686 0.207124 0.234297 0.25719 0.255306 0.224435 0.18018 0.13864 0.10669 0.0848446 0.0713621 0.0642658 0.0619512 0.0632126 0.0671114 0.0728461 0.0796953 0.0870958 0.0949026 0.103785 0.115583 0.133406 0.161257 0.202746 0.25778 0.316258 0.355779 0.362686 0.355704 0.364002 0.397891 0.436931 0.435272 0.377909 0.300867 0.232977 0.181085 0.143559 0.117983 0.103102 0.0990182 0.107291 0.131299 0.176761 0.252041 0.366317 0.515866 0.625157 0.565337 0.432363 0.323841 0.250258 0.202859 0.172504 0.15221 0.137014 0.123719 0.110682 0.0974609 0.0843856 0.0721768 0.0616516 0.0534955 0.0481357 0.0457214 0.0461587 0.0491358 0.0541113 0.060299 0.0667261 0.0724315 0.0767733 0.0796849 0.0816938 0.0836475 0.0862692 0.0897575 0.0936471 0.0970588 0.0992443 0.100084 0.100215 0.100782 0.102969 0.107456 0.113862 0.120445 0.12456 0.12404 0.118627 0.110157 0.101479 0.0953028 0.0937348 0.0983444 0.110401 0.131106 0.16181 0.204175 0.259904 0.328882 0.403981 0.464316 0.482704 0.454661 0.401143 0.34189 0.28647 0.238471 0.198927 0.167615 0.14358 0.125626 0.112841 0.104874 0.101867 0.104172 0.112085 0.125743 0.145207 0.170676 0.20251 0.240518 0.281895 0.318006 0.333715 0.317072 0.27311 0.218951 0.1685 0.127626 0.0970788 0.0757152 0.0622352 0.0558951 0.0568053 0.0661665 0.0866316 0.122911 0.182749 0.278408 0.428439 0.655676 0.927647 0.908818 0.78059 0.683629 0.553968 0.405817 0.285118 0.203316 0.154019 0.128112 0.118031 0.118324 0.125406 0.137263 0.153192 0.173321 0.197381 0.222383 0.240741 0.243542 0.229948 0.210688 0.200193 0.21012 0.250088 0.331554 0.471228 0.683594 0.815535 0.592176 0.389233 0.256846 0.174571 0.125463 0.0987035 0.0880249 0.0902599 0.104221 0.129652 0.165943 0.210508 0.25772 0.300287 0.332701 0.351512 0.352041 0.330226 0.289458 0.240693 0.195022 0.158411 0.131636 0.112462 0.0978625 0.0855506 0.0745998 0.0651751 0.05785 0.0530315 0.0507001 0.0503914 0.0513174 0.052587 0.0534944 0.053772 0.0536765 0.0538805 0.0552744 0.0587794 0.0651599 0.074723 0.0868462 0.0995272 0.109587 0.114156 0.112742 0.107729 0.102607 0.0998108 0.0998801 0.101907 0.104641 0.107611 0.111655 0.118618 0.130554 0.148996 0.174683 0.207802 0.248763 0.299384 0.36374 0.446059 0.539994 0.60683 0.591422 0.510657 0.419849 0.343258 0.284366 0.24066 0.207591 0.180115 0.154731 0.130612 0.108725 0.0902097 0.0755607 0.0647252 0.0574828 0.0536928 0.0533316 0.0563859 0.0626731 0.0716391 0.0821975 0.092722 0.101309 0.106312 0.106903 0.103329 0.0966999 0.0885331 0.0803742 0.0736413 0.0696352 0.0695937 0.0746961 0.0859227 0.103631 0.126786 0.152281 0.175736 0.19493 0.213241 0.238295 0.276271 0.32604 0.375122 0.400965 0.384948 0.331665 0.264472 0.203729 0.158265 0.128873 0.112658 0.105218 0.101646 0.0976125 0.0907873 0.0816166 0.0726351 0.0670819 0.0681021 0.0788593 0.103068 0.14519 0.208903 0.290225 0.360696 0.367013 0.304569 0.225979 0.163638 0.123396 0.10223 0.0963658 0.103597 0.123594 0.157259 0.204786 0.261831 0.315691 0.350769 0.365807 0.375113 0.388622 0.402477 0.406455 0.395686 0.373934 0.347864 0.321922 0.298317 0.279603 0.269619 0.271599 0.286272 0.312325 0.348355 0.392929 0.440965 0.480027 0.492896 0.466917 0.403534 0.319618 0.236005 0.165694 0.112391 0.0744935 0.0486206 0.0314166 0.0201739 0.0129104 0.00825185 0.00527684 0.00338075 0.00217251 0.00140159 0.000908445 0.000591885 0.000387791 0.000255549 0.000169391 0.000112929 7.57041e-05 5.10117e-05 3.45336e-05 2.34737e-05 1.60101e-05 1.09489e-05 7.50219e-06 5.14668e-06 3.53249e-06 2.42418e-06 1.66235e-06 1.13849e-06 7.78369e-07 5.3105e-07 3.61449e-07 
3.38081e-07 5.19505e-07 7.96915e-07 1.22009e-06 1.86392e-06 2.84064e-06 4.31768e-06 6.5436e-06 9.88557e-06 1.48829e-05 2.23231e-05 3.33488e-05 4.96069e-05 7.34544e-05 0.00010824 0.000158685 0.000231398 0.000335556 0.000483811 0.000693497 0.000988236 0.00140011 0.00197269 0.00276543 0.00386028 0.00537224 0.00746649 0.0103864 0.014498 0.0203579 0.0288077 0.041094 0.0589981 0.0849306 0.121871 0.172794 0.238533 0.311981 0.369592 0.380935 0.348571 0.305435 0.275065 0.26439 0.272076 0.292644 0.317269 0.336007 0.342263 0.334597 0.314249 0.284022 0.249301 0.216967 0.192885 0.180784 0.18212 0.195187 0.213104 0.223699 0.216844 0.194559 0.16837 0.148054 0.136541 0.131039 0.12596 0.116491 0.101528 0.0836501 0.0665966 0.0531407 0.0446507 0.0416052 0.0441903 0.052639 0.0672802 0.0883366 0.115534 0.147696 0.182646 0.217683 0.250281 0.27825 0.2999 0.316276 0.333998 0.363152 0.410373 0.472083 0.529617 0.552007 0.519694 0.44665 0.361592 0.283931 0.221241 0.174383 0.141535 0.120395 0.109173 0.106762 0.11236 0.124642 0.140723 0.155675 0.164034 0.163418 0.156752 0.150192 0.149383 0.157654 0.176394 0.206538 0.250333 0.31217 0.395712 0.492068 0.560842 0.558126 0.503992 0.431982 0.353299 0.279713 0.223931 0.191121 0.178871 0.179536 0.182166 0.176723 0.160044 0.136605 0.112957 0.0932623 0.0789139 0.0698338 0.0655032 0.0653766 0.0689178 0.0754933 0.0842463 0.0940312 0.103528 0.111666 0.118313 0.124836 0.134003 0.149089 0.172327 0.202773 0.234325 0.257479 0.268134 0.274198 0.288014 0.312956 0.335601 0.33235 0.296021 0.244205 0.195296 0.156597 0.128552 0.109801 0.0994763 0.0979299 0.10696 0.129921 0.171717 0.238095 0.332007 0.440596 0.510469 0.483975 0.400268 0.31929 0.260248 0.2224 0.199728 0.185323 0.173139 0.159317 0.142697 0.124101 0.105134 0.0873752 0.0720546 0.0599622 0.0514593 0.0465602 0.0450319 0.046454 0.0502212 0.0555266 0.0613936 0.0668232 0.0710414 0.0737386 0.0751447 0.0758712 0.0765862 0.077694 0.0792022 0.0808687 0.0825575 0.0845839 0.0878413 0.0936488 0.103345 0.117599 0.135421 0.153256 0.16545 0.167255 0.158453 0.143378 0.127588 0.115327 0.109194 0.110779 0.12118 0.141132 0.170912 0.210183 0.257808 0.311075 0.363681 0.404257 0.420641 0.409177 0.376811 0.333916 0.28873 0.246488 0.210055 0.180349 0.156804 0.138224 0.123773 0.113468 0.107981 0.108085 0.114151 0.125912 0.142573 0.163217 0.187168 0.213611 0.240083 0.260795 0.26742 0.254274 0.223736 0.184628 0.145835 0.112606 0.0867798 0.0683583 0.0568137 0.0518477 0.0537999 0.0639315 0.084716 0.120168 0.176098 0.259848 0.377742 0.523748 0.646648 0.661458 0.595638 0.51093 0.416829 0.321666 0.241616 0.184891 0.150629 0.134109 0.130008 0.133653 0.141394 0.150676 0.160001 0.168801 0.176908 0.183488 0.186383 0.183548 0.176194 0.170032 0.173198 0.193909 0.240235 0.321236 0.446149 0.605694 0.675972 0.537659 0.372552 0.252765 0.174738 0.126837 0.100125 0.0890888 0.0908786 0.104414 0.129375 0.164806 0.207216 0.249225 0.281533 0.298505 0.30034 0.288879 0.265334 0.232663 0.196632 0.163305 0.136305 0.116171 0.10131 0.0894615 0.0789163 0.0690676 0.0602109 0.0529692 0.0478124 0.0448597 0.0438978 0.0444949 0.0461442 0.0484052 0.0510206 0.0539901 0.0576185 0.0625588 0.0698158 0.0805892 0.095782 0.115037 0.135496 0.151464 0.157031 0.150923 0.137922 0.124678 0.115389 0.110835 0.109558 0.109567 0.109762 0.110567 0.113587 0.120745 0.133591 0.153142 0.180277 0.216477 0.264506 0.328173 0.409368 0.49898 0.563359 0.561479 0.502304 0.424726 0.350255 0.285947 0.233873 0.193188 0.161134 0.134839 0.112616 0.0939536 0.0788221 0.0671669 0.0588226 0.0536347 0.0515564 0.0526417 0.0569458 0.0643565 0.0743807 0.0859415 0.0973111 0.106355 0.111152 0.110762 0.105627 0.0973125 0.0878244 0.079026 0.0724213 0.069227 0.0705435 0.0774686 0.0910128 0.111629 0.138221 0.167061 0.192447 0.211042 0.226778 0.249564 0.288919 0.348178 0.418333 0.468923 0.458183 0.386873 0.297753 0.220691 0.16392 0.12592 0.102366 0.0885666 0.0802619 0.0741333 0.068324 0.062669 0.0584027 0.0576105 0.0629136 0.0776079 0.106111 0.154261 0.228138 0.326913 0.418995 0.427776 0.34602 0.25092 0.17996 0.136011 0.113475 0.106952 0.113143 0.130937 0.160674 0.202343 0.252461 0.301741 0.339906 0.367393 0.394921 0.427089 0.452096 0.451321 0.421316 0.376327 0.331212 0.293625 0.26656 0.251812 0.25118 0.265819 0.29537 0.338364 0.3935 0.45892 0.527045 0.578826 0.590187 0.549356 0.463677 0.357674 0.257809 0.177615 0.118871 0.0780965 0.0507116 0.0326981 0.0210053 0.013478 0.00865498 0.00557101 0.00359888 0.00233551 0.00152367 0.000999768 0.000659983 0.000438361 0.000292932 0.000196899 0.000133078 9.03972e-05 6.16785e-05 4.22432e-05 2.90207e-05 1.99826e-05 1.37802e-05 9.51003e-06 6.56328e-06 4.52672e-06 3.11825e-06 2.14427e-06 1.47129e-06 1.00698e-06 6.87254e-07 4.67629e-07 
4.07587e-07 6.2746e-07 9.64496e-07 1.48e-06 2.26652e-06 3.46325e-06 5.27857e-06 8.02297e-06 1.21567e-05 1.83579e-05 2.76204e-05 4.139e-05 6.17562e-05 9.1716e-05 0.000135534 0.000199229 0.000291224 0.000423206 0.000611251 0.000877305 0.0012511 0.00177271 0.002496 0.00349348 0.00486361 0.00674232 0.00932237 0.0128861 0.0178606 0.0249047 0.035039 0.0498177 0.0715332 0.103425 0.149835 0.216101 0.307116 0.419758 0.516995 0.51828 0.430388 0.33712 0.27356 0.241456 0.234547 0.24559 0.26739 0.293076 0.316189 0.329669 0.326099 0.303093 0.267739 0.231716 0.204202 0.19013 0.19115 0.205457 0.225766 0.238961 0.234086 0.213884 0.191771 0.178978 0.17851 0.185261 0.188416 0.178009 0.15318 0.121756 0.092296 0.0694433 0.0544215 0.0468786 0.0461468 0.0517756 0.063617 0.0816755 0.105865 0.135819 0.170902 0.210285 0.252421 0.293276 0.325438 0.343554 0.353161 0.368107 0.398316 0.441883 0.482968 0.496511 0.467079 0.404686 0.331632 0.264232 0.209577 0.168979 0.141261 0.124816 0.118658 0.122691 0.137305 0.162176 0.194005 0.224074 0.239917 0.235134 0.216948 0.199101 0.191625 0.198437 0.21947 0.253979 0.304759 0.381999 0.503105 0.679173 0.839535 0.807557 0.701483 0.595986 0.471686 0.349506 0.256058 0.196098 0.162899 0.146855 0.138652 0.131168 0.12106 0.108644 0.0959448 0.0848343 0.0764417 0.0713971 0.0701329 0.0729615 0.0799822 0.0909088 0.104847 0.120062 0.133946 0.143632 0.147492 0.146579 0.144426 0.145141 0.1513 0.162707 0.176339 0.1882 0.196856 0.205229 0.217505 0.233516 0.245762 0.243784 0.224486 0.195178 0.165398 0.140498 0.121788 0.108893 0.101571 0.100612 0.108067 0.127066 0.161269 0.213449 0.281838 0.353069 0.398577 0.395715 0.356304 0.308812 0.271498 0.249698 0.24047 0.236223 0.228475 0.212204 0.187895 0.159488 0.131102 0.105498 0.0841106 0.0674785 0.0555969 0.048149 0.0446564 0.0445439 0.0471322 0.0516 0.0569782 0.0622344 0.066462 0.0691079 0.0701189 0.0699043 0.0691149 0.068368 0.0680863 0.0685507 0.070129 0.073543 0.0800348 0.0913481 0.109434 0.135644 0.169031 0.203825 0.228649 0.232731 0.216128 0.189162 0.162447 0.141958 0.130266 0.12866 0.138079 0.158984 0.19072 0.230953 0.275907 0.321322 0.362562 0.393442 0.407031 0.399862 0.374719 0.338427 0.298031 0.259017 0.224901 0.19694 0.174333 0.155429 0.139261 0.126262 0.117825 0.115326 0.119344 0.129307 0.143644 0.160456 0.178375 0.1966 0.213612 0.225727 0.227674 0.215852 0.191487 0.160111 0.128098 0.0999052 0.0775771 0.0615652 0.0517163 0.047972 0.0507921 0.0614297 0.0821265 0.116162 0.167459 0.239011 0.328833 0.422504 0.488461 0.497646 0.45675 0.392558 0.322758 0.257524 0.204713 0.168494 0.148776 0.142665 0.146033 0.154562 0.164403 0.172507 0.176789 0.17646 0.172189 0.165443 0.1575 0.149445 0.143208 0.142287 0.151374 0.175467 0.219102 0.285125 0.370353 0.452104 0.475277 0.411975 0.313875 0.227331 0.164479 0.123332 0.0994123 0.0892179 0.0907752 0.103284 0.126338 0.158658 0.196329 0.231678 0.255502 0.262876 0.255689 0.238484 0.214749 0.187351 0.159622 0.134784 0.114747 0.0996316 0.0882128 0.0788223 0.0702135 0.061981 0.0544282 0.0481396 0.0436117 0.0410983 0.0406228 0.0420508 0.0451535 0.0496398 0.0551736 0.0614387 0.0683251 0.0762405 0.0863821 0.100676 0.121105 0.148158 0.178367 0.2025 0.209342 0.196062 0.171684 0.147745 0.130467 0.120529 0.115677 0.113101 0.11103 0.109374 0.109391 0.112857 0.121398 0.136322 0.158884 0.190723 0.234009 0.290652 0.359557 0.431152 0.483452 0.494313 0.464164 0.409653 0.345143 0.281019 0.224767 0.179529 0.14465 0.117885 0.0971295 0.0810011 0.0686947 0.0597106 0.0537167 0.0505262 0.0500947 0.0524857 0.0577844 0.0659506 0.0766018 0.0887649 0.100727 0.110211 0.115049 0.114145 0.10806 0.0987145 0.0884909 0.0794668 0.0731582 0.0706469 0.0728305 0.0806068 0.0948414 0.115926 0.14277 0.171664 0.196892 0.215207 0.231035 0.25556 0.300974 0.37571 0.477225 0.567554 0.560159 0.453512 0.333518 0.238243 0.170737 0.12552 0.096436 0.0782507 0.0668609 0.0593209 0.0539012 0.0500767 0.0483654 0.0501094 0.0573798 0.0731034 0.101324 0.14719 0.21537 0.302955 0.380597 0.389051 0.323227 0.242259 0.180189 0.141892 0.123038 0.118433 0.124368 0.13911 0.162511 0.194628 0.233666 0.275125 0.31524 0.356818 0.40752 0.467019 0.512998 0.510763 0.458345 0.387954 0.324404 0.276489 0.245924 0.233068 0.238543 0.262985 0.30647 0.368403 0.44751 0.540322 0.635493 0.702855 0.703832 0.634293 0.518016 0.38795 0.273062 0.184919 0.122372 0.0798849 0.0517489 0.0333988 0.0215385 0.0139095 0.00901057 0.00586278 0.00383504 0.00252362 0.00167114 0.00111374 0.000746958 0.000504017 0.000342033 0.000233325 0.000159911 0.000110038 7.59719e-05 5.25871e-05 3.64655e-05 2.53117e-05 1.75738e-05 1.21955e-05 8.45343e-06 5.84945e-06 4.03855e-06 2.78088e-06 1.90916e-06 1.30645e-06 8.90945e-07 6.05435e-07 
4.88515e-07 7.53174e-07 1.15978e-06 1.78322e-06 2.73699e-06 4.19231e-06 6.40652e-06 9.76435e-06 1.48382e-05 2.24744e-05 3.39169e-05 5.09814e-05 7.62985e-05 0.000113649 0.00016842 0.000248222 0.0003637 0.000529599 0.000766149 0.00110083 0.00157062 0.00222493 0.00312936 0.00437089 0.00606543 0.00836971 0.0115016 0.0157763 0.0216693 0.0299234 0.0417115 0.0588588 0.0841008 0.121327 0.175757 0.254016 0.363734 0.508327 0.650114 0.640328 0.493275 0.359639 0.272976 0.227012 0.211685 0.21888 0.242432 0.276994 0.315867 0.347788 0.357536 0.337495 0.297415 0.254415 0.220342 0.200428 0.19594 0.204851 0.220448 0.231539 0.229387 0.216931 0.206605 0.210005 0.231451 0.264223 0.287202 0.275772 0.230235 0.173766 0.124616 0.0887197 0.0655496 0.0528518 0.0485755 0.0513699 0.0605477 0.0758982 0.0975136 0.125726 0.161154 0.204513 0.255238 0.307963 0.34967 0.367793 0.366997 0.365653 0.37645 0.39847 0.419362 0.422001 0.396494 0.348271 0.291408 0.237866 0.193887 0.161326 0.139888 0.128915 0.128493 0.13994 0.165666 0.20795 0.265162 0.323896 0.354955 0.339158 0.296686 0.259285 0.242985 0.250406 0.277298 0.317164 0.368943 0.446473 0.581401 0.821397 1.21285 1.02225 0.883495 0.780107 0.597888 0.414576 0.283667 0.201678 0.154182 0.128333 0.114479 0.106054 0.0993505 0.0929466 0.0867777 0.0813464 0.0773968 0.0758728 0.0778513 0.084367 0.0961888 0.113564 0.135825 0.160716 0.183629 0.198009 0.198764 0.186837 0.168989 0.152692 0.142239 0.138283 0.139127 0.142518 0.147333 0.154075 0.163501 0.174415 0.182808 0.184019 0.176559 0.163261 0.148531 0.135379 0.124724 0.116375 0.110414 0.108094 0.111921 0.125084 0.150543 0.189634 0.239671 0.291081 0.328221 0.339051 0.326229 0.304607 0.289517 0.288813 0.300507 0.313468 0.312714 0.290185 0.250676 0.205177 0.162254 0.125895 0.0970653 0.0753869 0.0600298 0.0500926 0.0447333 0.043178 0.0446631 0.0483547 0.0532954 0.058428 0.0627313 0.0654431 0.0662717 0.0654617 0.0636567 0.0616471 0.0601748 0.0599131 0.0616191 0.0663773 0.0758381 0.0923726 0.119006 0.158729 0.212174 0.272203 0.317835 0.324228 0.292408 0.246612 0.205371 0.175131 0.157109 0.15196 0.160802 0.184407 0.221657 0.268141 0.316702 0.361094 0.398394 0.425546 0.43626 0.425634 0.396284 0.356431 0.314102 0.27487 0.241917 0.215809 0.194686 0.175865 0.157981 0.141907 0.129916 0.124163 0.125582 0.133449 0.145607 0.159422 0.173127 0.186233 0.198147 0.206317 0.20634 0.194835 0.172545 0.144156 0.115265 0.0898636 0.0698273 0.0556155 0.047145 0.0444302 0.0479815 0.0590628 0.0798511 0.113397 0.163023 0.230349 0.310882 0.387984 0.434001 0.430335 0.386235 0.325386 0.265497 0.215343 0.178871 0.157335 0.149842 0.153719 0.165021 0.179233 0.1921 0.200105 0.200667 0.192904 0.178541 0.161224 0.14463 0.131437 0.123711 0.123638 0.133739 0.15644 0.193056 0.24194 0.295403 0.336457 0.34321 0.309051 0.252246 0.195201 0.149313 0.117068 0.0974542 0.0889599 0.090575 0.101788 0.122047 0.149755 0.180977 0.208897 0.225931 0.228244 0.217744 0.199119 0.176483 0.152772 0.130315 0.110907 0.0954457 0.0837502 0.0748334 0.0674621 0.0607235 0.0543149 0.0484711 0.0436849 0.0404519 0.0391557 0.0400628 0.0433454 0.049058 0.0570411 0.0667867 0.0774179 0.0880175 0.0983858 0.109835 0.125306 0.148366 0.180995 0.219824 0.252143 0.260028 0.238416 0.201921 0.167521 0.142953 0.128369 0.120644 0.116233 0.112745 0.109535 0.107456 0.108135 0.113327 0.124618 0.143458 0.171258 0.209175 0.25725 0.312655 0.367586 0.40942 0.426632 0.415754 0.380202 0.327161 0.267451 0.211694 0.165701 0.130376 0.104123 0.0848432 0.0708217 0.0608788 0.0542501 0.0504542 0.049207 0.0503733 0.0539318 0.0599267 0.0683634 0.0790022 0.0910658 0.102994 0.112525 0.117366 0.116299 0.109925 0.100359 0.0901823 0.0815512 0.0759128 0.0741536 0.0768795 0.0846321 0.0979156 0.11687 0.140477 0.16572 0.188263 0.206115 0.223725 0.25145 0.301322 0.383193 0.497493 0.605649 0.600615 0.479736 0.348787 0.246804 0.174553 0.125482 0.0931071 0.0722247 0.0589227 0.0504454 0.0450857 0.0420854 0.0415186 0.0441864 0.0515792 0.065913 0.0901198 0.127381 0.179157 0.239785 0.288393 0.295689 0.259745 0.209478 0.16816 0.142918 0.132342 0.13246 0.139516 0.151334 0.167664 0.189306 0.216666 0.249406 0.288389 0.338104 0.404549 0.484723 0.548865 0.546635 0.477145 0.38933 0.314503 0.261002 0.229128 0.218249 0.228692 0.261805 0.319505 0.40311 0.510118 0.629471 0.740333 0.805222 0.776969 0.669846 0.529723 0.389447 0.271383 0.182869 0.120856 0.0790387 0.0514445 0.0334536 0.0217942 0.0142525 0.00936908 0.00619645 0.00412508 0.00276448 0.00186474 0.0012656 0.000863876 0.000592717 0.000408542 0.000282719 0.000196301 0.00013666 9.53237e-05 6.65696e-05 4.65092e-05 3.24837e-05 2.26648e-05 1.57876e-05 1.09726e-05 7.60531e-06 5.25494e-06 3.61845e-06 2.48246e-06 1.69659e-06 1.15495e-06 7.8311e-07 
5.8232e-07 8.98775e-07 1.38591e-06 2.1345e-06 3.28256e-06 5.0391e-06 7.71932e-06 1.17962e-05 1.79761e-05 2.7307e-05 4.13344e-05 6.23211e-05 9.35541e-05 0.000139768 0.000207718 0.000306951 0.000450811 0.000657742 0.000952944 0.00137044 0.00195564 0.00276849 0.00388744 0.00541455 0.00748276 0.0102671 0.0140043 0.0190293 0.0258433 0.0352349 0.0484727 0.0675694 0.0955623 0.136669 0.196072 0.279016 0.388811 0.520596 0.632312 0.613812 0.480168 0.350488 0.262368 0.214014 0.197389 0.205686 0.2339 0.277376 0.328819 0.374181 0.393303 0.375304 0.331916 0.283353 0.242387 0.214178 0.200079 0.198602 0.204688 0.210607 0.211016 0.20876 0.214163 0.239296 0.293007 0.372868 0.442246 0.428334 0.335845 0.235874 0.159591 0.108414 0.0766782 0.0589342 0.0513436 0.0515563 0.0583324 0.0712202 0.0903727 0.116513 0.150949 0.195213 0.249293 0.307342 0.35378 0.372297 0.366569 0.356242 0.354308 0.360217 0.364927 0.357887 0.333835 0.295962 0.252598 0.211671 0.177974 0.153371 0.138155 0.13247 0.137402 0.155736 0.192386 0.254022 0.345502 0.454615 0.518684 0.475142 0.386836 0.322083 0.29819 0.312714 0.354849 0.405631 0.449617 0.499665 0.593671 0.761395 0.9413 0.94379 0.919258 0.870978 0.653198 0.437346 0.290675 0.200174 0.147159 0.117533 0.101674 0.0933245 0.0886881 0.0856976 0.0834188 0.0817042 0.0810857 0.0827026 0.0881001 0.0989452 0.116777 0.142772 0.177272 0.21845 0.259461 0.286109 0.283674 0.253046 0.210785 0.172271 0.144058 0.126456 0.117282 0.114107 0.1153 0.120115 0.127982 0.137551 0.146415 0.152042 0.153298 0.151032 0.147118 0.142922 0.138497 0.133106 0.126676 0.12094 0.119231 0.125301 0.142107 0.170766 0.209281 0.251271 0.286541 0.305993 0.309211 0.306832 0.313728 0.339726 0.382981 0.425311 0.436711 0.401088 0.333946 0.260998 0.197347 0.147256 0.109866 0.0829135 0.0642011 0.051984 0.0449527 0.0421014 0.0425752 0.0455275 0.050017 0.0549806 0.0593257 0.0621452 0.0629716 0.0619167 0.0595975 0.0569061 0.0547908 0.0541858 0.0561185 0.0619493 0.0736838 0.0943051 0.128014 0.179965 0.254073 0.345005 0.420903 0.430051 0.375868 0.308384 0.253512 0.214524 0.189926 0.180174 0.187609 0.214333 0.259598 0.31701 0.374686 0.423032 0.461488 0.489918 0.498961 0.479218 0.435706 0.383015 0.332702 0.290429 0.258013 0.234261 0.215473 0.197434 0.178115 0.158771 0.142644 0.132799 0.130654 0.135528 0.144977 0.155993 0.166652 0.176715 0.186136 0.192808 0.192343 0.181052 0.15949 0.132342 0.1051 0.0814993 0.0631665 0.0504146 0.0431095 0.0412687 0.0454347 0.0569383 0.0781133 0.112404 0.164078 0.236694 0.32831 0.420458 0.469767 0.445084 0.37401 0.297722 0.234986 0.190059 0.162527 0.150839 0.152799 0.16523 0.183776 0.203363 0.219234 0.227543 0.225362 0.211736 0.189365 0.163766 0.140322 0.122543 0.112343 0.11096 0.119446 0.138436 0.167234 0.202376 0.236386 0.258491 0.259382 0.238129 0.203333 0.166169 0.13415 0.110389 0.0955177 0.0893466 0.0916094 0.102025 0.119917 0.143497 0.169064 0.190952 0.203287 0.203051 0.191552 0.172778 0.15088 0.128991 0.109182 0.0926367 0.0797127 0.0700398 0.0627671 0.056936 0.0518374 0.0472007 0.0431647 0.0401199 0.0385576 0.0390006 0.0419968 0.0481073 0.0578007 0.0711802 0.0875389 0.104997 0.120861 0.133273 0.143313 0.155422 0.175362 0.206824 0.246963 0.281446 0.28858 0.261869 0.218933 0.17939 0.151483 0.135015 0.126427 0.121728 0.11799 0.114007 0.110271 0.108415 0.110507 0.118532 0.134154 0.15855 0.192 0.233129 0.278089 0.320487 0.35282 0.368884 0.365004 0.339938 0.296838 0.244703 0.193932 0.150999 0.117718 0.0932118 0.0757586 0.0637481 0.0559676 0.0515811 0.0500156 0.0508514 0.053758 0.0584935 0.0649412 0.0730953 0.0828903 0.0938568 0.104766 0.113599 0.118165 0.11723 0.111336 0.102544 0.0933769 0.085915 0.0814737 0.0807178 0.0839035 0.0910949 0.102281 0.117272 0.135279 0.154473 0.172572 0.1892 0.208322 0.237855 0.286658 0.360558 0.454359 0.532499 0.528963 0.441488 0.333976 0.242311 0.173364 0.124464 0.0910629 0.0689041 0.0545581 0.0454987 0.0400514 0.0373078 0.037038 0.0396195 0.0459886 0.0575794 0.0761235 0.103013 0.137716 0.175021 0.20331 0.210345 0.195795 0.172209 0.152543 0.142879 0.143266 0.150429 0.160201 0.169818 0.179286 0.190752 0.20684 0.229958 0.263163 0.310914 0.376754 0.454813 0.515517 0.51356 0.448447 0.364586 0.292431 0.241226 0.211968 0.204481 0.219823 0.261028 0.333201 0.441766 0.583899 0.728644 0.820504 0.833372 0.761325 0.63228 0.489887 0.358655 0.251232 0.170847 0.114171 0.0756286 0.0499531 0.0330318 0.0219264 0.0146355 0.00983203 0.0066497 0.00452693 0.00310056 0.00213516 0.00147732 0.00102634 0.0007155 0.000500246 0.000350567 0.000246106 0.000172971 0.00012163 8.55124e-05 6.00678e-05 4.21296e-05 2.94846e-05 2.0579e-05 1.43174e-05 9.92549e-06 6.85414e-06 4.71383e-06 3.22817e-06 2.20124e-06 1.49452e-06 1.01035e-06 
6.90736e-07 1.06672e-06 1.64641e-06 2.53896e-06 3.91084e-06 6.01511e-06 9.23475e-06 1.41468e-05 2.16158e-05 3.29299e-05 4.99951e-05 7.56113e-05 0.000113857 0.000170622 0.000254322 0.000376852 0.000554826 0.000811143 0.00117693 0.00169389 0.00241705 0.00341798 0.00478849 0.00664514 0.00913519 0.0124459 0.0168212 0.0225955 0.0302613 0.0405974 0.054884 0.0752014 0.104722 0.147739 0.208877 0.290563 0.387938 0.482132 0.53525 0.506833 0.413677 0.314151 0.240748 0.19956 0.187728 0.201265 0.236515 0.288642 0.34855 0.400156 0.423552 0.409602 0.369478 0.320783 0.274472 0.236187 0.209342 0.194695 0.189601 0.18941 0.191191 0.19739 0.216406 0.26093 0.346809 0.489437 0.662936 0.640299 0.446666 0.290476 0.18805 0.124237 0.0859282 0.0644122 0.0543159 0.0524882 0.0572294 0.0678316 0.0843544 0.107555 0.138809 0.179602 0.229752 0.283733 0.328038 0.349145 0.349406 0.343638 0.341277 0.340899 0.335761 0.320335 0.293747 0.259689 0.223932 0.191578 0.165711 0.147551 0.137406 0.135787 0.144388 0.166968 0.210243 0.284664 0.403379 0.568254 0.686772 0.594392 0.453863 0.368975 0.346081 0.378547 0.453291 0.532496 0.560464 0.550443 0.565391 0.62671 0.698815 0.736308 0.753714 0.715514 0.563966 0.394804 0.269184 0.187841 0.138698 0.110667 0.0956733 0.0882987 0.0851087 0.0840518 0.084043 0.0847964 0.0868289 0.0914166 0.100394 0.11591 0.140311 0.176173 0.22621 0.291903 0.36738 0.425165 0.419955 0.351945 0.268896 0.200697 0.153128 0.123019 0.105785 0.0977274 0.096436 0.100503 0.108899 0.120313 0.132822 0.144208 0.152806 0.158281 0.161486 0.163192 0.162775 0.158476 0.149582 0.138341 0.129361 0.127398 0.135743 0.155603 0.185652 0.221377 0.255196 0.279606 0.293842 0.307814 0.337381 0.395357 0.481958 0.570758 0.603331 0.544427 0.433349 0.322095 0.232702 0.167202 0.121059 0.0891662 0.0675396 0.0534327 0.0450234 0.0410698 0.0406291 0.0428454 0.0468036 0.0514654 0.0557289 0.0586256 0.0595831 0.0586047 0.056244 0.0534071 0.0511319 0.0504868 0.052642 0.0590966 0.0720237 0.0946984 0.131925 0.190104 0.275487 0.385615 0.484316 0.498714 0.434494 0.360789 0.303582 0.260844 0.229503 0.212398 0.215195 0.242382 0.294251 0.363097 0.432148 0.487711 0.532076 0.567404 0.577503 0.54545 0.481175 0.409852 0.348226 0.301837 0.270312 0.249939 0.234682 0.218439 0.198234 0.175589 0.15479 0.139943 0.133076 0.133716 0.139455 0.147298 0.155321 0.163262 0.171099 0.176846 0.176237 0.165611 0.145431 0.120182 0.0950682 0.0735367 0.0570177 0.0457355 0.0395401 0.0384675 0.0430974 0.0548411 0.076256 0.111417 0.166252 0.248281 0.363332 0.498933 0.577266 0.51342 0.392145 0.289609 0.218418 0.174263 0.151661 0.146419 0.155065 0.173762 0.197609 0.220965 0.238703 0.246925 0.242725 0.225249 0.197832 0.167076 0.13926 0.118239 0.105729 0.102332 0.108152 0.12273 0.144405 0.169464 0.191911 0.204947 0.204148 0.190084 0.167732 0.143296 0.121493 0.104944 0.0948308 0.0916658 0.0956591 0.106723 0.124181 0.146235 0.169431 0.188733 0.198915 0.196962 0.183664 0.162853 0.139173 0.116304 0.0964232 0.0804263 0.0683074 0.0594949 0.0531439 0.0484083 0.0446614 0.0416116 0.0392982 0.0380208 0.0382778 0.0407552 0.046352 0.0561803 0.0714256 0.0928803 0.119945 0.149242 0.174277 0.188803 0.192891 0.194243 0.202465 0.222967 0.253079 0.279361 0.282765 0.257529 0.218228 0.182008 0.15673 0.142609 0.136369 0.133833 0.131414 0.127181 0.121386 0.1161 0.114206 0.11842 0.130779 0.152367 0.182836 0.219657 0.257773 0.290746 0.313243 0.322386 0.316656 0.295121 0.259609 0.216402 0.173401 0.136142 0.106731 0.0849818 0.0697731 0.0598854 0.0543258 0.052359 0.0533976 0.0568559 0.0620649 0.0683352 0.0751724 0.0824704 0.0904244 0.0990819 0.1078 0.115066 0.119019 0.118504 0.113874 0.106847 0.0996288 0.0940783 0.0913543 0.0919195 0.0956765 0.102147 0.110723 0.120908 0.132342 0.144614 0.157469 0.171865 0.191045 0.220111 0.263829 0.323011 0.388677 0.435826 0.433696 0.380285 0.303909 0.229756 0.168688 0.122635 0.0898132 0.0673831 0.0525934 0.0432102 0.0376272 0.0348473 0.0344266 0.0364147 0.0412883 0.0498384 0.0629201 0.0809217 0.102844 0.125282 0.142612 0.150064 0.148031 0.142312 0.139764 0.144418 0.156285 0.171792 0.185589 0.193877 0.197082 0.199063 0.20437 0.216867 0.240036 0.277002 0.328265 0.385886 0.427278 0.425259 0.379327 0.315947 0.258235 0.216389 0.193482 0.190842 0.2108 0.258237 0.341802 0.473846 0.661612 0.856095 0.895134 0.803184 0.680069 0.547043 0.41975 0.308965 0.219735 0.152467 0.10422 0.07074 0.0479531 0.0325896 0.022256 0.0152888 0.0105662 0.00734284 0.00512686 0.00359318 0.00252567 0.00177928 0.00125561 0.000887221 0.000627528 0.000444128 0.000314401 0.000222513 0.000157356 0.000111125 7.83187e-05 5.50544e-05 3.85792e-05 2.69366e-05 1.87325e-05 1.29713e-05 8.94164e-06 6.1354e-06 4.19023e-06 2.84843e-06 1.92739e-06 1.29829e-06 
8.15944e-07 1.26002e-06 1.94544e-06 3.00237e-06 4.63e-06 7.13219e-06 1.09706e-05 1.68433e-05 2.58009e-05 3.94143e-05 6.00179e-05 9.10527e-05 0.000137549 0.000206788 0.000309197 0.000459527 0.000678358 0.00099398 0.00144463 0.00208104 0.00296924 0.00419341 0.00585869 0.00809399 0.0110553 0.0149309 0.0199536 0.0264279 0.0347925 0.0457478 0.0604808 0.0809859 0.110369 0.1528 0.212367 0.289478 0.373822 0.439153 0.455719 0.416514 0.343826 0.269428 0.213812 0.184105 0.180955 0.203303 0.249196 0.313345 0.383095 0.438353 0.461905 0.452179 0.420437 0.37638 0.324722 0.272472 0.228749 0.198765 0.182203 0.175893 0.177477 0.188237 0.214297 0.266901 0.363148 0.525955 0.755044 0.725355 0.481579 0.30862 0.199405 0.132174 0.0918157 0.0688716 0.0575902 0.0545357 0.0577426 0.0662573 0.0799282 0.0993087 0.125487 0.159515 0.200975 0.245702 0.285082 0.311492 0.326352 0.337249 0.34699 0.350192 0.339911 0.315071 0.280709 0.243647 0.209369 0.181104 0.160079 0.146277 0.13941 0.139844 0.149368 0.171862 0.214008 0.285778 0.398677 0.550407 0.654115 0.578308 0.454554 0.381347 0.37232 0.428948 0.549568 0.688429 0.693448 0.593338 0.526492 0.511864 0.524865 0.539992 0.542026 0.506395 0.419924 0.316099 0.22896 0.167796 0.129117 0.106577 0.0945123 0.0887649 0.0866266 0.086528 0.087734 0.0902028 0.0945847 0.102192 0.114867 0.13489 0.165139 0.209641 0.274511 0.368669 0.499448 0.636792 0.630898 0.476791 0.331137 0.22929 0.163731 0.123514 0.100458 0.0893117 0.0870332 0.0920039 0.103247 0.119621 0.139098 0.158508 0.174393 0.184921 0.190943 0.194237 0.194476 0.188827 0.175485 0.157142 0.139908 0.129635 0.129849 0.141621 0.163801 0.19287 0.223133 0.249226 0.27153 0.299908 0.350932 0.440976 0.575552 0.723807 0.788399 0.698141 0.531106 0.376802 0.26168 0.182234 0.128849 0.0932055 0.0695219 0.0541192 0.0447284 0.039915 0.0386726 0.04015 0.0434754 0.0476724 0.0516954 0.0545964 0.0557673 0.0551246 0.0531224 0.050598 0.0485709 0.0481252 0.0504462 0.05701 0.0698978 0.0921852 0.128293 0.18388 0.263841 0.364253 0.453732 0.478506 0.442673 0.396188 0.356527 0.317128 0.277015 0.247011 0.239233 0.260684 0.312072 0.385219 0.461879 0.527353 0.585051 0.634614 0.649308 0.604802 0.518778 0.428588 0.356203 0.30674 0.277418 0.261899 0.251681 0.238445 0.217893 0.191786 0.165726 0.145087 0.132579 0.128004 0.129175 0.13335 0.138655 0.144541 0.150633 0.155017 0.154045 0.144673 0.127272 0.105548 0.0838927 0.0652998 0.0510728 0.0414729 0.0364299 0.0360434 0.0409215 0.0524817 0.0733204 0.107737 0.16244 0.247179 0.37345 0.539531 0.648752 0.548065 0.392439 0.276728 0.202946 0.160829 0.142107 0.141224 0.153995 0.176165 0.202538 0.227274 0.245229 0.252755 0.247384 0.228648 0.199982 0.167912 0.138706 0.11627 0.102263 0.0970055 0.100101 0.110524 0.126286 0.144044 0.159291 0.167624 0.166685 0.15726 0.142564 0.12647 0.112151 0.101727 0.0965196 0.0973602 0.104738 0.11876 0.138923 0.16362 0.189498 0.211175 0.222293 0.218418 0.20006 0.172511 0.142426 0.114726 0.0918141 0.0742148 0.0614342 0.0525503 0.046558 0.0425697 0.0399351 0.0382939 0.0375786 0.0380026 0.0400748 0.0446615 0.053088 0.0672285 0.0894601 0.122166 0.166099 0.216745 0.260201 0.278248 0.267977 0.246889 0.233249 0.234221 0.246334 0.25806 0.255879 0.235654 0.206207 0.179392 0.161846 0.154516 0.154777 0.158064 0.159329 0.155119 0.145535 0.13412 0.125684 0.124264 0.132405 0.151118 0.17955 0.214141 0.248251 0.274168 0.287173 0.287147 0.275777 0.254163 0.223929 0.188858 0.153911 0.123031 0.0981555 0.0796072 0.0668886 0.0592942 0.0562116 0.0571617 0.0616497 0.0689131 0.0777296 0.0865416 0.0940396 0.0998696 0.104747 0.109704 0.115086 0.120113 0.123334 0.123608 0.120917 0.116403 0.111764 0.108561 0.107799 0.109793 0.114142 0.119825 0.125586 0.130646 0.135229 0.140423 0.147739 0.159097 0.177047 0.204379 0.242654 0.289719 0.336764 0.367765 0.367078 0.332579 0.277257 0.217422 0.163924 0.121206 0.0895596 0.0673592 0.0524681 0.042926 0.0372065 0.0342654 0.0335126 0.034759 0.0381468 0.0440323 0.052775 0.0643931 0.0781245 0.0921544 0.104047 0.112177 0.117281 0.122512 0.131747 0.147486 0.169227 0.192646 0.210808 0.218572 0.216727 0.210728 0.206459 0.20832 0.219476 0.241737 0.273836 0.308499 0.331501 0.329017 0.300512 0.259075 0.219195 0.189797 0.175189 0.177985 0.201386 0.250969 0.336501 0.47346 0.679382 0.919122 0.901693 0.725664 0.575312 0.450141 0.343999 0.256066 0.186157 0.132966 0.0939702 0.0661218 0.0465342 0.0328431 0.0232726 0.0165556 0.0118141 0.00844741 0.00604555 0.0043267 0.0030949 0.00221206 0.00157976 0.00112733 0.00080389 0.000572796 0.000407727 0.000289836 0.000205656 0.000145579 0.000102749 7.22668e-05 5.06264e-05 3.53117e-05 2.4515e-05 1.69367e-05 1.16427e-05 7.96334e-06 5.4195e-06 3.67014e-06 2.47352e-06 1.65931e-06 
9.60837e-07 1.48255e-06 2.28819e-06 3.5317e-06 5.44943e-06 8.40319e-06 1.29448e-05 1.99123e-05 3.05718e-05 4.68257e-05 7.15123e-05 0.000108834 0.000164959 0.000248845 0.00037336 0.00055673 0.000824394 0.00121123 0.00176413 0.0025447 0.00363181 0.00512359 0.00713831 0.00981381 0.013306 0.0177876 0.023453 0.0305376 0.0393724 0.0505052 0.0649209 0.0843578 0.111596 0.150355 0.204036 0.271975 0.342416 0.388812 0.387649 0.344289 0.283278 0.226419 0.186347 0.168707 0.175977 0.21001 0.271926 0.357926 0.450397 0.515744 0.533883 0.521674 0.499371 0.463221 0.402074 0.326734 0.259437 0.211751 0.18401 0.172175 0.172558 0.184226 0.210084 0.257037 0.334587 0.446521 0.554308 0.538114 0.408568 0.282236 0.191314 0.131574 0.0943075 0.0725992 0.0617024 0.0584664 0.0608405 0.0676192 0.0783675 0.0933812 0.113497 0.139572 0.171533 0.207359 0.243388 0.27727 0.310737 0.346315 0.379181 0.394659 0.380542 0.341383 0.292435 0.246213 0.208713 0.181304 0.162939 0.151755 0.146299 0.146412 0.153674 0.171503 0.205081 0.260539 0.341003 0.433222 0.487102 0.459981 0.397746 0.358852 0.36802 0.43673 0.571505 0.73199 0.721305 0.577778 0.471923 0.418738 0.398206 0.390158 0.378483 0.349512 0.299365 0.23994 0.186592 0.146859 0.12098 0.105894 0.0979429 0.0941589 0.0927133 0.0928526 0.0945895 0.0984346 0.105275 0.116302 0.13294 0.156947 0.190919 0.239384 0.310677 0.420071 0.594441 0.873196 0.874617 0.565122 0.367673 0.245059 0.169614 0.124104 0.0981635 0.0858473 0.084077 0.0915809 0.107996 0.132787 0.163744 0.195496 0.220205 0.232562 0.234536 0.231994 0.227127 0.216628 0.197303 0.171758 0.147036 0.129571 0.122764 0.127298 0.141912 0.16373 0.188776 0.214042 0.241336 0.280092 0.346424 0.459362 0.632989 0.848677 0.97213 0.833456 0.600054 0.408982 0.276238 0.188632 0.131571 0.0942926 0.0698162 0.0538911 0.0439978 0.0386105 0.0367096 0.0374758 0.0401038 0.0437136 0.0473675 0.0502014 0.0516263 0.0514959 0.0501438 0.0482776 0.0468111 0.0467449 0.0491686 0.0553953 0.0671955 0.0870603 0.118329 0.164746 0.228364 0.304022 0.372377 0.409654 0.418966 0.421499 0.416626 0.385184 0.330287 0.279758 0.255073 0.263987 0.305679 0.372051 0.448657 0.525672 0.606057 0.681635 0.707734 0.649189 0.540318 0.433829 0.354122 0.304246 0.278978 0.26985 0.266143 0.257008 0.236411 0.206531 0.174807 0.148112 0.129775 0.119793 0.116204 0.116547 0.11899 0.122611 0.12662 0.129267 0.127808 0.120093 0.106371 0.0892625 0.0720249 0.0570474 0.0455117 0.0377835 0.0339345 0.0341505 0.0390302 0.0498585 0.0689352 0.100006 0.148729 0.222644 0.328141 0.454031 0.525146 0.459712 0.341226 0.244432 0.180916 0.145291 0.131114 0.133442 0.148252 0.171353 0.197721 0.221879 0.239103 0.246156 0.24109 0.223778 0.197212 0.16698 0.138758 0.116422 0.101786 0.0951849 0.0960342 0.103065 0.114266 0.126798 0.137295 0.14279 0.141891 0.135326 0.125405 0.114921 0.106328 0.101485 0.101743 0.108056 0.121038 0.140982 0.16774 0.200177 0.235019 0.265508 0.281629 0.274819 0.245488 0.203588 0.160587 0.123468 0.0945375 0.0734499 0.0588488 0.0492158 0.0432114 0.0397798 0.0381623 0.0378823 0.0387362 0.0408203 0.044618 0.0511519 0.0621973 0.0805394 0.110211 0.156421 0.224081 0.311667 0.395106 0.421627 0.378085 0.315896 0.27083 0.248457 0.241491 0.23882 0.230804 0.214478 0.194502 0.178254 0.170977 0.174289 0.186253 0.201226 0.210478 0.206436 0.188967 0.165708 0.145825 0.135435 0.137318 0.151984 0.177897 0.210559 0.241886 0.262682 0.268272 0.260709 0.244452 0.222343 0.195933 0.167216 0.138925 0.113608 0.0928857 0.0773974 0.0671636 0.0619974 0.061765 0.0664174 0.0757524 0.0889168 0.103861 0.117363 0.126327 0.129835 0.129808 0.129311 0.130326 0.132917 0.135806 0.13754 0.13743 0.13586 0.133967 0.133018 0.133876 0.136738 0.141013 0.145267 0.147655 0.14714 0.14463 0.142737 0.144508 0.152551 0.168859 0.194616 0.229404 0.269802 0.308098 0.332892 0.333732 0.30798 0.262995 0.210924 0.161958 0.121486 0.0908015 0.06893 0.0540857 0.0444796 0.0386465 0.035522 0.0344218 0.0349941 0.0371589 0.0410154 0.0466978 0.0541783 0.0630777 0.0726282 0.0819737 0.0908112 0.0999865 0.111499 0.127753 0.15028 0.178156 0.206601 0.227764 0.235638 0.231058 0.220071 0.208858 0.201767 0.201707 0.210001 0.225243 0.242219 0.252709 0.249724 0.232706 0.207839 0.183402 0.165958 0.159741 0.16775 0.193077 0.240122 0.315635 0.428294 0.57951 0.718005 0.707795 0.585295 0.461719 0.359559 0.276674 0.210011 0.157425 0.116933 0.0864148 0.0637465 0.0470283 0.034715 0.0256273 0.0188989 0.0139046 0.0101951 0.0074446 0.00541276 0.00391949 0.00282816 0.0020348 0.00146062 0.00104649 0.000748474 0.000534354 0.000380674 0.000270486 0.000191588 0.0001352 9.50054e-05 6.64503e-05 4.62463e-05 3.20177e-05 2.20487e-05 1.51021e-05 1.02889e-05 6.97303e-06 4.70172e-06 3.15464e-06 2.10663e-06 
1.12943e-06 1.73966e-06 2.68167e-06 4.13604e-06 6.38082e-06 9.84313e-06 1.5177e-05 2.33798e-05 3.59658e-05 5.52205e-05 8.45712e-05 0.000129118 0.000196382 0.00029734 0.000447815 0.000670299 0.000996224 0.00146867 0.00214532 0.00310128 0.0044312 0.00624959 0.00868847 0.0118912 0.0160026 0.0211582 0.0274777 0.0350773 0.0441199 0.0549313 0.0682091 0.0853034 0.108435 0.140499 0.183798 0.236787 0.288904 0.31953 0.312916 0.275839 0.228326 0.18668 0.160047 0.153432 0.170838 0.217304 0.299203 0.42 0.562046 0.654435 0.648037 0.615097 0.603315 0.582841 0.504445 0.392127 0.295044 0.229501 0.192615 0.17716 0.176787 0.187597 0.208767 0.24232 0.290476 0.347806 0.388681 0.376172 0.312821 0.236729 0.172489 0.125832 0.0949768 0.0766133 0.0676625 0.0655358 0.0681058 0.0737868 0.08176 0.0921378 0.105822 0.124006 0.147536 0.176591 0.211274 0.253138 0.305674 0.370307 0.436191 0.472384 0.451949 0.389953 0.319878 0.260981 0.218577 0.19131 0.175236 0.166009 0.160514 0.15795 0.159889 0.169489 0.190471 0.225628 0.273572 0.323092 0.352387 0.34879 0.328387 0.318638 0.338671 0.398232 0.494445 0.584492 0.577429 0.486618 0.398187 0.339801 0.306289 0.286043 0.268344 0.245486 0.215371 0.182247 0.152617 0.130648 0.116971 0.109783 0.106418 0.104662 0.103543 0.103385 0.105306 0.11066 0.120682 0.136281 0.157925 0.185849 0.220968 0.266496 0.329812 0.423804 0.564304 0.734386 0.723694 0.522537 0.353323 0.23983 0.167455 0.122814 0.0971063 0.0853052 0.0851364 0.0962938 0.119722 0.156443 0.205003 0.257043 0.295177 0.304683 0.290989 0.270904 0.252582 0.232937 0.207111 0.176394 0.147121 0.125207 0.113552 0.112453 0.120602 0.135725 0.155299 0.178141 0.206851 0.249709 0.320755 0.438576 0.624354 0.898892 1.23988 0.90138 0.605855 0.40381 0.2705 0.184195 0.128504 0.0922867 0.0684925 0.0528842 0.042984 0.0373183 0.0349252 0.0350545 0.0369925 0.0399791 0.043214 0.0459525 0.0476588 0.048145 0.0476208 0.0466296 0.0459215 0.046344 0.0488173 0.0544095 0.0644818 0.0808243 0.105627 0.14098 0.187441 0.241627 0.295411 0.342378 0.387212 0.436956 0.472423 0.449217 0.374125 0.300439 0.257859 0.251921 0.279155 0.33225 0.402747 0.487797 0.591966 0.703579 0.751843 0.673278 0.539136 0.421695 0.340535 0.293902 0.274341 0.272194 0.275316 0.270595 0.250239 0.217038 0.180431 0.148649 0.125414 0.110799 0.103022 0.0998743 0.099569 0.10092 0.102877 0.103938 0.102192 0.096249 0.0862279 0.0737559 0.0609989 0.0497132 0.0409219 0.0350805 0.0323991 0.0331339 0.0378197 0.0474783 0.0638342 0.0895105 0.128 0.182686 0.252896 0.323716 0.357387 0.327418 0.261557 0.198162 0.152781 0.126918 0.11797 0.122804 0.13825 0.16068 0.185741 0.208796 0.225844 0.234009 0.23145 0.217786 0.195127 0.167984 0.141553 0.119882 0.105124 0.0977446 0.0970506 0.101609 0.109446 0.118151 0.125162 0.128395 0.127009 0.121756 0.114609 0.107989 0.104147 0.104933 0.111762 0.125601 0.146995 0.176278 0.213762 0.2592 0.309744 0.356607 0.38292 0.370956 0.321175 0.254483 0.191186 0.140345 0.103034 0.0771561 0.0600172 0.0492688 0.0431173 0.0402683 0.0398061 0.0410904 0.0437156 0.0475679 0.0529948 0.0610706 0.0739331 0.0952117 0.130618 0.188711 0.281316 0.420056 0.587812 0.639128 0.515003 0.390673 0.312556 0.270557 0.249008 0.235221 0.221474 0.205903 0.191571 0.183662 0.186823 0.203796 0.23411 0.270902 0.297337 0.293781 0.259245 0.213225 0.17417 0.150324 0.143281 0.151893 0.173359 0.202345 0.230162 0.247242 0.249094 0.238607 0.221251 0.200466 0.177593 0.153645 0.130167 0.108951 0.0914488 0.0785231 0.070584 0.0679044 0.0708943 0.0801617 0.096185 0.118404 0.143797 0.166092 0.178163 0.177705 0.16958 0.161144 0.156971 0.157733 0.161649 0.166252 0.169671 0.171329 0.171906 0.17253 0.173849 0.175783 0.177688 0.178222 0.175435 0.168258 0.158308 0.149568 0.146291 0.151501 0.166727 0.192085 0.225991 0.264498 0.300635 0.324713 0.327205 0.304401 0.262038 0.211721 0.163879 0.124163 0.0939831 0.072406 0.0576877 0.0480909 0.0421925 0.0389311 0.0375689 0.0376432 0.0389265 0.0413747 0.0450468 0.0499989 0.0561949 0.0635037 0.0718405 0.0814219 0.0929813 0.107756 0.127129 0.15185 0.180737 0.209327 0.230439 0.238495 0.233943 0.221794 0.207272 0.194314 0.185882 0.18358 0.186751 0.192204 0.195267 0.192166 0.18233 0.168674 0.155847 0.148338 0.149688 0.162588 0.189221 0.231522 0.291135 0.367789 0.452024 0.511078 0.502889 0.437091 0.356441 0.283682 0.223692 0.175642 0.137617 0.107688 0.0841459 0.0655863 0.0509169 0.0393106 0.0301386 0.0229169 0.0172675 0.0128888 0.00953349 0.00699437 0.00509643 0.00369336 0.00266557 0.00191788 0.00137659 0.000985927 0.000704531 0.000502118 0.00035672 0.000252468 0.000177906 0.000124756 8.70267e-05 6.03736e-05 4.16465e-05 2.85645e-05 1.94808e-05 1.32121e-05 8.91222e-06 5.98053e-06 3.99328e-06 2.65376e-06 
1.32744e-06 2.03897e-06 3.13585e-06 4.82813e-06 7.44011e-06 1.14716e-05 1.76907e-05 2.72743e-05 4.20175e-05 6.46445e-05 9.92631e-05 0.000152022 0.000232042 0.000352715 0.000533453 0.000801986 0.00119722 0.00177261 0.00259962 0.00377085 0.0054014 0.00762699 0.0105966 0.0144575 0.0193334 0.0252968 0.0323499 0.0404286 0.0494594 0.0594892 0.0708916 0.0846008 0.102225 0.12574 0.156338 0.192065 0.225081 0.242629 0.236197 0.210325 0.177855 0.15035 0.135228 0.137566 0.162617 0.217954 0.315081 0.468768 0.680118 0.827144 0.756836 0.6855 0.683913 0.6867 0.588902 0.440046 0.32034 0.244169 0.203628 0.188377 0.1895 0.200042 0.215636 0.234905 0.257597 0.279837 0.290589 0.277864 0.242227 0.196645 0.153675 0.119581 0.0959658 0.0822186 0.076758 0.0774492 0.0818166 0.0874926 0.0929929 0.0983588 0.105071 0.115288 0.131105 0.154451 0.187783 0.235135 0.302122 0.392006 0.492386 0.553803 0.524098 0.435917 0.34614 0.277704 0.233417 0.208887 0.197095 0.19068 0.184388 0.176976 0.170851 0.169902 0.177456 0.1949 0.220232 0.246833 0.265528 0.272062 0.272571 0.279048 0.301576 0.343858 0.39816 0.438216 0.431964 0.383075 0.32395 0.275336 0.240943 0.216928 0.197948 0.179912 0.161444 0.143962 0.130084 0.121609 0.118464 0.118822 0.120071 0.120233 0.119106 0.118327 0.120478 0.128082 0.142951 0.165704 0.195299 0.229071 0.264194 0.300587 0.343016 0.399166 0.470143 0.527661 0.508654 0.412271 0.304587 0.219226 0.159428 0.12029 0.0969769 0.0865757 0.0882409 0.103046 0.133778 0.184187 0.256 0.339915 0.40163 0.401401 0.35477 0.303843 0.264653 0.232957 0.201494 0.168904 0.139022 0.11612 0.102334 0.0977393 0.101192 0.111031 0.125789 0.145303 0.172149 0.212733 0.277401 0.379479 0.532395 0.736681 0.885824 0.73931 0.522923 0.358125 0.245003 0.169945 0.120604 0.0879906 0.0662031 0.0516217 0.0421131 0.0364064 0.0336729 0.0332698 0.0345946 0.0370184 0.0398854 0.0425778 0.0446234 0.0458028 0.0462013 0.0461825 0.0463034 0.0472259 0.0496754 0.0544647 0.0625666 0.0751715 0.093627 0.119118 0.152016 0.191291 0.235272 0.284801 0.345215 0.417861 0.47495 0.458793 0.377286 0.29501 0.243717 0.227377 0.241702 0.281048 0.341408 0.42376 0.532653 0.655731 0.714513 0.632855 0.498734 0.387821 0.31476 0.275567 0.262454 0.26596 0.273888 0.272433 0.253097 0.218985 0.180421 0.146149 0.120043 0.102313 0.0914491 0.0855357 0.0829172 0.0823294 0.0826583 0.0826553 0.0809948 0.0767556 0.0699193 0.0613831 0.052477 0.0444239 0.0380772 0.0339414 0.0323259 0.0335205 0.0379494 0.0463025 0.0596346 0.0793678 0.106992 0.142986 0.18426 0.220635 0.236081 0.22208 0.188354 0.151897 0.123704 0.10758 0.103565 0.110256 0.125569 0.146778 0.170558 0.193397 0.212121 0.223991 0.226541 0.218182 0.199713 0.175009 0.149582 0.128207 0.113521 0.106005 0.104641 0.107624 0.112877 0.118321 0.122058 0.122713 0.119929 0.114652 0.108883 0.105077 0.105633 0.112649 0.127765 0.151939 0.185315 0.227719 0.279723 0.342477 0.414031 0.482819 0.522279 0.499901 0.417561 0.316364 0.227977 0.161508 0.115091 0.0841205 0.0643144 0.052443 0.0462727 0.0442968 0.0454518 0.0488947 0.0539015 0.0599533 0.067031 0.0760484 0.0893067 0.11096 0.147681 0.209813 0.313211 0.480879 0.730764 0.827011 0.60138 0.44074 0.350543 0.30243 0.274475 0.253165 0.232904 0.214082 0.200462 0.197018 0.208831 0.240772 0.296348 0.371347 0.436321 0.434551 0.361475 0.274171 0.206894 0.165824 0.147945 0.148805 0.163726 0.186718 0.209615 0.224058 0.22613 0.218009 0.204095 0.187171 0.168217 0.147936 0.127645 0.109076 0.0937956 0.0828762 0.0769888 0.0767577 0.0831477 0.0976643 0.122064 0.157031 0.199172 0.237364 0.255496 0.247633 0.225913 0.206408 0.197079 0.198171 0.206167 0.216518 0.225271 0.230507 0.232898 0.234035 0.234024 0.231584 0.226039 0.217511 0.205503 0.189636 0.172042 0.157379 0.150392 0.154132 0.169694 0.19643 0.231914 0.271691 0.30897 0.334433 0.337885 0.314324 0.269787 0.217499 0.168783 0.129113 0.0993702 0.0782293 0.0637835 0.0542993 0.0484205 0.0451302 0.0436656 0.0434711 0.0441972 0.045709 0.0480682 0.0514765 0.0562072 0.0625634 0.0708762 0.0815206 0.0949033 0.111407 0.131286 0.15439 0.179451 0.203176 0.220552 0.227637 0.224352 0.213643 0.198967 0.18355 0.170449 0.161773 0.157771 0.15678 0.156133 0.153606 0.148632 0.142602 0.138229 0.138637 0.1467 0.164637 0.193549 0.232719 0.278956 0.326352 0.36559 0.383161 0.368546 0.327226 0.276004 0.227762 0.187382 0.155006 0.129037 0.107648 0.0894476 0.0736339 0.0598508 0.0479495 0.0378284 0.0293751 0.022456 0.0169151 0.0125758 0.00924852 0.00674404 0.00488718 0.00352608 0.00253623 0.00181994 0.00130308 0.000930714 0.000662768 0.000470235 0.000332187 0.000233507 0.000163252 0.000113477 7.84092e-05 5.38519e-05 3.67642e-05 2.49511e-05 1.68373e-05 1.12999e-05 7.54393e-06 5.01145e-06 3.31353e-06 
1.5632e-06 2.39164e-06 3.66538e-06 5.62677e-06 8.6507e-06 1.33166e-05 2.05183e-05 3.16311e-05 4.87638e-05 7.51345e-05 0.000115627 0.000177598 0.000272043 0.000415219 0.000630874 0.000953175 0.0014304 0.00212921 0.00313914 0.00457609 0.00658318 0.00932593 0.0129781 0.0176946 0.0235703 0.03059 0.0385876 0.0472462 0.056177 0.0650977 0.074074 0.0837231 0.0952183 0.109905 0.128361 0.148964 0.166842 0.175228 0.170122 0.154075 0.134334 0.118435 0.112232 0.120602 0.149083 0.205595 0.30181 0.452143 0.655989 0.796078 0.73428 0.667783 0.665211 0.665117 0.573972 0.434433 0.320635 0.248771 0.212706 0.20264 0.208658 0.221167 0.23254 0.239585 0.243068 0.24356 0.238435 0.223902 0.19961 0.169782 0.140228 0.115609 0.0986474 0.0903272 0.0901408 0.0961234 0.104897 0.112411 0.115779 0.115081 0.11327 0.114351 0.121882 0.138865 0.168641 0.215875 0.286456 0.383768 0.495052 0.565854 0.535738 0.443176 0.351857 0.285702 0.247135 0.230724 0.227222 0.225911 0.218794 0.204635 0.188109 0.175233 0.170063 0.173843 0.185092 0.200062 0.214375 0.225915 0.236625 0.251067 0.273017 0.302174 0.331619 0.348039 0.339793 0.308605 0.267539 0.228557 0.196912 0.172843 0.154533 0.140141 0.128881 0.121167 0.117934 0.119597 0.125234 0.132411 0.137988 0.139851 0.138501 0.137082 0.139954 0.151214 0.173761 0.208376 0.252271 0.297991 0.335476 0.358817 0.371822 0.383837 0.397961 0.402075 0.376809 0.321421 0.255883 0.197285 0.151723 0.119289 0.0987107 0.0893531 0.0919039 0.108733 0.144254 0.204979 0.297465 0.417094 0.512714 0.495782 0.404234 0.319641 0.260404 0.218336 0.183628 0.152178 0.124821 0.103747 0.0902118 0.0841782 0.0847927 0.0909444 0.101838 0.1177 0.140533 0.174573 0.225959 0.300982 0.400909 0.507577 0.560927 0.507396 0.396177 0.289913 0.208294 0.15046 0.110618 0.0832237 0.0642295 0.0510386 0.0420885 0.0364331 0.0334385 0.0325974 0.0334287 0.0354328 0.0380896 0.0408945 0.0434252 0.045416 0.0468112 0.047776 0.0486629 0.0499539 0.0522083 0.0560409 0.062136 0.0712677 0.0842749 0.101942 0.124825 0.153294 0.188188 0.231868 0.287378 0.351082 0.397701 0.387799 0.326794 0.259609 0.213578 0.194671 0.200796 0.228547 0.275976 0.343636 0.431044 0.521451 0.561182 0.510391 0.416997 0.334281 0.278965 0.250609 0.243663 0.250172 0.259386 0.259142 0.242003 0.210655 0.174258 0.140855 0.114301 0.0951736 0.0824471 0.074629 0.0703183 0.068343 0.0676609 0.0672323 0.0660609 0.063433 0.0591719 0.0536793 0.0477286 0.0421763 0.0377568 0.0350123 0.0343205 0.0359707 0.040249 0.0475083 0.0581927 0.0727647 0.09142 0.113417 0.135995 0.153674 0.159985 0.152252 0.13452 0.114433 0.0983717 0.0896983 0.0894324 0.0972569 0.11206 0.132129 0.155333 0.179397 0.201994 0.220311 0.230527 0.22873 0.213861 0.189881 0.163908 0.142251 0.128129 0.121685 0.12102 0.123402 0.12632 0.128033 0.127539 0.124417 0.118969 0.112473 0.107102 0.105515 0.110485 0.124672 0.150322 0.188574 0.238652 0.298429 0.367703 0.450089 0.545215 0.633783 0.674728 0.628083 0.506738 0.372055 0.261784 0.182325 0.128438 0.093269 0.0712682 0.0585888 0.0527626 0.0522301 0.055879 0.0626541 0.0713317 0.0806199 0.08969 0.0989545 0.110679 0.129232 0.161253 0.21607 0.305867 0.441846 0.605664 0.660877 0.554395 0.446998 0.382875 0.348146 0.32309 0.296063 0.26617 0.238754 0.220272 0.216468 0.232996 0.276994 0.358325 0.486043 0.634206 0.639199 0.479939 0.332818 0.234713 0.177223 0.149225 0.142315 0.150025 0.166157 0.18387 0.196831 0.201849 0.199614 0.192247 0.180963 0.166156 0.148654 0.130247 0.113179 0.0993763 0.090098 0.0861116 0.0881936 0.097728 0.117185 0.150119 0.199817 0.264646 0.32826 0.356965 0.335844 0.293791 0.261787 0.250157 0.256585 0.27441 0.295892 0.31341 0.322557 0.325415 0.326332 0.32394 0.312277 0.290134 0.262738 0.234539 0.206927 0.181746 0.162837 0.154274 0.158658 0.176703 0.207178 0.246648 0.289359 0.327641 0.352247 0.353314 0.326105 0.277911 0.223517 0.174548 0.135763 0.1072 0.0870058 0.0731193 0.0639022 0.0581763 0.0550429 0.0537276 0.0535477 0.0539923 0.0548361 0.0561968 0.0585001 0.0623817 0.0685709 0.0777534 0.0903673 0.106325 0.124806 0.144398 0.163637 0.181349 0.196192 0.206224 0.20972 0.206386 0.19724 0.183915 0.168678 0.154316 0.143146 0.136061 0.132428 0.130753 0.129633 0.128541 0.128154 0.130209 0.137073 0.151236 0.174678 0.207813 0.247832 0.287352 0.316208 0.327041 0.318542 0.293959 0.259858 0.224194 0.192832 0.167942 0.148768 0.133134 0.118827 0.104529 0.090018 0.0757335 0.0622451 0.049993 0.0392561 0.0301742 0.022756 0.0168913 0.0123845 0.00900002 0.00650162 0.00467905 0.00335914 0.00240697 0.00172124 0.00122774 0.000872833 0.000617955 0.000435363 0.000305033 0.000212446 0.000147042 0.000101127 6.91103e-05 4.69368e-05 3.16858e-05 2.12669e-05 1.41956e-05 9.42626e-06 6.2287e-06 4.09693e-06 
1.84881e-06 2.81414e-06 4.29219e-06 6.56041e-06 1.00484e-05 1.54215e-05 2.37095e-05 3.65033e-05 5.62547e-05 8.67278e-05 0.000133673 0.00020582 0.00031632 0.000484791 0.000740159 0.00112445 0.00169764 0.00254335 0.00377488 0.00553986 0.00802099 0.0114279 0.0159743 0.0218337 0.0290706 0.0375565 0.0468984 0.0564346 0.065362 0.0730139 0.0792004 0.0844166 0.0897362 0.0963382 0.104751 0.114064 0.121669 0.124283 0.12015 0.110654 0.0997078 0.0919471 0.0916603 0.102959 0.130587 0.180681 0.260485 0.374042 0.505293 0.591934 0.592915 0.569817 0.562847 0.545655 0.47926 0.382443 0.297352 0.242066 0.216951 0.215858 0.229518 0.246246 0.255245 0.252421 0.24133 0.227233 0.212211 0.195386 0.175642 0.153623 0.131899 0.113939 0.102906 0.100845 0.108171 0.123006 0.140392 0.152864 0.154365 0.145163 0.131554 0.120916 0.11845 0.127389 0.15051 0.191221 0.253109 0.336068 0.425646 0.480968 0.464533 0.398842 0.329229 0.279347 0.254893 0.252212 0.261247 0.267828 0.260513 0.238537 0.210353 0.18528 0.168746 0.162282 0.164845 0.173966 0.186878 0.201755 0.218433 0.237876 0.260374 0.283486 0.301311 0.306517 0.294788 0.268261 0.234078 0.199709 0.169857 0.146262 0.12888 0.117115 0.110611 0.109449 0.113803 0.123253 0.136085 0.149067 0.158343 0.161572 0.159957 0.1582 0.162592 0.179238 0.213062 0.266414 0.335693 0.4065 0.4544 0.461524 0.435375 0.399076 0.367442 0.339694 0.307985 0.268925 0.226358 0.185892 0.151028 0.123374 0.103945 0.093963 0.0953239 0.111088 0.146093 0.207296 0.302094 0.427221 0.528847 0.505193 0.40054 0.305716 0.239439 0.193885 0.159598 0.131451 0.108274 0.0905795 0.0788311 0.0728996 0.0722059 0.076067 0.0840771 0.0965044 0.114624 0.140767 0.17774 0.227084 0.28533 0.33835 0.361264 0.338749 0.284803 0.224504 0.172443 0.132242 0.102484 0.0805884 0.0643817 0.0524236 0.0438458 0.0381043 0.0347947 0.0335546 0.0340208 0.0358132 0.0385308 0.0417583 0.0450859 0.0481494 0.0506893 0.0526182 0.0540682 0.0553831 0.057051 0.0596168 0.0636248 0.0696118 0.0781256 0.0897381 0.105069 0.124902 0.150423 0.183159 0.223363 0.265394 0.292825 0.287159 0.251323 0.207731 0.174631 0.15898 0.161303 0.180173 0.214305 0.26255 0.320673 0.374183 0.396542 0.373143 0.322886 0.273455 0.239103 0.222581 0.221044 0.228563 0.236745 0.236464 0.222324 0.196152 0.164703 0.134506 0.109243 0.0899996 0.0763797 0.0674132 0.0620437 0.0592964 0.0582649 0.0580555 0.0578056 0.0568096 0.0546855 0.0514751 0.0476107 0.0437676 0.0406731 0.0389517 0.0390478 0.0412272 0.0456195 0.0522596 0.0610899 0.0718979 0.0841673 0.096837 0.108051 0.115246 0.116102 0.110141 0.0995154 0.0879606 0.0790076 0.0749813 0.0769728 0.0851848 0.0992317 0.118339 0.14153 0.167734 0.195491 0.221907 0.241445 0.246961 0.23495 0.21021 0.182839 0.161413 0.149712 0.147052 0.149747 0.153042 0.153341 0.149531 0.142389 0.133217 0.123315 0.11431 0.108447 0.108546 0.117852 0.139941 0.17832 0.235042 0.308044 0.390141 0.476922 0.577814 0.701227 0.809016 0.818629 0.717379 0.560157 0.406473 0.285497 0.19962 0.141773 0.104164 0.0808111 0.0677865 0.0627755 0.0644772 0.0719697 0.0840667 0.098801 0.113439 0.125468 0.134252 0.142052 0.153658 0.175412 0.214381 0.276728 0.361842 0.447553 0.486046 0.466344 0.435127 0.421032 0.417145 0.402512 0.367078 0.32012 0.276792 0.247556 0.238305 0.253808 0.300989 0.391924 0.545226 0.763567 0.777769 0.537663 0.357809 0.245355 0.179811 0.145829 0.133236 0.134965 0.145298 0.158995 0.171659 0.180739 0.1855 0.185642 0.18041 0.16939 0.153752 0.136233 0.119956 0.107327 0.099703 0.0977116 0.101945 0.113813 0.136381 0.174783 0.235259 0.319959 0.410893 0.452744 0.416026 0.355479 0.317797 0.312437 0.333033 0.369544 0.411098 0.443676 0.456098 0.455613 0.457509 0.456999 0.431278 0.376769 0.314868 0.261074 0.218186 0.185603 0.164321 0.156497 0.163923 0.18716 0.224711 0.271706 0.31914 0.355893 0.372778 0.364238 0.330121 0.279343 0.225797 0.179507 0.143851 0.117955 0.099548 0.0866092 0.0778407 0.0724591 0.0697974 0.0690497 0.0692836 0.069688 0.0698905 0.0701363 0.0712342 0.0743617 0.080849 0.0919247 0.108276 0.129322 0.152476 0.173377 0.188032 0.195426 0.197405 0.196095 0.192331 0.185981 0.176712 0.164644 0.150922 0.137607 0.12676 0.119521 0.115886 0.115091 0.116235 0.118853 0.123274 0.130703 0.143073 0.162688 0.191544 0.229938 0.273875 0.312394 0.33054 0.321579 0.293144 0.257568 0.223539 0.195711 0.175933 0.16371 0.156535 0.150723 0.142907 0.13152 0.11701 0.100793 0.0842204 0.0683095 0.0538247 0.0413002 0.0309855 0.022844 0.0166334 0.0120142 0.00863736 0.0061943 0.00443603 0.00317282 0.00226525 0.00161291 0.00114416 0.000807815 0.000567205 0.000395832 0.000274449 0.000189022 0.000129319 8.78933e-05 5.93589e-05 3.98445e-05 2.65912e-05 1.76497e-05 1.16551e-05 7.65978e-06 5.01167e-06 
2.2018e-06 3.33069e-06 5.0491e-06 7.67247e-06 1.1689e-05 1.78555e-05 2.73456e-05 4.19794e-05 6.45751e-05 9.94854e-05 0.000153407 0.000236588 0.000364609 0.000560947 0.000860605 0.00131506 0.00199871 0.00301678 0.0045138 0.00668081 0.00975702 0.0140189 0.019746 0.0271527 0.0362785 0.0468506 0.0581666 0.0690914 0.0782715 0.0845897 0.0876832 0.0881839 0.0874557 0.0869481 0.0874984 0.0888872 0.0898865 0.0889468 0.0852795 0.0795991 0.0739858 0.0711963 0.0741557 0.0859335 0.109985 0.150145 0.209502 0.286574 0.368197 0.428813 0.454627 0.459312 0.454735 0.433106 0.385167 0.321813 0.264677 0.227759 0.214776 0.222835 0.243888 0.264971 0.272721 0.262664 0.241354 0.217792 0.196623 0.177999 0.160239 0.142397 0.125575 0.112676 0.107229 0.112262 0.129407 0.157405 0.189444 0.211895 0.211633 0.189408 0.158862 0.133096 0.118762 0.118191 0.132405 0.162473 0.208874 0.268337 0.328229 0.365059 0.361482 0.32723 0.287213 0.260191 0.253984 0.267326 0.290378 0.306201 0.299963 0.271402 0.232927 0.1973 0.171502 0.157515 0.15455 0.160617 0.173433 0.191066 0.212344 0.236615 0.26238 0.285547 0.299622 0.299008 0.282594 0.254099 0.219692 0.185332 0.155188 0.131376 0.114536 0.104633 0.101552 0.10526 0.115535 0.131341 0.150152 0.167843 0.179889 0.183927 0.181964 0.18013 0.186531 0.209568 0.257363 0.336436 0.446092 0.564918 0.64009 0.624306 0.539849 0.44502 0.370821 0.319465 0.282446 0.251463 0.221822 0.191998 0.162642 0.135861 0.114425 0.101099 0.0985343 0.109678 0.138308 0.188969 0.264399 0.355494 0.421192 0.408108 0.337096 0.262682 0.205538 0.164694 0.134604 0.111232 0.0928586 0.0791017 0.0698961 0.065028 0.0641164 0.066782 0.0728498 0.0825224 0.0964576 0.115638 0.140856 0.17162 0.204442 0.231541 0.242954 0.233651 0.208406 0.177061 0.147118 0.121563 0.100496 0.0831286 0.0688286 0.0573123 0.0484744 0.0422113 0.0383501 0.0366568 0.0368679 0.038711 0.0418956 0.0460758 0.050803 0.0555083 0.0595731 0.0625067 0.0641607 0.0648247 0.0651154 0.0657401 0.0673052 0.0702647 0.0749826 0.0818359 0.0913062 0.104042 0.120817 0.142119 0.166909 0.190588 0.20446 0.200906 0.181506 0.156402 0.135807 0.125288 0.126484 0.139111 0.16215 0.193683 0.22923 0.259693 0.273367 0.265153 0.242574 0.218509 0.201943 0.195915 0.199131 0.207423 0.214712 0.214687 0.203685 0.182729 0.156384 0.129703 0.106147 0.0872614 0.073255 0.0636589 0.0577687 0.0548385 0.0541118 0.0547836 0.0559855 0.0568555 0.0567108 0.0552621 0.052743 0.0498424 0.0474559 0.0463955 0.0472001 0.0500853 0.0549839 0.0616065 0.0694687 0.0778759 0.0859113 0.0924889 0.0965022 0.0970604 0.0938265 0.0873668 0.0792087 0.071415 0.0659463 0.0642437 0.0671571 0.0750717 0.0880753 0.106119 0.12915 0.157085 0.18923 0.222765 0.250772 0.263054 0.253707 0.228757 0.201692 0.183482 0.178518 0.185064 0.196444 0.203608 0.20036 0.187194 0.168952 0.150126 0.133294 0.120138 0.112616 0.113453 0.126296 0.155822 0.207482 0.285636 0.38789 0.497517 0.59631 0.703981 0.861919 1.027 0.965646 0.768321 0.577716 0.419092 0.298834 0.213546 0.155564 0.117387 0.0934568 0.0803826 0.0765067 0.081251 0.0943305 0.114742 0.139585 0.163527 0.180545 0.187925 0.188586 0.189074 0.196358 0.216114 0.251339 0.299411 0.348924 0.385127 0.407912 0.434734 0.477195 0.519396 0.520532 0.465756 0.38852 0.321192 0.276738 0.258427 0.267593 0.30713 0.382513 0.497024 0.619123 0.616154 0.473645 0.332624 0.233629 0.172075 0.137917 0.122905 0.120975 0.127519 0.138829 0.152021 0.165051 0.176184 0.183137 0.183237 0.175186 0.160614 0.143444 0.127824 0.116629 0.111173 0.111668 0.118055 0.131105 0.153616 0.19109 0.250716 0.335905 0.429473 0.474421 0.440269 0.386285 0.362007 0.376953 0.422705 0.48723 0.560187 0.61897 0.630701 0.615755 0.624016 0.647218 0.605667 0.488488 0.37086 0.283285 0.223317 0.184062 0.161998 0.156704 0.169166 0.200384 0.249544 0.31053 0.368041 0.401508 0.400972 0.372433 0.326474 0.273686 0.224076 0.183772 0.15388 0.132402 0.116715 0.105091 0.0969346 0.0921776 0.090534 0.0910871 0.0923824 0.0929961 0.0922746 0.090733 0.0898792 0.0917662 0.0986495 0.112718 0.135497 0.166433 0.200643 0.228012 0.238358 0.230733 0.213589 0.19558 0.180399 0.167858 0.156363 0.144643 0.132623 0.121381 0.112397 0.106751 0.104778 0.106193 0.110452 0.117162 0.126407 0.13894 0.156212 0.1802 0.212817 0.2544 0.300558 0.338268 0.34898 0.326075 0.283567 0.239761 0.204897 0.182295 0.171827 0.171282 0.176394 0.181265 0.18048 0.171863 0.156743 0.137616 0.116492 0.0949924 0.0746863 0.05687 0.0422273 0.0308029 0.0222206 0.015934 0.0113972 0.00814652 0.00582178 0.00415748 0.00296363 0.00210607 0.00149013 0.00104862 0.000733346 0.000509418 0.0003514 0.000240695 0.000163725 0.000110623 7.42646e-05 4.95537e-05 3.28767e-05 2.1696e-05 1.42466e-05 9.31192e-06 6.06057e-06 
2.6472e-06 3.97651e-06 5.98476e-06 9.02872e-06 1.36591e-05 2.07285e-05 3.15606e-05 4.82125e-05 7.38828e-05 0.000113539 0.000174877 0.000269775 0.000416464 0.000642725 0.000990491 0.0015223 0.00233 0.00354571 0.00535452 0.00800626 0.0118208 0.0171762 0.024462 0.0339761 0.0457503 0.0593219 0.073539 0.0865727 0.0963094 0.101117 0.100621 0.0959394 0.0891287 0.0822336 0.076537 0.0723055 0.0690009 0.0658098 0.0622626 0.0586402 0.055993 0.055897 0.0602238 0.0710637 0.0907026 0.121352 0.164183 0.217342 0.273881 0.32328 0.358146 0.376868 0.377766 0.357806 0.319369 0.273403 0.233658 0.209759 0.205334 0.218764 0.242999 0.265235 0.271726 0.258216 0.232514 0.205039 0.181435 0.162342 0.146026 0.131063 0.118002 0.1095 0.109375 0.121614 0.149473 0.193431 0.245895 0.284524 0.282442 0.24146 0.18922 0.146463 0.119976 0.10991 0.114904 0.13367 0.164429 0.202943 0.240403 0.264728 0.268388 0.255819 0.240016 0.23362 0.243838 0.270552 0.304557 0.328089 0.324742 0.293956 0.24984 0.207446 0.175341 0.156215 0.14958 0.15369 0.166492 0.18609 0.211086 0.240366 0.271561 0.298854 0.313584 0.309634 0.287926 0.254542 0.216526 0.179684 0.147937 0.123383 0.106818 0.0984049 0.0981634 0.106076 0.12173 0.143569 0.168105 0.190006 0.203954 0.207837 0.204778 0.202258 0.209828 0.23796 0.29845 0.404395 0.564685 0.759364 0.887843 0.832064 0.661666 0.501103 0.390167 0.323627 0.286352 0.2637 0.243951 0.21996 0.190524 0.159259 0.13141 0.111378 0.102156 0.105891 0.12447 0.159216 0.208498 0.262132 0.297085 0.292141 0.254299 0.207539 0.166858 0.13559 0.112158 0.0944106 0.0809971 0.0712819 0.0649355 0.0616848 0.0612822 0.063579 0.0685922 0.0765057 0.0875771 0.10194 0.119297 0.1385 0.157139 0.171575 0.17818 0.175582 0.165746 0.152301 0.137944 0.123514 0.108868 0.0941014 0.0799394 0.0673592 0.0571147 0.0495538 0.0446921 0.0423728 0.0424009 0.0446086 0.0488368 0.0548282 0.0620546 0.0695703 0.0760665 0.0802721 0.08157 0.0803562 0.0777918 0.0751773 0.0734666 0.0731574 0.0744493 0.0774618 0.082386 0.0895207 0.0991512 0.111182 0.124464 0.136138 0.14206 0.139233 0.128587 0.114752 0.103028 0.0970251 0.0982982 0.106971 0.122243 0.142339 0.163975 0.182179 0.1919 0.191419 0.18408 0.175893 0.171808 0.173917 0.181479 0.191514 0.199568 0.201015 0.19299 0.17588 0.152961 0.128489 0.105899 0.0871217 0.0728129 0.0628761 0.0568867 0.0543067 0.0545245 0.0567899 0.0601306 0.0633697 0.0653547 0.0653845 0.06358 0.0608757 0.0585924 0.0578971 0.0594609 0.0633865 0.0693051 0.0765213 0.0841225 0.0910362 0.0961095 0.0983243 0.0971325 0.0926877 0.085792 0.0776482 0.0696017 0.0629362 0.0587244 0.0577637 0.0606046 0.0676377 0.0792013 0.0956885 0.117608 0.145436 0.178903 0.215312 0.247326 0.263721 0.257824 0.236384 0.21464 0.205256 0.213892 0.238701 0.26889 0.286031 0.276936 0.246769 0.210121 0.176773 0.150043 0.130733 0.119887 0.119769 0.134122 0.168412 0.229858 0.325738 0.455514 0.592027 0.690424 0.776402 0.924112 1.11179 1.00084 0.761998 0.567823 0.418194 0.306848 0.227265 0.172058 0.134608 0.110331 0.0969295 0.0939541 0.102125 0.122479 0.154977 0.19607 0.23619 0.261897 0.266121 0.254684 0.239122 0.228634 0.228735 0.241718 0.266346 0.298425 0.334878 0.380013 0.446027 0.541985 0.645551 0.667932 0.573191 0.452976 0.359399 0.300438 0.273211 0.274098 0.300472 0.349289 0.411218 0.45774 0.444377 0.369651 0.280192 0.207089 0.157082 0.127238 0.112783 0.109503 0.114151 0.124312 0.138185 0.154134 0.169873 0.181806 0.185814 0.179887 0.166118 0.149519 0.13513 0.126194 0.123895 0.127824 0.13677 0.150044 0.169168 0.198743 0.244758 0.308691 0.375881 0.411099 0.399931 0.378964 0.386042 0.432838 0.510636 0.604194 0.709974 0.805267 0.808171 0.761389 0.78071 0.876997 0.825662 0.59517 0.412853 0.294841 0.221555 0.178087 0.15671 0.154873 0.173188 0.213924 0.278769 0.362846 0.442464 0.474526 0.444462 0.384012 0.32072 0.265058 0.22079 0.188643 0.166585 0.151026 0.138839 0.128785 0.121393 0.117709 0.118009 0.121116 0.124563 0.125704 0.123343 0.118577 0.114203 0.113642 0.120428 0.138207 0.170388 0.218184 0.275336 0.321018 0.327883 0.294676 0.247174 0.205465 0.175054 0.154041 0.138817 0.126516 0.115805 0.10675 0.100175 0.0969584 0.0976113 0.102208 0.110527 0.12226 0.1372 0.155402 0.177367 0.20418 0.237161 0.276341 0.317279 0.347474 0.349785 0.319404 0.271788 0.226179 0.1932 0.17606 0.174328 0.185334 0.203655 0.220957 0.229055 0.224876 0.210651 0.18931 0.162639 0.132981 0.103748 0.0779382 0.0570212 0.0410529 0.0293193 0.0208833 0.0148787 0.0106137 0.00757713 0.00540631 0.00384884 0.00272945 0.00192544 0.00134972 0.000939546 0.000649229 0.000445287 0.000303171 0.000204948 0.000137611 9.1808e-05 6.08842e-05 4.01518e-05 2.63428e-05 1.72006e-05 1.11819e-05 7.23988e-06 
3.22028e-06 4.80207e-06 7.17022e-06 1.07273e-05 1.6091e-05 2.42144e-05 3.65739e-05 5.54662e-05 8.44709e-05 0.000129173 0.000198281 0.000305347 0.000471375 0.000728745 0.00112699 0.00174113 0.00268327 0.00411808 0.0062817 0.00950183 0.0142118 0.0209438 0.030272 0.0426653 0.0582064 0.0761906 0.0947621 0.110951 0.12147 0.124121 0.118918 0.108049 0.0947146 0.0817411 0.0708036 0.062381 0.0561453 0.0514752 0.0479009 0.0453712 0.0443119 0.0455443 0.0501808 0.0595559 0.0751454 0.0983347 0.129884 0.169109 0.213275 0.257913 0.297461 0.324526 0.330505 0.312248 0.277183 0.238367 0.207069 0.189877 0.188937 0.202442 0.22409 0.242913 0.247532 0.234527 0.210464 0.184483 0.162007 0.144107 0.129566 0.117217 0.107533 0.102962 0.107347 0.125242 0.161244 0.217888 0.288539 0.343757 0.340097 0.280799 0.209985 0.154177 0.118717 0.101379 0.0988402 0.10823 0.126707 0.150381 0.173657 0.190439 0.197519 0.197372 0.197141 0.204887 0.226031 0.260501 0.300031 0.328237 0.329289 0.301269 0.257107 0.212569 0.177533 0.155509 0.146381 0.148667 0.160605 0.180621 0.2076 0.240574 0.276822 0.309029 0.326025 0.320415 0.29461 0.256913 0.215473 0.176296 0.143219 0.118256 0.102208 0.0953478 0.0978811 0.110004 0.131412 0.160235 0.191831 0.218862 0.23437 0.236529 0.230345 0.225004 0.230974 0.25968 0.325095 0.445308 0.639991 0.904782 1.09287 0.975363 0.73056 0.530434 0.404143 0.337431 0.310263 0.30266 0.295182 0.27399 0.237604 0.194609 0.154883 0.124684 0.106728 0.10176 0.109621 0.129214 0.157174 0.185862 0.203741 0.202209 0.183399 0.157055 0.131569 0.110586 0.0945335 0.0826951 0.0742733 0.0686553 0.0653799 0.0641129 0.0647003 0.0672268 0.0719846 0.0793089 0.0892981 0.101518 0.114864 0.127738 0.138515 0.146054 0.150074 0.151302 0.15107 0.1502 0.147953 0.142298 0.13172 0.116835 0.100086 0.0841535 0.0708218 0.0608467 0.0543206 0.0510709 0.0509283 0.0538504 0.0598952 0.0690125 0.0806444 0.0932541 0.104194 0.110501 0.110557 0.105218 0.0971266 0.0890021 0.0825311 0.0782991 0.0762369 0.0760665 0.0775544 0.0805678 0.0849788 0.0904437 0.0961111 0.100471 0.10173 0.0988293 0.0924093 0.0847019 0.0784117 0.0756332 0.0774392 0.0839676 0.0945914 0.107952 0.121931 0.133923 0.141769 0.14504 0.145524 0.146269 0.149972 0.157874 0.169416 0.182329 0.19298 0.197221 0.192012 0.177132 0.155455 0.131314 0.108488 0.0892576 0.074539 0.0644319 0.058681 0.0569147 0.0586698 0.0632565 0.0695504 0.0759016 0.0804368 0.0818461 0.0801869 0.0769461 0.0742326 0.0737866 0.0764292 0.0820125 0.0896482 0.0980267 0.105707 0.111309 0.11364 0.111931 0.106185 0.0973453 0.0869773 0.0766934 0.0677516 0.0609745 0.0568585 0.055723 0.0578362 0.0635072 0.0731524 0.0873383 0.106755 0.131974 0.16272 0.196389 0.226386 0.243254 0.241904 0.228782 0.218161 0.223358 0.252688 0.30735 0.373736 0.413669 0.392785 0.331132 0.266342 0.213883 0.174829 0.147372 0.131075 0.127523 0.140163 0.174349 0.237363 0.336735 0.471854 0.611707 0.69971 0.754015 0.833978 0.904114 0.844206 0.69144 0.538613 0.412375 0.315822 0.24529 0.19467 0.158354 0.133034 0.118034 0.114676 0.125522 0.153664 0.201298 0.26579 0.332322 0.372641 0.370016 0.33927 0.302566 0.271981 0.252979 0.247931 0.256771 0.278214 0.312641 0.365428 0.44775 0.570473 0.71482 0.753737 0.625989 0.481111 0.375997 0.311402 0.279953 0.274694 0.289251 0.315923 0.343059 0.354023 0.334364 0.286528 0.228757 0.177598 0.140009 0.116302 0.104244 0.101275 0.105325 0.114936 0.129008 0.146199 0.164033 0.178359 0.184464 0.180091 0.167606 0.152573 0.140508 0.134909 0.136891 0.1454 0.157703 0.170888 0.184463 0.201878 0.228264 0.264806 0.303088 0.327956 0.336348 0.347708 0.386227 0.462673 0.566375 0.673166 0.780784 0.878311 0.874912 0.815931 0.827505 0.923848 0.861885 0.60804 0.412752 0.287676 0.21152 0.168298 0.149181 0.150848 0.174002 0.222402 0.301295 0.411 0.524056 0.559256 0.489276 0.392521 0.312694 0.255424 0.217526 0.194644 0.181603 0.172929 0.164773 0.156508 0.150167 0.148284 0.151899 0.159439 0.166716 0.168811 0.163517 0.153154 0.142833 0.137905 0.143294 0.164252 0.20701 0.277594 0.374278 0.46325 0.467952 0.385609 0.291729 0.220677 0.173645 0.143803 0.124534 0.111231 0.101415 0.0943065 0.0901783 0.0897147 0.0935752 0.102206 0.115798 0.134231 0.156914 0.182649 0.209949 0.237959 0.266934 0.296745 0.323721 0.338505 0.329995 0.296817 0.251632 0.210165 0.182069 0.170984 0.177216 0.198681 0.229801 0.260634 0.280687 0.286164 0.279231 0.260203 0.22782 0.185913 0.142788 0.105139 0.0755366 0.0536493 0.0379897 0.0269442 0.0191722 0.0136798 0.00977123 0.00697152 0.00495763 0.00350751 0.00246556 0.00172046 0.00119121 0.000818251 0.000557679 0.000377225 0.000253335 0.00016899 0.00011202 7.38243e-05 4.83919e-05 3.15648e-05 2.0496e-05 1.32536e-05 8.53793e-06 
3.96963e-06 5.8782e-06 8.70719e-06 1.29117e-05 1.91833e-05 2.85806e-05 4.27357e-05 6.41804e-05 9.68617e-05 0.000146955 0.00022414 0.000343588 0.000529041 0.000817517 0.00126642 0.00196407 0.00304496 0.00471107 0.00725987 0.0111178 0.0168724 0.0252837 0.0372347 0.0535431 0.0745303 0.099286 0.124852 0.146139 0.157637 0.156449 0.144005 0.124798 0.103789 0.0845838 0.0689575 0.0572383 0.0489433 0.0433317 0.0397725 0.0379301 0.0378099 0.0397252 0.044248 0.052172 0.0644653 0.0821567 0.106107 0.13669 0.173444 0.214512 0.255196 0.286005 0.29503 0.278263 0.245182 0.210071 0.183031 0.16864 0.167563 0.177492 0.193011 0.205911 0.208341 0.197906 0.178848 0.157635 0.13865 0.123243 0.110943 0.101163 0.094485 0.0930614 0.100348 0.120668 0.158594 0.216788 0.288755 0.344872 0.341009 0.28047 0.208046 0.150358 0.112498 0.0918774 0.0847396 0.0877981 0.0981067 0.112524 0.127533 0.139948 0.14841 0.154531 0.162569 0.177696 0.203681 0.24028 0.280587 0.310711 0.316218 0.293573 0.253402 0.210861 0.176231 0.153466 0.142769 0.142985 0.152781 0.17109 0.197249 0.230511 0.268005 0.301839 0.319977 0.31456 0.288363 0.250253 0.208651 0.169633 0.137039 0.112904 0.0981211 0.0931711 0.0986071 0.115118 0.142943 0.180389 0.22167 0.256229 0.273573 0.271908 0.259605 0.248374 0.248865 0.271616 0.329524 0.43903 0.616402 0.851815 1.00727 0.897193 0.682792 0.506347 0.397956 0.350148 0.347086 0.367207 0.380064 0.358727 0.304574 0.239871 0.182434 0.139482 0.112039 0.0987076 0.0973473 0.105335 0.119034 0.133268 0.142131 0.141726 0.132589 0.118704 0.104351 0.092167 0.0831146 0.0771747 0.0738966 0.0726586 0.0728161 0.0738855 0.075764 0.0788555 0.0839653 0.0919198 0.102973 0.116211 0.129378 0.139696 0.145536 0.147635 0.148667 0.151714 0.15871 0.169063 0.178747 0.181451 0.172835 0.154247 0.131167 0.108885 0.0903737 0.0766156 0.0675818 0.0629575 0.0625556 0.0665143 0.0752903 0.0893575 0.10846 0.130404 0.150073 0.160608 0.157865 0.144087 0.125697 0.108395 0.0949494 0.08579 0.0802409 0.0773707 0.0763591 0.0765676 0.077482 0.0786162 0.0794183 0.0792445 0.077516 0.074068 0.0694465 0.0648416 0.0616578 0.0610376 0.0635897 0.0693293 0.0777111 0.0876914 0.097867 0.10681 0.113618 0.118432 0.122517 0.127745 0.135784 0.147451 0.162338 0.17861 0.192893 0.200694 0.198079 0.184178 0.162069 0.136836 0.112903 0.0928616 0.0777288 0.0676441 0.062423 0.0618244 0.0655537 0.0730327 0.0830051 0.0932373 0.100849 0.103638 0.101628 0.0972473 0.0938357 0.0939308 0.0984699 0.10682 0.117206 0.12732 0.13497 0.138558 0.137243 0.130955 0.120493 0.107505 0.0940267 0.0818071 0.0719047 0.0647288 0.06031 0.0585812 0.0595673 0.0634747 0.0707065 0.0818281 0.0974595 0.117992 0.142963 0.17003 0.194195 0.209218 0.21257 0.209816 0.212757 0.234402 0.286461 0.377414 0.499813 0.586283 0.540507 0.428856 0.331432 0.260319 0.208919 0.171778 0.147481 0.137412 0.144572 0.17324 0.228693 0.315099 0.428131 0.54175 0.618652 0.664068 0.70621 0.730998 0.699359 0.612983 0.507214 0.409561 0.331243 0.272171 0.227236 0.191526 0.163275 0.144095 0.137649 0.148573 0.182172 0.243657 0.333737 0.434762 0.495944 0.481942 0.427304 0.36897 0.31933 0.283319 0.263851 0.261303 0.27453 0.303297 0.350759 0.423806 0.526451 0.634481 0.660302 0.569467 0.453264 0.363245 0.306244 0.277391 0.270001 0.276881 0.28941 0.297337 0.291328 0.267527 0.230228 0.18896 0.152376 0.124907 0.107296 0.0984232 0.0967339 0.100937 0.110164 0.123709 0.140408 0.15783 0.171953 0.178385 0.175161 0.164646 0.152227 0.143375 0.141725 0.148481 0.162132 0.178377 0.191677 0.19925 0.203977 0.21175 0.225737 0.243491 0.260313 0.277493 0.306151 0.360809 0.448234 0.555724 0.65424 0.735006 0.79608 0.802309 0.771332 0.758264 0.75573 0.677972 0.518886 0.369108 0.26205 0.194046 0.155687 0.140224 0.144772 0.17006 0.220102 0.30112 0.415599 0.537049 0.57103 0.48513 0.377481 0.295763 0.243126 0.213582 0.200403 0.196518 0.194954 0.191171 0.185169 0.180556 0.181461 0.189873 0.203884 0.216938 0.220401 0.210341 0.1914 0.172419 0.16105 0.163146 0.184814 0.234434 0.323544 0.462673 0.624057 0.628498 0.468364 0.325752 0.230446 0.171028 0.134788 0.112563 0.0985381 0.0894991 0.0841326 0.0823636 0.0847893 0.0922914 0.10583 0.126285 0.154084 0.188358 0.225845 0.260994 0.288926 0.308845 0.322521 0.329344 0.324662 0.30376 0.268214 0.227196 0.191679 0.169235 0.163493 0.175504 0.204105 0.244562 0.287515 0.32304 0.348096 0.362632 0.356855 0.318762 0.256713 0.191914 0.137723 0.0971297 0.0682596 0.0481431 0.0341618 0.024374 0.0174453 0.012488 0.00891476 0.00633149 0.00446623 0.00312576 0.00216928 0.00149267 0.00101851 0.000689382 0.000463069 0.000308844 0.00020463 0.000134761 8.82553e-05 5.75052e-05 3.72956e-05 2.40863e-05 1.54957e-05 9.93405e-06 
4.96086e-06 7.30216e-06 1.07379e-05 1.57868e-05 2.32256e-05 3.42287e-05 5.05878e-05 7.50634e-05 0.000111943 0.000167933 0.000253574 0.000385484 0.000589884 0.000908092 0.00140502 0.00218209 0.00339668 0.0052904 0.0082291 0.0127559 0.0196534 0.0299992 0.0451641 0.0666395 0.0954707 0.130984 0.168803 0.199677 0.212822 0.203967 0.178732 0.146835 0.115879 0.0897938 0.0697447 0.0553684 0.0456803 0.0396165 0.0363034 0.035151 0.0358495 0.0383338 0.0427592 0.0495054 0.0591906 0.0726539 0.0908696 0.114764 0.14483 0.180206 0.216803 0.245456 0.254746 0.240853 0.212439 0.182366 0.1593 0.146613 0.144197 0.149688 0.158826 0.166067 0.166563 0.158766 0.144981 0.129158 0.11438 0.101989 0.0921051 0.0846838 0.080402 0.0810175 0.0892578 0.108455 0.14177 0.189937 0.245598 0.286035 0.283381 0.239521 0.183062 0.134945 0.101408 0.0816324 0.072963 0.0727183 0.0784588 0.0878216 0.0984972 0.108621 0.117495 0.126159 0.137314 0.154415 0.180117 0.214188 0.251255 0.280172 0.288482 0.271907 0.238597 0.201698 0.170613 0.149168 0.1378 0.135782 0.142327 0.156917 0.179246 0.208584 0.242014 0.272288 0.288991 0.285286 0.263022 0.229475 0.192134 0.156754 0.12715 0.105484 0.0928942 0.0902018 0.0984394 0.118977 0.15295 0.199437 0.252022 0.296206 0.31589 0.30894 0.288706 0.269847 0.262137 0.273589 0.313511 0.39184 0.512288 0.651294 0.728709 0.676454 0.552414 0.438518 0.370233 0.354471 0.387025 0.451222 0.500444 0.473871 0.384013 0.286639 0.20816 0.152595 0.117006 0.0972024 0.0892329 0.0895078 0.0945073 0.100615 0.104536 0.104294 0.0999645 0.0932877 0.0864829 0.0812786 0.0786 0.0786491 0.081045 0.0849455 0.0892713 0.0931389 0.0963963 0.0999434 0.105562 0.115209 0.129885 0.148295 0.166055 0.177167 0.178448 0.172918 0.167771 0.169819 0.182653 0.205062 0.229309 0.242158 0.233794 0.207204 0.173536 0.141825 0.116069 0.0971206 0.0846245 0.0780302 0.0771051 0.0822397 0.0945562 0.115641 0.146492 0.185027 0.222314 0.242287 0.23353 0.202556 0.165611 0.133863 0.110773 0.0956267 0.0864426 0.0812627 0.0785035 0.076942 0.0756495 0.0739789 0.0715745 0.068343 0.064409 0.0601102 0.0560143 0.0528673 0.0514386 0.0523275 0.055811 0.06176 0.0696146 0.0784383 0.0871068 0.0946618 0.100731 0.105781 0.111021 0.117968 0.127931 0.141591 0.158691 0.177664 0.195158 0.206098 0.205538 0.192012 0.169008 0.142492 0.117516 0.0968983 0.0816619 0.0719114 0.0674777 0.0682219 0.0740297 0.084496 0.09832 0.112707 0.123623 0.127757 0.125144 0.119514 0.115792 0.11745 0.125456 0.138398 0.153096 0.165643 0.172735 0.172736 0.165842 0.153489 0.137727 0.120857 0.105022 0.0917096 0.0815267 0.0743674 0.0697898 0.0673782 0.0669703 0.0687215 0.0730406 0.0804588 0.0914623 0.106237 0.124244 0.143684 0.161369 0.173995 0.181042 0.187131 0.201443 0.235578 0.30252 0.415668 0.577237 0.708665 0.643455 0.503308 0.393762 0.315246 0.254767 0.206395 0.170719 0.150557 0.148754 0.168019 0.210868 0.277875 0.363126 0.449889 0.518951 0.567651 0.603368 0.621156 0.606432 0.555951 0.485256 0.41511 0.35717 0.311717 0.273093 0.236464 0.202082 0.174858 0.161329 0.167884 0.200962 0.267217 0.369668 0.491148 0.567756 0.549898 0.485767 0.417837 0.356918 0.309468 0.280387 0.270409 0.277282 0.298258 0.332513 0.381492 0.442968 0.497482 0.506754 0.459048 0.388935 0.328126 0.287361 0.266031 0.259576 0.261953 0.265822 0.263351 0.249301 0.223897 0.192103 0.160294 0.133375 0.113718 0.101597 0.0961637 0.0963021 0.101121 0.110065 0.122635 0.137789 0.153278 0.165574 0.171088 0.168437 0.159835 0.150074 0.144215 0.145884 0.156423 0.174116 0.193511 0.206882 0.209535 0.20427 0.198373 0.197205 0.201921 0.212062 0.229759 0.261448 0.314898 0.392321 0.48246 0.56435 0.63019 0.682681 0.712691 0.71262 0.683754 0.626618 0.535234 0.419858 0.311045 0.22795 0.173034 0.14223 0.131301 0.137993 0.162479 0.207156 0.275159 0.364114 0.44854 0.470061 0.412365 0.331821 0.267367 0.226997 0.207691 0.203635 0.207706 0.212515 0.213309 0.210537 0.208796 0.213326 0.227021 0.247997 0.26741 0.272008 0.255572 0.226157 0.19727 0.178569 0.175849 0.194533 0.24227 0.329862 0.466924 0.624653 0.62701 0.466589 0.322145 0.224413 0.162723 0.124807 0.101753 0.087832 0.0797727 0.076117 0.0766718 0.0820805 0.0935627 0.112811 0.141875 0.182576 0.234683 0.29237 0.341894 0.368902 0.372326 0.36179 0.343578 0.317674 0.283333 0.243425 0.204372 0.173164 0.154911 0.152463 0.166996 0.197997 0.242232 0.293422 0.346229 0.401598 0.457741 0.484225 0.438009 0.341506 0.246084 0.172237 0.120002 0.0841492 0.0596027 0.0426031 0.030627 0.0220502 0.0158361 0.0113102 0.0080162 0.00563154 0.00391941 0.00270227 0.00184617 0.00125039 0.000840028 0.000560117 0.000370908 0.000244068 0.000159684 0.00010393 6.73225e-05 4.34224e-05 2.78982e-05 1.78609e-05 1.13984e-05 
6.28033e-06 9.20422e-06 1.34565e-05 1.96379e-05 2.86306e-05 4.17439e-05 6.09429e-05 8.9214e-05 0.000131152 0.000193907 0.000288704 0.000433294 0.000655857 0.0010012 0.00154054 0.00238676 0.00371795 0.00581336 0.00910685 0.0142643 0.0222888 0.0346502 0.0534012 0.0811623 0.120641 0.172906 0.233137 0.284573 0.301941 0.276495 0.226782 0.174481 0.130156 0.0963019 0.0720726 0.0556599 0.0452346 0.0392772 0.0366466 0.0365319 0.0383641 0.0417451 0.046436 0.0524185 0.0599908 0.0698255 0.0829174 0.100368 0.122907 0.149939 0.178034 0.199965 0.207357 0.197504 0.17645 0.153574 0.135537 0.124976 0.121684 0.123737 0.128105 0.131287 0.130439 0.124591 0.114878 0.103511 0.0924737 0.0828955 0.075209 0.0697063 0.0670705 0.068625 0.0762592 0.0920649 0.117507 0.151589 0.187711 0.211995 0.210769 0.184772 0.148106 0.113911 0.0881785 0.0718827 0.0639497 0.0627752 0.0666933 0.0740225 0.0830951 0.0924929 0.101504 0.110586 0.121478 0.136677 0.158251 0.186146 0.216425 0.240738 0.249519 0.238956 0.214542 0.186065 0.160959 0.142496 0.13131 0.12719 0.129958 0.139613 0.156082 0.178575 0.204365 0.227701 0.241019 0.239249 0.222996 0.197017 0.167033 0.137966 0.113377 0.0955169 0.0857941 0.0853939 0.0957858 0.118906 0.156656 0.208967 0.269502 0.321183 0.34325 0.333103 0.307925 0.283729 0.268438 0.267229 0.285877 0.328946 0.393747 0.461224 0.495221 0.472727 0.41349 0.356049 0.327943 0.343426 0.409572 0.521812 0.623184 0.584749 0.446087 0.317269 0.223266 0.160132 0.120341 0.0973185 0.0858493 0.0818067 0.0818595 0.0833239 0.0842433 0.0836266 0.0815734 0.0790481 0.0773853 0.0778177 0.0811819 0.0877351 0.0969767 0.107535 0.117396 0.124728 0.129076 0.132127 0.137427 0.149152 0.170227 0.199672 0.22957 0.246041 0.240481 0.220422 0.202186 0.198375 0.214556 0.249288 0.291172 0.3173 0.30859 0.271072 0.224536 0.181955 0.147711 0.122381 0.105406 0.0960736 0.0940913 0.100115 0.116145 0.145594 0.192454 0.25782 0.33013 0.372701 0.350049 0.283701 0.215637 0.163752 0.129022 0.107436 0.0947502 0.0876427 0.0836751 0.0810224 0.078326 0.0747391 0.0700153 0.0644488 0.0586516 0.0533188 0.0491017 0.0465692 0.0461849 0.0482554 0.0528523 0.0597231 0.0682225 0.0773358 0.0858897 0.0929745 0.0984073 0.102921 0.107917 0.114945 0.125229 0.139375 0.157145 0.177059 0.195787 0.208048 0.208497 0.195419 0.172431 0.145822 0.120892 0.10056 0.0858631 0.0768878 0.0734642 0.0755072 0.0830298 0.0957897 0.112535 0.130126 0.143644 0.148872 0.145964 0.139982 0.137388 0.142537 0.156377 0.176465 0.197594 0.21342 0.219074 0.213267 0.198282 0.178102 0.156517 0.136358 0.119423 0.106476 0.0973402 0.09119 0.0869995 0.083984 0.0818748 0.0809303 0.0817249 0.0848686 0.0907895 0.0995763 0.110797 0.123328 0.135489 0.145936 0.155212 0.166977 0.187992 0.227275 0.295162 0.400509 0.536823 0.639422 0.616765 0.530033 0.451085 0.383635 0.317599 0.254149 0.201901 0.167622 0.15421 0.162532 0.192659 0.243235 0.309366 0.381329 0.447758 0.501241 0.538342 0.555644 0.549132 0.51915 0.475498 0.432134 0.39653 0.366275 0.333563 0.293219 0.248443 0.208732 0.183834 0.181032 0.205984 0.263446 0.353736 0.45929 0.529985 0.52932 0.485477 0.42815 0.369329 0.320014 0.288174 0.275346 0.278337 0.291906 0.311712 0.336074 0.362739 0.382582 0.381663 0.356269 0.318782 0.284266 0.260339 0.247599 0.243039 0.242283 0.240256 0.231993 0.214968 0.190843 0.164176 0.139615 0.120181 0.107031 0.0999642 0.0980988 0.100441 0.106259 0.115175 0.126875 0.140484 0.153965 0.164208 0.168276 0.165296 0.157418 0.148934 0.144443 0.147377 0.159062 0.177719 0.197545 0.210099 0.209945 0.199612 0.186699 0.177485 0.174686 0.179262 0.192961 0.219258 0.261758 0.320484 0.388785 0.457252 0.52439 0.595775 0.667321 0.705698 0.665479 0.565545 0.452493 0.347464 0.260125 0.19532 0.152992 0.130423 0.124617 0.133445 0.155914 0.191861 0.240538 0.296354 0.342029 0.352331 0.322199 0.275267 0.234643 0.209595 0.200484 0.203649 0.21325 0.222796 0.228083 0.229657 0.231923 0.240029 0.257123 0.281589 0.30365 0.307249 0.284763 0.24702 0.210739 0.186407 0.17897 0.192018 0.229909 0.296778 0.389 0.471758 0.470359 0.382246 0.281146 0.202241 0.148192 0.113298 0.0916222 0.0787785 0.072069 0.0702351 0.0731533 0.0816026 0.0971962 0.122507 0.161247 0.217957 0.295667 0.388243 0.467264 0.492348 0.464888 0.418533 0.370268 0.321675 0.272745 0.226141 0.186079 0.156503 0.140171 0.138673 0.152739 0.182156 0.225358 0.280041 0.346712 0.432047 0.538121 0.614495 0.555769 0.415915 0.291664 0.202379 0.141628 0.100542 0.0723332 0.0524894 0.0381893 0.027705 0.0199599 0.014245 0.0100589 0.00702576 0.00485504 0.00332117 0.00225056 0.00151188 0.00100763 0.000666741 0.000438307 0.000286443 0.000186202 0.000120461 7.75933e-05 4.97858e-05 3.18313e-05 2.02872e-05 1.28926e-05 
8.03872e-06 1.17541e-05 1.71206e-05 2.48509e-05 3.59682e-05 5.19542e-05 7.49801e-05 0.000108274 0.000156715 0.000227796 0.000333199 0.000491358 0.000731622 0.00110097 0.00167477 0.0025739 0.00399191 0.00623749 0.00980077 0.015455 0.0244097 0.038532 0.0606454 0.0948568 0.146664 0.221856 0.320741 0.419177 0.449565 0.38409 0.287515 0.20483 0.144302 0.102591 0.0749099 0.0573194 0.0469482 0.0418051 0.0405319 0.0421615 0.0459021 0.0509955 0.0567124 0.0625131 0.0683004 0.0745872 0.0824202 0.0930299 0.107243 0.124662 0.142755 0.156684 0.161328 0.155073 0.141373 0.125965 0.11332 0.105408 0.102173 0.102311 0.103851 0.104671 0.103123 0.0985969 0.0916172 0.0833833 0.0751306 0.0677443 0.0617596 0.057613 0.05592 0.0576122 0.0638611 0.0757543 0.0936266 0.115924 0.137948 0.152167 0.152239 0.138287 0.116637 0.0945152 0.0764781 0.0643155 0.0582032 0.0575954 0.061614 0.069123 0.0787186 0.088858 0.0982886 0.106703 0.115174 0.125829 0.140694 0.160143 0.181584 0.199317 0.206877 0.201433 0.18601 0.16669 0.148468 0.133787 0.123392 0.117569 0.116722 0.1213 0.131424 0.146357 0.163842 0.179772 0.189182 0.188617 0.177894 0.159647 0.137717 0.115864 0.0971074 0.0836013 0.0768983 0.0784054 0.0897948 0.113151 0.150486 0.201866 0.261308 0.312617 0.336184 0.329264 0.307202 0.283764 0.264846 0.253873 0.254766 0.269994 0.296706 0.324104 0.336783 0.326569 0.301397 0.279394 0.278268 0.311605 0.389196 0.509834 0.618374 0.581021 0.440978 0.312884 0.220813 0.159817 0.121765 0.0996703 0.0879919 0.082456 0.0799527 0.0784776 0.0770214 0.0753961 0.0740404 0.0738159 0.0758011 0.0810954 0.0906065 0.104725 0.122805 0.142603 0.16032 0.172072 0.17653 0.176656 0.178993 0.191433 0.220645 0.268202 0.322636 0.353011 0.33438 0.286265 0.244549 0.228406 0.243102 0.285958 0.342913 0.382782 0.376809 0.333344 0.278716 0.227663 0.185007 0.152292 0.129712 0.116699 0.112817 0.118799 0.137407 0.174096 0.237273 0.336499 0.469624 0.568861 0.510293 0.376252 0.266161 0.192814 0.147406 0.120435 0.104959 0.0963344 0.0914225 0.087931 0.0841474 0.0790361 0.0724175 0.0648855 0.0574289 0.0510224 0.0464139 0.0441069 0.0444174 0.0475028 0.0533225 0.0615354 0.0713805 0.0816502 0.0909156 0.098074 0.102974 0.106627 0.11078 0.117175 0.126989 0.140622 0.157606 0.176353 0.193676 0.204761 0.204867 0.192525 0.170999 0.146037 0.122644 0.103712 0.0903414 0.0826576 0.0804682 0.083634 0.0921277 0.105721 0.123223 0.141531 0.155653 0.161329 0.159047 0.154651 0.155486 0.166535 0.188801 0.218755 0.248511 0.268254 0.271185 0.257209 0.232026 0.203052 0.175987 0.153895 0.137799 0.127358 0.121284 0.117727 0.114815 0.111278 0.106861 0.102252 0.0985511 0.0966975 0.0971843 0.100086 0.105164 0.111916 0.119724 0.128327 0.138584 0.153131 0.176516 0.214764 0.274097 0.357174 0.45354 0.529332 0.553456 0.542249 0.519544 0.477041 0.40323 0.315497 0.239472 0.187415 0.161148 0.158996 0.178911 0.218753 0.275205 0.342506 0.41168 0.470785 0.508814 0.522824 0.517879 0.501271 0.481184 0.464619 0.452154 0.436338 0.406466 0.357841 0.298162 0.242401 0.203167 0.187546 0.198963 0.238547 0.302745 0.37648 0.431305 0.447455 0.431138 0.394918 0.349806 0.308758 0.281259 0.2698 0.27121 0.279122 0.28749 0.293901 0.298405 0.299211 0.29251 0.277409 0.25835 0.241444 0.230116 0.224107 0.220952 0.217705 0.211612 0.200449 0.18364 0.163132 0.142454 0.124865 0.112262 0.105123 0.10295 0.104764 0.109565 0.116681 0.125919 0.137269 0.150156 0.162683 0.171732 0.174412 0.17006 0.161022 0.151541 0.145953 0.14738 0.156928 0.172837 0.189816 0.200416 0.199746 0.189488 0.175807 0.164328 0.158055 0.15834 0.166479 0.184375 0.213813 0.25491 0.305583 0.364442 0.435797 0.529669 0.64865 0.739867 0.683776 0.536144 0.400389 0.296199 0.220298 0.168318 0.136713 0.122402 0.122689 0.135123 0.157173 0.18598 0.2181 0.248421 0.268756 0.270741 0.254298 0.229576 0.208141 0.196378 0.195467 0.203251 0.215587 0.227778 0.236825 0.243117 0.249722 0.260182 0.27657 0.297268 0.313777 0.312183 0.286297 0.246615 0.208919 0.182976 0.172823 0.180308 0.206482 0.250011 0.302117 0.340257 0.336871 0.291066 0.229308 0.173385 0.130851 0.101443 0.0825295 0.0714864 0.0664866 0.0666618 0.0720508 0.0835565 0.10307 0.133873 0.181326 0.253468 0.360036 0.503546 0.641879 0.661794 0.577409 0.485164 0.405838 0.334762 0.270574 0.215602 0.172342 0.14227 0.126014 0.123781 0.135608 0.161363 0.200746 0.254157 0.324953 0.420367 0.540526 0.630872 0.577353 0.4375 0.312798 0.222636 0.160453 0.117404 0.0868151 0.0643757 0.0475128 0.0347163 0.0250402 0.0178122 0.0124996 0.00866073 0.00593175 0.00402049 0.0026997 0.00179772 0.00118818 0.000780083 0.000509098 0.000330471 0.000213491 0.000137325 8.79913e-05 5.61845e-05 3.57628e-05 2.26998e-05 1.43718e-05 
1.03735e-05 1.51665e-05 2.20619e-05 3.19325e-05 4.60022e-05 6.59936e-05 9.43544e-05 0.000134611 0.000191939 0.000274097 0.000392974 0.000567148 0.000826114 0.00121721 0.00181691 0.00274898 0.00421379 0.00653504 0.0102345 0.0161508 0.0256286 0.0408168 0.0651358 0.103992 0.165799 0.26312 0.411822 0.610305 0.688663 0.513367 0.343535 0.228094 0.153718 0.106575 0.0772587 0.0598045 0.0505016 0.0470738 0.0481125 0.0526275 0.0596577 0.0679896 0.0761293 0.0826585 0.0868571 0.0891437 0.0909215 0.0939019 0.0992933 0.107125 0.115846 0.122575 0.124432 0.120438 0.112243 0.102871 0.0949159 0.0896606 0.0871513 0.086613 0.0868504 0.0866004 0.0848835 0.0812853 0.0760256 0.0697694 0.0633192 0.0573799 0.052499 0.0491498 0.0478569 0.0492586 0.0540394 0.0626892 0.0750624 0.0897889 0.10388 0.113273 0.114751 0.108001 0.0957118 0.081723 0.0692697 0.0603871 0.0560872 0.0566919 0.0620212 0.0713708 0.0833509 0.0958429 0.106485 0.113836 0.118464 0.122775 0.129452 0.139671 0.152103 0.163163 0.16875 0.166788 0.158447 0.146807 0.134656 0.123532 0.114154 0.107162 0.103397 0.103642 0.108205 0.116537 0.126962 0.136721 0.142668 0.142521 0.135795 0.123782 0.108829 0.0935466 0.0802707 0.0708661 0.0668335 0.0695838 0.0806992 0.101971 0.134885 0.179012 0.229039 0.272682 0.296277 0.297286 0.284825 0.267707 0.249958 0.234323 0.224207 0.221978 0.226595 0.233072 0.235004 0.229445 0.220118 0.215933 0.22715 0.26262 0.327079 0.412204 0.475495 0.45495 0.367517 0.274501 0.202249 0.153185 0.122975 0.106181 0.0976485 0.0930383 0.0893604 0.0852875 0.0809147 0.0771212 0.0750146 0.0757037 0.0803106 0.0900258 0.106033 0.129115 0.158718 0.191526 0.220676 0.238122 0.240537 0.233146 0.227336 0.236051 0.270959 0.339323 0.431484 0.490013 0.44719 0.354483 0.282029 0.249786 0.257667 0.299579 0.360088 0.407958 0.413805 0.38188 0.332726 0.278811 0.228015 0.186501 0.157017 0.139362 0.13259 0.137002 0.155488 0.194534 0.265329 0.384715 0.570211 0.760091 0.637182 0.435007 0.297792 0.213449 0.163241 0.133895 0.116948 0.107166 0.101195 0.0966185 0.0915867 0.0849751 0.0766626 0.0674564 0.0586043 0.0512665 0.0462553 0.0440418 0.0448663 0.0488131 0.0557892 0.0654014 0.0767833 0.0885111 0.0988384 0.106389 0.111002 0.113997 0.117528 0.12354 0.133065 0.146071 0.161585 0.17775 0.191683 0.199607 0.198111 0.186333 0.166944 0.144637 0.123753 0.10704 0.0956793 0.0898446 0.0892479 0.0935033 0.102255 0.115008 0.130575 0.146327 0.158273 0.163286 0.16244 0.16151 0.167723 0.186281 0.218371 0.259579 0.298923 0.322196 0.320761 0.297204 0.261771 0.225323 0.194968 0.173593 0.161248 0.156355 0.156275 0.157685 0.15733 0.153148 0.145113 0.134993 0.125114 0.117129 0.111661 0.108712 0.108174 0.110047 0.114421 0.121561 0.132183 0.14782 0.171066 0.20547 0.254564 0.319231 0.393627 0.464637 0.522676 0.571219 0.60828 0.596398 0.504621 0.380554 0.276041 0.205828 0.167928 0.157364 0.170203 0.203906 0.256354 0.323961 0.39841 0.463758 0.502684 0.513104 0.508989 0.504551 0.507408 0.518066 0.52828 0.522781 0.488203 0.424058 0.345243 0.2718 0.217633 0.188485 0.185132 0.20562 0.244642 0.291395 0.330807 0.351621 0.351645 0.334173 0.306524 0.279068 0.260038 0.252216 0.25317 0.257072 0.258186 0.254576 0.247905 0.239888 0.230716 0.220585 0.210993 0.203868 0.199846 0.19766 0.195051 0.19014 0.181953 0.170262 0.155748 0.140239 0.126201 0.115721 0.109862 0.108626 0.111274 0.116724 0.123944 0.132344 0.142027 0.153495 0.166652 0.179652 0.188827 0.190573 0.18408 0.172174 0.159559 0.150583 0.148094 0.152976 0.16369 0.176041 0.184398 0.184885 0.17797 0.167412 0.157209 0.14995 0.147053 0.149644 0.15908 0.176775 0.203702 0.240615 0.289814 0.357537 0.453581 0.580025 0.681339 0.626953 0.478628 0.347414 0.252378 0.187738 0.146789 0.124985 0.119366 0.127638 0.147068 0.17333 0.200241 0.221588 0.233796 0.2362 0.229776 0.217478 0.20437 0.195431 0.193365 0.198268 0.208389 0.221042 0.2336 0.244672 0.254638 0.264775 0.275841 0.287471 0.297724 0.301436 0.29094 0.263687 0.227454 0.193723 0.170172 0.160042 0.164163 0.181739 0.209293 0.23868 0.256983 0.25274 0.225695 0.186666 0.147536 0.115033 0.0911091 0.0752765 0.0663457 0.0633219 0.0657592 0.0738575 0.0885196 0.11157 0.146337 0.198727 0.278659 0.400863 0.579685 0.781251 0.793996 0.656442 0.536275 0.437899 0.349458 0.271642 0.208454 0.161426 0.13 0.112975 0.109311 0.118385 0.139995 0.17441 0.222782 0.287602 0.370742 0.462958 0.522142 0.494274 0.40403 0.30962 0.233987 0.177839 0.136208 0.104383 0.0792926 0.059282 0.0434761 0.0312676 0.0220848 0.0153521 0.0105262 0.00713251 0.00478411 0.00318081 0.00209865 0.00137535 0.000895976 0.000580608 0.000374474 0.00024051 0.000153888 9.81317e-05 6.23872e-05 3.95545e-05 2.50168e-05 1.57874e-05 
1.34497e-05 1.97035e-05 2.86928e-05 4.15256e-05 5.97219e-05 8.53637e-05 0.000121308 0.000171512 0.000241544 0.000339427 0.000477054 0.000672586 0.000954498 0.00136835 0.00198793 0.00293352 0.00440133 0.00671093 0.0103814 0.0162535 0.0256872 0.0408796 0.0653817 0.104936 0.168836 0.272093 0.438604 0.701569 0.855896 0.558114 0.355593 0.230305 0.153322 0.106369 0.078402 0.0628323 0.0558051 0.0551674 0.0597677 0.0688507 0.0814297 0.0957012 0.108841 0.117693 0.120327 0.117268 0.111098 0.104861 0.100676 0.0991914 0.0996428 0.100351 0.0996097 0.0966366 0.0919265 0.0867445 0.082304 0.0792671 0.0776843 0.0771503 0.0769935 0.0764591 0.0749065 0.0719926 0.067766 0.0626226 0.0571522 0.0519726 0.0476329 0.044609 0.0433509 0.0443169 0.0479336 0.0544456 0.0636497 0.0745834 0.0853721 0.0935443 0.0969245 0.0946554 0.087612 0.0779616 0.0683067 0.0609632 0.0576228 0.0593252 0.0664946 0.0788004 0.0947502 0.111301 0.124328 0.130664 0.130478 0.127251 0.125148 0.12649 0.130968 0.136311 0.13973 0.139465 0.135477 0.128887 0.120918 0.112378 0.103876 0.096223 0.090472 0.0875777 0.0879851 0.091374 0.0965964 0.101847 0.105134 0.104943 0.100755 0.0931328 0.083421 0.0733155 0.0644958 0.0584435 0.056453 0.0597611 0.0696646 0.087457 0.113948 0.148317 0.18648 0.22065 0.242911 0.25102 0.248524 0.239432 0.225983 0.210415 0.195873 0.185026 0.178479 0.174614 0.171052 0.16686 0.163949 0.16671 0.180393 0.209089 0.252773 0.301934 0.333249 0.323597 0.278443 0.223453 0.176998 0.145218 0.127531 0.120357 0.118689 0.117392 0.113028 0.105152 0.0957784 0.0876352 0.0829199 0.0831239 0.0894289 0.103124 0.125767 0.158837 0.202432 0.252468 0.297629 0.322139 0.318716 0.2971 0.276098 0.273791 0.305 0.380639 0.495895 0.578121 0.513423 0.388724 0.297632 0.254614 0.254353 0.288272 0.342357 0.393824 0.4215 0.419863 0.39008 0.336827 0.275854 0.223351 0.18598 0.163279 0.152939 0.154121 0.168962 0.20317 0.266218 0.370036 0.517312 0.636436 0.565153 0.413842 0.296851 0.221469 0.175523 0.147895 0.130998 0.120176 0.112575 0.106161 0.0992963 0.0909469 0.0810564 0.0705179 0.0606655 0.0527071 0.0474511 0.0453277 0.0465263 0.0510913 0.0589055 0.0695496 0.0820928 0.0949685 0.106218 0.114299 0.119102 0.122254 0.126257 0.133157 0.143673 0.157078 0.17161 0.184999 0.1948 0.198569 0.194462 0.182363 0.164468 0.144477 0.126058 0.111786 0.102906 0.0995966 0.101345 0.107237 0.116177 0.127009 0.13845 0.148777 0.155887 0.158635 0.158868 0.161703 0.173407 0.198811 0.239157 0.289452 0.336077 0.360783 0.354062 0.32241 0.280401 0.241022 0.211801 0.195229 0.190632 0.195463 0.205607 0.215527 0.219487 0.213986 0.199682 0.180742 0.161947 0.146158 0.133992 0.125063 0.119206 0.116804 0.118484 0.124759 0.135948 0.152373 0.174824 0.205068 0.245745 0.298999 0.36448 0.439032 0.519393 0.603665 0.679628 0.688378 0.576035 0.422394 0.298451 0.216862 0.171907 0.156335 0.165106 0.195463 0.24583 0.313525 0.39056 0.459616 0.50119 0.514212 0.517347 0.528805 0.5566 0.596965 0.631621 0.631892 0.580529 0.489271 0.385923 0.294224 0.226406 0.185393 0.169301 0.174143 0.194282 0.222069 0.248759 0.267202 0.273781 0.268581 0.255507 0.240989 0.23061 0.226576 0.227266 0.228399 0.225806 0.218377 0.208141 0.197708 0.18852 0.181128 0.175926 0.173088 0.171977 0.170977 0.168216 0.162617 0.154253 0.143981 0.133116 0.123309 0.116243 0.1131 0.114187 0.118941 0.126247 0.134867 0.143829 0.152808 0.162402 0.17382 0.187591 0.201916 0.212266 0.213802 0.205246 0.18996 0.173265 0.159656 0.151892 0.150937 0.155825 0.163652 0.170442 0.173013 0.170512 0.16427 0.156478 0.149093 0.143544 0.141028 0.142913 0.150809 0.166392 0.191538 0.229087 0.283406 0.358208 0.445853 0.503662 0.472657 0.378266 0.282464 0.208879 0.158937 0.129336 0.11729 0.121258 0.140231 0.171997 0.210402 0.243725 0.259623 0.255572 0.239932 0.222366 0.208558 0.201035 0.200445 0.205893 0.215338 0.226422 0.237358 0.247515 0.257499 0.268367 0.280024 0.29004 0.294748 0.29181 0.280397 0.259761 0.231 0.19925 0.171321 0.152181 0.144114 0.147424 0.160682 0.180125 0.199147 0.209521 0.205241 0.186374 0.158664 0.129319 0.103541 0.0837837 0.0706119 0.0637719 0.0629232 0.0680059 0.0793524 0.0976962 0.124288 0.161417 0.21355 0.288768 0.398619 0.549641 0.701858 0.7262 0.638851 0.542351 0.447868 0.353134 0.26782 0.199882 0.15079 0.118673 0.101092 0.09616 0.102797 0.120678 0.15014 0.192025 0.246916 0.31235 0.376772 0.415518 0.406934 0.359385 0.299284 0.244015 0.198124 0.160028 0.127283 0.0987198 0.0743277 0.0543638 0.0387633 0.0270625 0.0185737 0.0125732 0.00841631 0.00558179 0.00367314 0.00240107 0.00156049 0.00100905 0.000649554 0.00041647 0.000266074 0.000169446 0.0001076 6.81506e-05 4.30644e-05 2.71556e-05 1.70917e-05 
1.74574e-05 2.56723e-05 3.75066e-05 5.44141e-05 7.83607e-05 0.000111979 0.000158768 0.000223375 0.000312008 0.000433117 0.000598549 0.000825586 0.00114051 0.00158478 0.00222539 0.00317209 0.00460509 0.00681936 0.0102947 0.015806 0.0245967 0.0386475 0.061085 0.0967667 0.152979 0.239641 0.365624 0.513508 0.562207 0.444372 0.306941 0.206843 0.141762 0.101611 0.0782734 0.066404 0.0628717 0.0661562 0.0757944 0.0917198 0.113321 0.138198 0.161211 0.175442 0.176164 0.164561 0.146451 0.127871 0.11246 0.101396 0.0942394 0.0897676 0.0866568 0.0839864 0.0814182 0.0790318 0.0770342 0.075572 0.074674 0.0742292 0.073958 0.0734219 0.0721249 0.0696913 0.0660308 0.0613953 0.0562958 0.0513425 0.0471061 0.0440637 0.0426191 0.043146 0.0459932 0.0514089 0.0593726 0.069365 0.0801662 0.0898472 0.0961369 0.0972297 0.0927477 0.0841781 0.074331 0.0662432 0.0623691 0.0643633 0.0731321 0.0886726 0.109399 0.131213 0.147702 0.153334 0.14794 0.13689 0.126505 0.120325 0.118629 0.11965 0.121044 0.121026 0.118852 0.114595 0.108634 0.10137 0.0933276 0.0853315 0.0784345 0.0735818 0.071264 0.0713446 0.0730784 0.0752932 0.0767047 0.076294 0.0736036 0.0688302 0.0627123 0.0563048 0.0507557 0.0471665 0.0465603 0.0499192 0.0582072 0.0722637 0.0924386 0.117917 0.146008 0.172292 0.192444 0.20452 0.208961 0.206707 0.198528 0.185939 0.171537 0.157975 0.146816 0.138278 0.131926 0.127726 0.126726 0.130968 0.142679 0.162965 0.189982 0.216965 0.232758 0.228695 0.207048 0.178895 0.155039 0.141484 0.139622 0.146978 0.157415 0.162682 0.157061 0.141649 0.122669 0.106368 0.0964506 0.0945545 0.101556 0.118529 0.147175 0.189673 0.247276 0.316157 0.380312 0.412229 0.398231 0.356399 0.315188 0.295737 0.311341 0.368296 0.45532 0.511263 0.46258 0.362666 0.283026 0.241872 0.237214 0.262729 0.309401 0.365293 0.418518 0.455116 0.450861 0.396433 0.32187 0.257851 0.213783 0.18724 0.173617 0.170472 0.178742 0.202357 0.24674 0.314862 0.395873 0.44656 0.420498 0.345824 0.273321 0.220643 0.186115 0.16359 0.14784 0.135699 0.12551 0.116162 0.106618 0.0961381 0.0847287 0.0732131 0.0628067 0.054603 0.0493171 0.0473058 0.0487023 0.0535128 0.0615985 0.0725294 0.0853699 0.0985584 0.110172 0.11877 0.124439 0.129058 0.13532 0.145208 0.158945 0.174833 0.189945 0.20137 0.207169 0.206413 0.198852 0.185114 0.167175 0.148143 0.131311 0.11921 0.113183 0.113402 0.119007 0.128208 0.138532 0.14749 0.153471 0.156097 0.155876 0.154134 0.153597 0.158524 0.173687 0.202761 0.246362 0.299022 0.346278 0.368999 0.358653 0.324532 0.283068 0.24745 0.224919 0.217855 0.225618 0.245414 0.271653 0.295201 0.305616 0.296857 0.271462 0.238499 0.207042 0.181517 0.161986 0.147058 0.136194 0.13009 0.129872 0.136246 0.149036 0.167172 0.189437 0.216016 0.249652 0.294859 0.355543 0.432582 0.521514 0.610298 0.67577 0.669783 0.561688 0.416903 0.297067 0.216534 0.171294 0.154825 0.162353 0.191229 0.239901 0.305634 0.380772 0.449998 0.49718 0.521791 0.540484 0.571608 0.625326 0.698623 0.76544 0.772366 0.688323 0.553338 0.418616 0.308544 0.229434 0.179543 0.154217 0.148095 0.155602 0.170904 0.18822 0.202689 0.211212 0.212995 0.209731 0.204743 0.20112 0.200122 0.200685 0.200167 0.196191 0.188444 0.178711 0.169256 0.161489 0.155853 0.152266 0.150318 0.149149 0.147458 0.144024 0.138398 0.13115 0.123548 0.117144 0.113487 0.113828 0.11869 0.127528 0.138789 0.150509 0.16115 0.170118 0.177856 0.185802 0.195937 0.209383 0.224457 0.236023 0.238192 0.229028 0.211834 0.191931 0.173777 0.160386 0.15339 0.152834 0.157078 0.163269 0.168336 0.170031 0.167556 0.161583 0.153639 0.145333 0.138102 0.133509 0.133421 0.13982 0.15465 0.179866 0.217048 0.265039 0.314129 0.341309 0.325395 0.274944 0.216451 0.167306 0.133206 0.114882 0.112342 0.126382 0.158463 0.208707 0.270524 0.323008 0.337744 0.311978 0.271889 0.239228 0.221294 0.217638 0.2249 0.238416 0.253132 0.264968 0.27221 0.276062 0.279803 0.286428 0.295648 0.302358 0.299468 0.284104 0.259342 0.229802 0.199091 0.170615 0.147786 0.133163 0.127991 0.132212 0.1443 0.16079 0.176179 0.184229 0.180753 0.165886 0.143648 0.119364 0.0973641 0.0801978 0.0689677 0.0640232 0.0655458 0.0738719 0.0895298 0.113029 0.144565 0.184115 0.232544 0.293341 0.371841 0.466453 0.550508 0.579039 0.551357 0.496079 0.42085 0.333702 0.251596 0.185688 0.138246 0.107309 0.0901507 0.0846348 0.0895344 0.104475 0.129732 0.165772 0.21214 0.265187 0.315338 0.347889 0.352012 0.330629 0.296584 0.260716 0.226533 0.192776 0.158248 0.124208 0.0932898 0.0674949 0.0474211 0.0325865 0.0220226 0.0146962 0.00971129 0.00636717 0.00414782 0.00268743 0.0017331 0.00111309 0.000712299 0.000454342 0.000288959 0.000183293 0.000115991 7.32435e-05 4.61607e-05 2.90413e-05 1.82422e-05 
2.26045e-05 3.34159e-05 4.90652e-05 7.15114e-05 0.000103388 0.000148174 0.000210393 0.000295839 0.000411858 0.000567782 0.000775675 0.00105175 0.00141912 0.00191284 0.00258893 0.00353954 0.00491758 0.00697523 0.0101226 0.0150156 0.0226835 0.0347065 0.0534373 0.0821902 0.125101 0.185671 0.261351 0.330826 0.350234 0.304303 0.232416 0.168772 0.123073 0.0939083 0.0775132 0.0707066 0.0716259 0.079799 0.095934 0.121355 0.156773 0.199905 0.242135 0.268118 0.265618 0.238224 0.200457 0.164259 0.134899 0.113332 0.0986857 0.0895299 0.0843955 0.0819697 0.0811305 0.0809366 0.0806904 0.0800674 0.0791462 0.0782119 0.0774353 0.0766575 0.0754244 0.073231 0.0698148 0.0653172 0.0602304 0.055199 0.0508246 0.0475781 0.0458294 0.0459315 0.0482832 0.0533142 0.0613606 0.0724106 0.0857177 0.0993717 0.1102 0.114671 0.110933 0.100417 0.0871768 0.075697 0.0693695 0.0702855 0.0795699 0.0973741 0.122038 0.148599 0.168512 0.173842 0.164174 0.146977 0.130668 0.119678 0.11439 0.112934 0.112843 0.112138 0.109763 0.105474 0.0994574 0.0920702 0.083832 0.075491 0.0679414 0.0619737 0.0580228 0.0560508 0.0555819 0.0558482 0.0560011 0.0553389 0.0534853 0.0504649 0.0466664 0.0427287 0.0394112 0.0374959 0.0377446 0.0408908 0.0476194 0.0584667 0.0735881 0.0924122 0.113375 0.134099 0.152174 0.165958 0.174585 0.177461 0.174321 0.165842 0.153835 0.140612 0.128139 0.117636 0.109737 0.104933 0.103903 0.107497 0.116325 0.130052 0.146603 0.161786 0.170389 0.169227 0.159947 0.148434 0.141672 0.145243 0.162099 0.190902 0.222866 0.241075 0.231821 0.20001 0.162571 0.132235 0.11389 0.108226 0.114938 0.134211 0.167206 0.216004 0.282435 0.363437 0.440511 0.476104 0.450633 0.391065 0.333054 0.297449 0.293294 0.320189 0.363091 0.386115 0.359564 0.302037 0.249269 0.218764 0.214045 0.233587 0.274261 0.33247 0.403131 0.468917 0.486174 0.431623 0.349504 0.281283 0.236297 0.209547 0.194254 0.186693 0.187036 0.197966 0.222173 0.258783 0.298387 0.321677 0.313927 0.282897 0.247524 0.218882 0.198204 0.182332 0.168085 0.154052 0.140231 0.126869 0.113825 0.100795 0.0878399 0.0755826 0.0649502 0.0567828 0.0516144 0.04968 0.0510284 0.055609 0.0632526 0.0735362 0.0855945 0.0980488 0.109299 0.118311 0.125518 0.132983 0.143413 0.1586 0.178159 0.199139 0.216949 0.227627 0.2298 0.22435 0.212678 0.196071 0.176443 0.156755 0.140365 0.130033 0.127367 0.132673 0.144791 0.160718 0.175562 0.184018 0.183431 0.175528 0.164705 0.155403 0.151305 0.155682 0.171399 0.20016 0.241012 0.287908 0.327865 0.345362 0.334644 0.30484 0.270878 0.244721 0.233234 0.239291 0.263335 0.303559 0.35324 0.397164 0.415648 0.398943 0.355004 0.301745 0.254128 0.217692 0.190904 0.17061 0.155555 0.146661 0.145577 0.1533 0.169255 0.19082 0.214191 0.237486 0.263877 0.300709 0.355048 0.428812 0.5135 0.586246 0.617187 0.584404 0.490914 0.375424 0.275794 0.206166 0.166471 0.152823 0.161798 0.191317 0.239887 0.304653 0.378711 0.450085 0.507047 0.548103 0.584306 0.631683 0.703334 0.802344 0.90522 0.925133 0.792155 0.60295 0.437464 0.31293 0.226638 0.171668 0.140942 0.128213 0.128075 0.135733 0.146941 0.158213 0.167163 0.172816 0.175642 0.177032 0.178297 0.179789 0.180665 0.179469 0.175258 0.168464 0.160664 0.153492 0.147761 0.143407 0.139966 0.136957 0.133911 0.130293 0.125679 0.12014 0.114461 0.110007 0.108442 0.111416 0.120144 0.134753 0.153586 0.173113 0.189296 0.199909 0.205582 0.208749 0.21229 0.218834 0.22974 0.243495 0.255121 0.25864 0.251432 0.235452 0.214609 0.192836 0.17389 0.160866 0.155289 0.156693 0.162854 0.170346 0.175435 0.175438 0.169911 0.160393 0.148983 0.137495 0.127663 0.121435 0.120757 0.127202 0.141706 0.164059 0.191553 0.217065 0.229553 0.221069 0.194729 0.16165 0.131958 0.111369 0.102735 0.108314 0.131258 0.176119 0.247458 0.342615 0.431132 0.448381 0.388775 0.317021 0.268644 0.248266 0.250844 0.268997 0.294205 0.317539 0.331667 0.333378 0.32529 0.314704 0.308655 0.308408 0.30756 0.29656 0.271768 0.238223 0.203239 0.171536 0.145516 0.126627 0.115825 0.113527 0.119412 0.132034 0.148314 0.16346 0.172062 0.17038 0.158242 0.138858 0.11689 0.0965077 0.0805124 0.0704405 0.0671157 0.071211 0.0835874 0.105265 0.136861 0.177416 0.223237 0.268877 0.311689 0.354537 0.399306 0.437595 0.455185 0.447272 0.415618 0.36067 0.290874 0.221963 0.164968 0.123156 0.0955433 0.0800094 0.0747359 0.0786513 0.0914539 0.113416 0.1449 0.185328 0.231507 0.276133 0.308997 0.322767 0.318756 0.304869 0.287535 0.26658 0.237614 0.199234 0.156319 0.115857 0.0822735 0.0566847 0.0382423 0.0254227 0.0167226 0.0109137 0.00707937 0.00456972 0.00293767 0.00188183 0.00120171 0.000765255 0.000486084 0.000308046 0.000194807 0.000122959 7.74738e-05 4.8737e-05 3.06152e-05 1.92067e-05 
2.91049e-05 4.32939e-05 6.39711e-05 9.38202e-05 0.000136457 0.000196649 0.000280532 0.000395793 0.000551806 0.000759722 0.00103262 0.00138603 0.0018393 0.00241908 0.00316622 0.00414839 0.00548109 0.00735971 0.0101057 0.0142292 0.0205084 0.0300764 0.0444794 0.0655977 0.0951533 0.133254 0.175386 0.209303 0.219098 0.200357 0.16569 0.130604 0.103327 0.0857554 0.0770285 0.0758526 0.0816703 0.0952364 0.118818 0.155954 0.210344 0.282492 0.361294 0.413507 0.40369 0.344393 0.274037 0.213426 0.167138 0.133995 0.111747 0.0983016 0.091787 0.0903449 0.091926 0.0943253 0.0956388 0.094946 0.092591 0.0896729 0.0871541 0.0852797 0.0835859 0.0813241 0.0779674 0.0735039 0.0683948 0.0633045 0.0588304 0.055393 0.0533029 0.0529165 0.0547714 0.0596218 0.0683279 0.0815414 0.0990784 0.11893 0.136408 0.145069 0.1407 0.125212 0.105306 0.0878179 0.0771334 0.0754027 0.0835054 0.101361 0.127102 0.155347 0.176648 0.182056 0.171096 0.152204 0.134687 0.123237 0.118012 0.116651 0.116163 0.114266 0.109989 0.103475 0.0953674 0.0863368 0.0769828 0.0679124 0.0597555 0.0530487 0.0480861 0.0448412 0.0429901 0.0420104 0.0413195 0.0404174 0.0389993 0.0370123 0.0346476 0.0322847 0.0304161 0.0295828 0.0303353 0.0332111 0.0387044 0.0471943 0.0588137 0.0732842 0.0898133 0.107175 0.123972 0.138857 0.150519 0.157636 0.159171 0.154928 0.145867 0.133853 0.121042 0.109323 0.100078 0.0942338 0.0923959 0.0948648 0.101453 0.111182 0.122077 0.131396 0.136576 0.136724 0.133687 0.131873 0.137157 0.155848 0.193758 0.253441 0.325189 0.372327 0.352538 0.28393 0.213252 0.161889 0.132349 0.12185 0.127659 0.148296 0.183437 0.233545 0.298945 0.375879 0.446689 0.476404 0.447296 0.385118 0.323386 0.280619 0.262974 0.267581 0.282599 0.289533 0.275713 0.246238 0.215964 0.196262 0.19252 0.206795 0.239945 0.292247 0.360648 0.427639 0.451601 0.410699 0.34301 0.286371 0.249837 0.228084 0.213652 0.202547 0.195206 0.194373 0.202184 0.21777 0.235876 0.248269 0.249439 0.241384 0.230524 0.221211 0.213304 0.204035 0.191175 0.174827 0.156779 0.138814 0.121806 0.105941 0.0913315 0.0783516 0.0675702 0.0595013 0.0544361 0.0524366 0.0534258 0.0572688 0.0637628 0.0725244 0.0828464 0.0936857 0.103969 0.11325 0.122381 0.133548 0.149374 0.171419 0.198697 0.22685 0.24917 0.260184 0.25916 0.249169 0.233305 0.213297 0.190996 0.169547 0.152788 0.144044 0.145491 0.157972 0.180509 0.208929 0.234365 0.24531 0.236017 0.212345 0.185748 0.165003 0.154547 0.156255 0.170676 0.196956 0.231874 0.268665 0.29706 0.307234 0.296988 0.273995 0.250054 0.23517 0.235782 0.255599 0.297012 0.360827 0.440693 0.512179 0.537497 0.503621 0.433138 0.356258 0.2924 0.24633 0.213988 0.190135 0.172627 0.162431 0.161644 0.171719 0.192022 0.218509 0.24424 0.264465 0.28286 0.310001 0.355268 0.419845 0.491498 0.543209 0.547776 0.500175 0.417481 0.325838 0.246915 0.190918 0.159537 0.151172 0.164035 0.197096 0.249555 0.319172 0.400109 0.482323 0.555059 0.613122 0.660932 0.711518 0.779555 0.871569 0.969268 0.980062 0.818903 0.607583 0.43232 0.304776 0.217837 0.162182 0.129729 0.114045 0.110057 0.113667 0.12152 0.130965 0.140163 0.148191 0.154963 0.160839 0.166003 0.169999 0.171806 0.170548 0.166324 0.160417 0.154586 0.15 0.146611 0.143419 0.139367 0.134096 0.127943 0.121445 0.115048 0.109254 0.104938 0.103499 0.106817 0.117009 0.135876 0.16376 0.197718 0.230296 0.25218 0.259284 0.255847 0.249158 0.244463 0.244493 0.250123 0.25993 0.26986 0.274873 0.271751 0.259871 0.240215 0.215612 0.191062 0.171867 0.16133 0.15998 0.165856 0.17497 0.182188 0.183243 0.176947 0.165186 0.150768 0.135927 0.12246 0.112171 0.10673 0.107259 0.114013 0.126067 0.140831 0.153773 0.159481 0.154617 0.140462 0.122043 0.105058 0.0939962 0.0922655 0.103273 0.131604 0.183866 0.26818 0.387563 0.510055 0.531571 0.442172 0.350291 0.296903 0.281783 0.296485 0.331076 0.374063 0.4125 0.433847 0.429515 0.401594 0.364737 0.33435 0.31526 0.301037 0.281145 0.250879 0.214382 0.178594 0.148071 0.124694 0.109067 0.101387 0.101641 0.109415 0.123444 0.141065 0.157998 0.169111 0.170341 0.160708 0.142787 0.12124 0.100714 0.084584 0.0748629 0.072796 0.0795617 0.0967714 0.126542 0.170697 0.228254 0.290838 0.340928 0.364683 0.36851 0.367874 0.368435 0.366146 0.355115 0.330364 0.28966 0.237986 0.185555 0.140642 0.106692 0.0837995 0.070784 0.066421 0.0699571 0.0812313 0.100558 0.128332 0.16421 0.205836 0.247761 0.28237 0.304197 0.31437 0.318962 0.321534 0.316801 0.293492 0.248343 0.192429 0.139559 0.0968622 0.0653624 0.0433153 0.0283648 0.0184242 0.0118982 0.00765041 0.00490214 0.00313206 0.00199609 0.00126925 0.000805399 0.000510084 0.000322476 0.000203532 0.000128263 8.07152e-05 5.07276e-05 3.18435e-05 1.9968e-05 
3.71592e-05 5.5652e-05 8.28184e-05 0.000122358 0.000179299 0.000260317 0.000374022 0.000531153 0.000744558 0.00102889 0.00139995 0.00187385 0.00246652 0.00319457 0.00407947 0.0051572 0.00649601 0.00822379 0.0105649 0.0138835 0.0187254 0.0258418 0.0361563 0.0505951 0.0696379 0.0924435 0.115711 0.133427 0.139483 0.132456 0.117053 0.100171 0.0867934 0.0790852 0.0774037 0.0816058 0.0921364 0.110874 0.141705 0.190795 0.266349 0.376421 0.517387 0.630449 0.600364 0.477311 0.360342 0.271358 0.207108 0.162051 0.132219 0.114967 0.10818 0.109504 0.115712 0.122579 0.125954 0.123814 0.117316 0.109464 0.102808 0.0982472 0.0952158 0.0925327 0.0892403 0.0850546 0.0803152 0.0756192 0.0714598 0.0681003 0.0657065 0.0646146 0.0655614 0.069753 0.0787292 0.0939786 0.116103 0.143217 0.168917 0.182673 0.176643 0.153742 0.124854 0.0998075 0.0837029 0.078226 0.0835181 0.0988525 0.121972 0.147617 0.167239 0.173087 0.164902 0.150231 0.137558 0.131212 0.130909 0.133327 0.134244 0.130758 0.122519 0.111099 0.0984534 0.0859345 0.0742299 0.0636869 0.0545603 0.0470555 0.0412624 0.0370941 0.0342849 0.0324451 0.0311455 0.0300083 0.0287796 0.027371 0.0258618 0.0244717 0.0235176 0.023373 0.0244375 0.0271166 0.0317976 0.0388063 0.0483402 0.0603893 0.0746804 0.0906706 0.107564 0.124275 0.139344 0.150956 0.157281 0.157134 0.150599 0.139197 0.125406 0.111844 0.100624 0.0931274 0.0900537 0.0914855 0.0968369 0.104747 0.113157 0.119805 0.123159 0.123379 0.122801 0.125792 0.138417 0.168488 0.226046 0.322827 0.462704 0.585853 0.532071 0.382832 0.263313 0.187978 0.147434 0.1326 0.137633 0.159099 0.194582 0.24162 0.297148 0.355622 0.403654 0.41974 0.394318 0.343707 0.291462 0.252368 0.231531 0.226812 0.230728 0.233408 0.22791 0.214198 0.197459 0.183945 0.178854 0.186082 0.208307 0.246459 0.296875 0.344982 0.365077 0.345739 0.307346 0.27388 0.252943 0.240331 0.229136 0.215986 0.202441 0.192331 0.188547 0.191424 0.198692 0.20681 0.213284 0.218114 0.222688 0.227266 0.229619 0.226146 0.214705 0.196411 0.174562 0.152315 0.131496 0.112788 0.0963969 0.0825068 0.0713738 0.0632026 0.0580276 0.0557023 0.0559838 0.0586272 0.0634026 0.0700117 0.0779826 0.0866928 0.0956495 0.104995 0.115947 0.130745 0.151863 0.180622 0.215516 0.25095 0.278192 0.290251 0.287047 0.273763 0.25487 0.232208 0.207495 0.184239 0.167023 0.160006 0.166281 0.187853 0.225036 0.273726 0.319899 0.33884 0.316043 0.267203 0.217765 0.181867 0.163467 0.162212 0.176081 0.201403 0.232074 0.259762 0.276228 0.277001 0.263962 0.244477 0.227724 0.221525 0.231453 0.261663 0.316358 0.399651 0.508001 0.608193 0.634653 0.574641 0.477853 0.383726 0.310221 0.25935 0.224962 0.200492 0.183066 0.173393 0.173742 0.186045 0.210004 0.240792 0.268788 0.286416 0.297917 0.316986 0.354636 0.410615 0.469659 0.5045 0.493491 0.439256 0.362502 0.284767 0.220338 0.175796 0.152699 0.150643 0.169287 0.209128 0.271101 0.354813 0.455488 0.56174 0.658339 0.732905 0.782231 0.817703 0.855397 0.898611 0.927372 0.885756 0.7406 0.558568 0.401369 0.284419 0.203836 0.15172 0.120746 0.105065 0.100154 0.102467 0.10918 0.118119 0.127812 0.137526 0.147102 0.156525 0.165329 0.172241 0.175568 0.1744 0.169671 0.163869 0.159516 0.157617 0.157048 0.155295 0.150257 0.141771 0.131423 0.121163 0.112332 0.105733 0.102228 0.103272 0.111166 0.129012 0.160221 0.206921 0.266031 0.323278 0.355133 0.351596 0.32834 0.304223 0.287097 0.277904 0.275812 0.27928 0.285512 0.290808 0.291514 0.284137 0.266099 0.238782 0.20863 0.183346 0.167857 0.163335 0.167835 0.176898 0.184493 0.185395 0.177999 0.164469 0.148125 0.131496 0.116341 0.104182 0.0963128 0.0934713 0.095565 0.101528 0.109261 0.115848 0.118357 0.115162 0.106888 0.0961403 0.0863529 0.0808887 0.0829343 0.0960185 0.12476 0.175379 0.254725 0.363221 0.469516 0.491905 0.424041 0.351469 0.314386 0.316227 0.350422 0.407256 0.474325 0.536879 0.576663 0.569977 0.51046 0.43028 0.362726 0.31681 0.285084 0.256068 0.223442 0.188425 0.155497 0.128136 0.107908 0.0952482 0.0902064 0.0927165 0.10248 0.118556 0.13877 0.159255 0.174715 0.180004 0.172729 0.154922 0.131937 0.109565 0.0920432 0.0818571 0.080563 0.0897867 0.112051 0.15128 0.212458 0.298558 0.399682 0.473856 0.472732 0.421383 0.369733 0.333622 0.30883 0.287015 0.261218 0.228138 0.18959 0.150887 0.117091 0.0909213 0.0729831 0.0628154 0.0597335 0.0632856 0.0734218 0.0904541 0.11478 0.14627 0.183336 0.222159 0.257429 0.285519 0.307775 0.329235 0.351688 0.364877 0.347956 0.294305 0.223946 0.158855 0.108065 0.0717224 0.0468976 0.0303808 0.0195621 0.0125436 0.0080189 0.00511414 0.00325507 0.00206812 0.00131184 0.000830828 0.000525415 0.000331807 0.000209262 0.000131811 8.29292e-05 5.21187e-05 3.2723e-05 2.05272e-05 
4.69308e-05 7.07797e-05 0.000106122 0.00015804 0.000233532 0.000342011 0.000495769 0.000710272 0.00100407 0.00139808 0.00191387 0.00257105 0.00338379 0.00435804 0.00549142 0.00677943 0.008231 0.00989509 0.0118954 0.0144652 0.0179695 0.0228956 0.0297871 0.0390826 0.0508196 0.0642177 0.077351 0.0874065 0.0919394 0.0905142 0.0851499 0.079059 0.0750243 0.0746649 0.0786356 0.08733 0.101799 0.124699 0.161089 0.219047 0.310265 0.450333 0.653951 0.871361 0.797513 0.595921 0.441498 0.331512 0.25252 0.19637 0.15904 0.138446 0.132939 0.140131 0.1555 0.171335 0.178537 0.172441 0.156552 0.138477 0.123823 0.114272 0.108795 0.105413 0.102476 0.0992411 0.0957681 0.0924352 0.0894649 0.0867725 0.0841998 0.0819711 0.0810684 0.0832884 0.0909714 0.106482 0.131246 0.163727 0.196271 0.214424 0.206423 0.176324 0.139337 0.107799 0.0869838 0.0778139 0.0795405 0.0906985 0.108717 0.129007 0.14513 0.151836 0.149337 0.14344 0.140981 0.145684 0.156621 0.168438 0.173704 0.167712 0.151801 0.131176 0.110523 0.0921523 0.0765717 0.0635618 0.0528194 0.0441386 0.0373618 0.0322924 0.0286544 0.0261079 0.0242968 0.0229056 0.0217075 0.0205927 0.019574 0.0187725 0.0183935 0.0187013 0.0200003 0.0226217 0.0269109 0.0332085 0.0418209 0.052983 0.0668148 0.0832586 0.101963 0.122083 0.142035 0.159412 0.171312 0.175248 0.170344 0.158027 0.141533 0.12456 0.110105 0.100038 0.0952137 0.0956449 0.100515 0.108109 0.11598 0.121651 0.123749 0.122951 0.122159 0.126118 0.141224 0.176152 0.243562 0.36301 0.5645 0.865613 0.698552 0.444213 0.289316 0.200335 0.154301 0.137649 0.142698 0.164733 0.199474 0.241372 0.283808 0.320351 0.343833 0.345999 0.324539 0.288376 0.251036 0.222482 0.206818 0.203151 0.207155 0.212973 0.215386 0.211493 0.201429 0.188398 0.177696 0.17473 0.183207 0.203978 0.233519 0.26223 0.27736 0.274137 0.261356 0.250699 0.246124 0.243633 0.23697 0.223576 0.206209 0.189969 0.178868 0.174499 0.176381 0.183006 0.192951 0.205368 0.219455 0.233287 0.243146 0.244595 0.235235 0.216526 0.192539 0.167336 0.143524 0.122295 0.104049 0.0889241 0.0770045 0.0682881 0.0625988 0.0595801 0.0587985 0.0598812 0.0625792 0.0667145 0.0720886 0.0784989 0.0859579 0.0950529 0.107217 0.124617 0.149471 0.182771 0.222572 0.262578 0.293131 0.306696 0.303656 0.290133 0.27099 0.247848 0.222299 0.198258 0.181116 0.175977 0.187035 0.217849 0.271152 0.34559 0.424188 0.459468 0.415097 0.329815 0.252719 0.201079 0.175879 0.174013 0.191385 0.221853 0.255298 0.278796 0.283416 0.270158 0.247298 0.224272 0.208657 0.205858 0.219756 0.253811 0.312347 0.400252 0.514997 0.621039 0.64243 0.570117 0.467337 0.373424 0.302071 0.25343 0.221332 0.19942 0.184538 0.176854 0.178363 0.191201 0.215502 0.246586 0.274293 0.29037 0.299599 0.317286 0.355778 0.414846 0.476224 0.506225 0.481468 0.413692 0.33195 0.257532 0.200304 0.163369 0.147007 0.151077 0.176399 0.225451 0.302255 0.410446 0.547338 0.694639 0.821784 0.908282 0.947495 0.953474 0.94443 0.918668 0.865824 0.771389 0.634956 0.486218 0.356169 0.256776 0.187017 0.141483 0.114466 0.101166 0.0977527 0.101102 0.108606 0.118209 0.128611 0.139381 0.15073 0.162855 0.175062 0.18521 0.190366 0.188972 0.182743 0.175911 0.172396 0.173351 0.176358 0.176676 0.170525 0.158016 0.142567 0.127906 0.116215 0.108369 0.105058 0.107778 0.119404 0.14447 0.189161 0.260299 0.360107 0.468606 0.522872 0.489397 0.426402 0.376802 0.345134 0.325459 0.313774 0.308584 0.308415 0.310688 0.311513 0.305414 0.287181 0.256983 0.222145 0.191881 0.17201 0.163949 0.165696 0.172683 0.178819 0.178838 0.171 0.157286 0.140944 0.124505 0.109617 0.097524 0.0891958 0.0851166 0.085068 0.0880451 0.0923392 0.0958593 0.0967353 0.0940348 0.0881928 0.0808726 0.0744284 0.0714251 0.0745213 0.0866935 0.111544 0.153182 0.214452 0.290821 0.3588 0.381092 0.35689 0.327006 0.321765 0.350258 0.410267 0.493264 0.586874 0.679201 0.753842 0.75627 0.645237 0.501401 0.389046 0.314916 0.266391 0.229636 0.196272 0.164381 0.135625 0.112105 0.0950847 0.0850867 0.0823079 0.0868566 0.0987072 0.117359 0.141206 0.166736 0.188117 0.198391 0.193127 0.173996 0.147826 0.122159 0.102238 0.0908954 0.0897914 0.100777 0.127106 0.174609 0.252787 0.374657 0.547228 0.703496 0.646857 0.499582 0.390317 0.321537 0.277322 0.244521 0.214822 0.184369 0.153106 0.123306 0.0975887 0.0776281 0.0639806 0.0564989 0.0548056 0.058614 0.0678834 0.0828283 0.103753 0.130645 0.162555 0.197134 0.23117 0.262627 0.292722 0.325097 0.360094 0.384835 0.372698 0.314887 0.237352 0.166641 0.112391 0.0740935 0.0481972 0.0310974 0.0199609 0.0127684 0.00814738 0.00518885 0.00329936 0.00209491 0.00132836 0.000841223 0.000532065 0.000336122 0.000212095 0.000133687 8.41788e-05 5.29552e-05 3.32847e-05 2.09051e-05 
5.85178e-05 8.88602e-05 0.000134229 0.000201523 0.000300396 0.000444052 0.000650046 0.000940874 0.001344 0.00189078 0.00261366 0.00354099 0.00468947 0.00605541 0.00760805 0.00929041 0.0110338 0.0127894 0.0145717 0.0165006 0.0188211 0.0218806 0.0260549 0.0316156 0.0385505 0.0463848 0.0541218 0.0604775 0.0644549 0.0659616 0.0659736 0.066092 0.0678766 0.0724211 0.0803575 0.0922816 0.109521 0.13505 0.174269 0.235471 0.329917 0.47046 0.661552 0.838439 0.802748 0.644657 0.502793 0.39098 0.30332 0.236779 0.19125 0.167165 0.164459 0.181807 0.214192 0.248554 0.264172 0.248911 0.213404 0.176515 0.148732 0.131682 0.122836 0.118798 0.116901 0.115729 0.114892 0.114387 0.113966 0.112911 0.110406 0.106358 0.102051 0.10011 0.103814 0.116249 0.139258 0.171419 0.204668 0.223299 0.214208 0.181685 0.142111 0.108346 0.0854811 0.0739798 0.0725879 0.0794455 0.0920248 0.106772 0.119533 0.127507 0.131565 0.136328 0.147607 0.16923 0.200058 0.231 0.246144 0.234865 0.203318 0.165958 0.132391 0.105413 0.0843771 0.0678582 0.054729 0.0443056 0.0361738 0.0300072 0.0254733 0.0222199 0.0199009 0.0182152 0.0169374 0.015937 0.0151825 0.0147331 0.0147251 0.0153577 0.0168839 0.0196063 0.0238764 0.0300939 0.0387033 0.0501815 0.065003 0.0835479 0.105893 0.131438 0.158411 0.183532 0.202324 0.2105 0.206082 0.190794 0.169305 0.1469 0.127621 0.1138 0.10642 0.105476 0.110015 0.117969 0.12628 0.131791 0.132792 0.130186 0.127386 0.129426 0.142475 0.174336 0.235671 0.34073 0.500731 0.659576 0.586173 0.406145 0.273491 0.192753 0.15022 0.135226 0.14106 0.163008 0.195845 0.232006 0.262676 0.281767 0.287498 0.280132 0.261747 0.237702 0.215115 0.199738 0.194277 0.198394 0.209506 0.22361 0.235618 0.239741 0.231872 0.213489 0.191795 0.17496 0.168045 0.172042 0.18421 0.198842 0.209852 0.215156 0.218113 0.223207 0.230875 0.236575 0.234475 0.222516 0.20402 0.184849 0.16993 0.161857 0.161225 0.167482 0.179623 0.196399 0.21602 0.235551 0.250625 0.256489 0.250453 0.233616 0.209914 0.183711 0.158178 0.135017 0.114929 0.0981743 0.0848639 0.0749629 0.0681932 0.0640293 0.0618468 0.061134 0.0616193 0.0632459 0.0660701 0.0702361 0.0761141 0.0845387 0.0969646 0.115326 0.141432 0.175827 0.216248 0.256497 0.287687 0.303262 0.303702 0.294233 0.278688 0.258051 0.233796 0.210265 0.193661 0.189994 0.204314 0.241183 0.305032 0.39756 0.503291 0.555227 0.488867 0.372574 0.275985 0.215069 0.187842 0.190113 0.217982 0.264866 0.315309 0.343605 0.332898 0.294479 0.250716 0.215566 0.194567 0.189679 0.201998 0.232952 0.284837 0.359524 0.451039 0.529121 0.543554 0.488818 0.407435 0.331201 0.272328 0.23181 0.205419 0.188229 0.177271 0.172077 0.174004 0.184965 0.205356 0.231494 0.255368 0.271075 0.283839 0.308544 0.359536 0.441611 0.536927 0.585572 0.534561 0.427867 0.323708 0.242444 0.186433 0.153644 0.142071 0.151159 0.182564 0.240906 0.334484 0.474567 0.667319 0.882618 1.03267 1.09938 1.11759 1.10609 1.05981 0.958053 0.826022 0.685923 0.546224 0.417463 0.310031 0.228175 0.170482 0.133051 0.111703 0.102789 0.103189 0.110008 0.120411 0.13189 0.142933 0.153509 0.16474 0.177721 0.192035 0.204759 0.211315 0.208974 0.200176 0.191262 0.187909 0.191629 0.19867 0.20163 0.19454 0.177876 0.157333 0.138533 0.124252 0.115147 0.111563 0.11496 0.128739 0.158807 0.214345 0.308815 0.459277 0.668044 0.787813 0.661646 0.535191 0.462449 0.421635 0.393151 0.37043 0.353984 0.343889 0.338003 0.332431 0.321464 0.299526 0.266337 0.228743 0.195613 0.17261 0.161122 0.159245 0.162775 0.166332 0.165345 0.158129 0.146054 0.13171 0.117274 0.104195 0.0935134 0.0860258 0.0821445 0.0816803 0.0837218 0.0867263 0.0888858 0.0887116 0.0855942 0.0800357 0.0734526 0.0677487 0.0649645 0.0671666 0.076527 0.0953579 0.125688 0.167704 0.216521 0.259564 0.283231 0.289497 0.297323 0.325969 0.38557 0.476496 0.589099 0.705662 0.813446 0.910522 0.923296 0.749117 0.547052 0.401784 0.308915 0.24987 0.208712 0.17559 0.146525 0.121267 0.100896 0.0864468 0.0785671 0.077655 0.0840399 0.09799 0.119435 0.14729 0.178323 0.206036 0.221414 0.217773 0.196575 0.1665 0.137013 0.114319 0.101461 0.0999938 0.111622 0.139654 0.190574 0.276152 0.416548 0.644832 1.00207 0.786905 0.54714 0.405942 0.321131 0.265943 0.224921 0.190234 0.158718 0.129861 0.10444 0.0834984 0.067731 0.0573295 0.0521227 0.0517928 0.0560493 0.0647339 0.077857 0.0955415 0.117814 0.144248 0.173686 0.204483 0.235516 0.267222 0.301043 0.335357 0.357929 0.346607 0.294834 0.224538 0.15918 0.10821 0.0717865 0.0469317 0.0304053 0.0195834 0.0125634 0.0080369 0.00513008 0.00326875 0.00207951 0.00132105 0.000838107 0.000531043 0.000336075 0.000212447 0.000134153 8.46296e-05 5.33405e-05 3.35929e-05 2.11418e-05 
7.1927e-05 0.000109918 0.000167218 0.000253024 0.000380426 0.000567667 0.000839507 0.00122842 0.00177508 0.00252728 0.003536 0.00484721 0.00648843 0.00845087 0.0106716 0.0130248 0.0153347 0.0174193 0.0191592 0.0205681 0.0218273 0.0232588 0.0252375 0.028066 0.0318489 0.0364076 0.0412892 0.0459162 0.0498571 0.0530898 0.05609 0.0596848 0.0647812 0.0721417 0.0823567 0.0961218 0.114845 0.141412 0.180771 0.239976 0.32713 0.447268 0.589618 0.703186 0.718395 0.650323 0.555406 0.457189 0.363659 0.284218 0.227524 0.198287 0.198679 0.229927 0.289763 0.360863 0.396391 0.360028 0.28618 0.219464 0.174099 0.148218 0.136011 0.132005 0.13227 0.134582 0.138006 0.142088 0.145964 0.147918 0.145916 0.139127 0.129256 0.12025 0.116653 0.122082 0.138186 0.163152 0.189361 0.203401 0.194623 0.166194 0.131201 0.100599 0.0791136 0.067326 0.0640942 0.0676752 0.0759568 0.0864884 0.0969615 0.106404 0.11645 0.131567 0.157976 0.201623 0.264079 0.332786 0.370648 0.345674 0.280754 0.214591 0.162592 0.124813 0.0972799 0.0764684 0.0602185 0.0474083 0.037432 0.0298495 0.0242431 0.0201967 0.0173221 0.0152901 0.0138525 0.0128521 0.0122229 0.0119837 0.0122301 0.0131274 0.0149099 0.0178853 0.0224451 0.0290789 0.03839 0.0511047 0.068055 0.0900789 0.117741 0.150748 0.187068 0.222159 0.249285 0.261766 0.256504 0.236127 0.207475 0.177821 0.152257 0.133417 0.122324 0.119005 0.122488 0.130447 0.139199 0.144745 0.144799 0.140271 0.134862 0.133544 0.141597 0.164644 0.208683 0.277757 0.363516 0.422327 0.395901 0.310488 0.227219 0.16897 0.136473 0.125545 0.132165 0.152568 0.181596 0.211373 0.233017 0.241593 0.238391 0.227651 0.21354 0.200055 0.191159 0.189958 0.197808 0.21408 0.23665 0.262354 0.285929 0.29812 0.289142 0.259245 0.220657 0.186507 0.163517 0.152585 0.151305 0.155894 0.162989 0.17129 0.181656 0.194965 0.209479 0.22027 0.221872 0.212358 0.194905 0.175458 0.159404 0.149984 0.148439 0.154727 0.168067 0.18709 0.209677 0.232622 0.251556 0.261817 0.260403 0.247562 0.226437 0.201213 0.175379 0.151047 0.129225 0.110429 0.0950246 0.0831753 0.0746595 0.0688602 0.0649839 0.0623722 0.0607074 0.0600123 0.0605271 0.0626279 0.0668823 0.0741897 0.0858607 0.103465 0.128311 0.160497 0.197736 0.234754 0.264703 0.282933 0.289751 0.288254 0.280005 0.264592 0.243139 0.220588 0.204178 0.200714 0.215431 0.252379 0.314676 0.401763 0.496224 0.538263 0.476334 0.367587 0.275265 0.217496 0.194967 0.206378 0.252035 0.330705 0.42533 0.47826 0.437379 0.349175 0.26992 0.215389 0.184665 0.174203 0.181379 0.204869 0.244127 0.297464 0.357086 0.403193 0.411667 0.379562 0.327052 0.274323 0.231732 0.201689 0.182269 0.170263 0.163164 0.16002 0.161465 0.168949 0.183037 0.201564 0.219932 0.235718 0.254446 0.289647 0.35832 0.477366 0.652463 0.78387 0.651545 0.462692 0.324034 0.232211 0.175315 0.144954 0.136578 0.148945 0.184115 0.248229 0.353252 0.519417 0.775385 1.12359 1.25975 1.21088 1.20902 1.24833 1.21994 1.01286 0.795134 0.618183 0.475102 0.359756 0.269738 0.203039 0.156838 0.127942 0.113421 0.110789 0.117672 0.131196 0.147572 0.162674 0.173872 0.181654 0.189015 0.198947 0.211908 0.224506 0.230663 0.226417 0.214631 0.203294 0.199448 0.204916 0.215013 0.220266 0.212885 0.19365 0.170071 0.149052 0.133542 0.123799 0.119766 0.122793 0.136522 0.167461 0.225971 0.32824 0.499351 0.773488 0.993498 0.755787 0.61224 0.54906 0.516774 0.484314 0.449491 0.419961 0.396971 0.377434 0.358131 0.335454 0.305768 0.268954 0.230032 0.195786 0.170811 0.156327 0.150757 0.150614 0.151577 0.150018 0.144383 0.135306 0.124433 0.113282 0.102937 0.094278 0.0881209 0.0850582 0.0851124 0.0874636 0.0904782 0.0921725 0.0910029 0.0865449 0.0796146 0.0718326 0.0650453 0.0609711 0.0611353 0.0669426 0.0796635 0.100086 0.127653 0.159343 0.189874 0.215504 0.239685 0.273633 0.330855 0.421624 0.548636 0.700133 0.840039 0.92422 0.954849 0.907423 0.73111 0.535631 0.391364 0.29753 0.237646 0.196661 0.164767 0.137482 0.114025 0.0952486 0.0822199 0.0757103 0.076244 0.084278 0.100251 0.124338 0.155726 0.191267 0.223924 0.243263 0.241043 0.218479 0.185444 0.15282 0.127678 0.113323 0.111116 0.12223 0.149085 0.196743 0.274241 0.394603 0.565245 0.719821 0.663014 0.515816 0.40461 0.329429 0.273568 0.226613 0.185143 0.148955 0.118413 0.0936843 0.0747218 0.0613178 0.05314 0.0497766 0.0507843 0.0557249 0.0642016 0.0759144 0.0907168 0.108599 0.129523 0.153184 0.178921 0.205949 0.233696 0.261447 0.286111 0.298634 0.286258 0.2463 0.192173 0.139761 0.0971392 0.065621 0.0435344 0.028542 0.0185634 0.0120056 0.00773234 0.00496422 0.00317887 0.0020312 0.00129542 0.000824777 0.000524319 0.000332847 0.000211026 0.000133635 8.45375e-05 5.34292e-05 3.37415e-05 2.12945e-05 
8.70547e-05 0.00013378 0.000204813 0.000312142 0.00047311 0.000712343 0.00106399 0.00157398 0.00230151 0.00331862 0.00470558 0.00653941 0.00887276 0.0117025 0.0149331 0.0183494 0.0216236 0.0243782 0.0263054 0.0272987 0.0275255 0.0273933 0.0274218 0.028084 0.0296796 0.0322756 0.0357232 0.0397467 0.0440795 0.0486011 0.0534242 0.0589039 0.0655755 0.074059 0.0850173 0.0992959 0.118323 0.144648 0.182314 0.236652 0.312897 0.412281 0.524308 0.620603 0.66992 0.667838 0.626032 0.546198 0.440175 0.338784 0.264973 0.227162 0.228218 0.271966 0.363332 0.492655 0.572767 0.490435 0.356478 0.255647 0.193888 0.161062 0.147173 0.144708 0.14858 0.15579 0.164909 0.175148 0.185078 0.191662 0.190823 0.180253 0.162287 0.143115 0.129163 0.124527 0.130276 0.144047 0.15933 0.166552 0.15873 0.137492 0.110997 0.0869638 0.0693551 0.059056 0.0553941 0.0570822 0.0626079 0.0704732 0.0796525 0.0903781 0.104984 0.12842 0.168388 0.235166 0.33952 0.478631 0.576803 0.509628 0.37542 0.2682 0.195887 0.147817 0.114161 0.0888545 0.06892 0.0530941 0.0407578 0.0314101 0.0245261 0.0195781 0.0160878 0.0136623 0.0120089 0.010936 0.0103478 0.0102357 0.0106728 0.0118122 0.0138925 0.0172507 0.0223415 0.0297631 0.0402876 0.0548896 0.0747532 0.101193 0.135338 0.177332 0.224896 0.271837 0.308337 0.324788 0.317353 0.290383 0.253397 0.215643 0.182958 0.157994 0.141737 0.134369 0.13511 0.141609 0.149802 0.155072 0.154595 0.149042 0.141934 0.137664 0.140222 0.15295 0.178153 0.214906 0.254154 0.275806 0.2625 0.221541 0.175237 0.138841 0.117365 0.110775 0.11739 0.134569 0.157922 0.180755 0.195942 0.200102 0.195465 0.187099 0.179735 0.177038 0.18192 0.196363 0.22068 0.252894 0.289346 0.326492 0.359954 0.378282 0.364583 0.317851 0.258504 0.205869 0.167646 0.143962 0.132099 0.128872 0.131781 0.139547 0.151779 0.167672 0.184517 0.197453 0.201447 0.194549 0.179421 0.161566 0.14632 0.137166 0.135685 0.142151 0.156001 0.175993 0.200103 0.225316 0.247573 0.262402 0.266414 0.258851 0.241861 0.219207 0.194435 0.169806 0.146486 0.12531 0.107142 0.0926068 0.0817208 0.0738617 0.0680959 0.063612 0.0600062 0.0573102 0.0558504 0.0561154 0.0587379 0.064557 0.0746453 0.0901654 0.111955 0.139834 0.171865 0.204217 0.232451 0.253861 0.268548 0.277327 0.278833 0.270265 0.251919 0.229713 0.212406 0.20749 0.219618 0.250942 0.301123 0.364705 0.423529 0.44203 0.39873 0.322159 0.25194 0.207196 0.193969 0.216072 0.280631 0.399623 0.57945 0.720989 0.591142 0.412746 0.290419 0.216513 0.176533 0.160364 0.161814 0.177135 0.203607 0.237738 0.272811 0.297749 0.301914 0.283979 0.252792 0.219354 0.190937 0.170277 0.156958 0.149109 0.14476 0.142757 0.143195 0.147078 0.155137 0.166679 0.180029 0.195367 0.218053 0.259551 0.336697 0.472914 0.703064 1.0402 0.706912 0.46206 0.310331 0.217316 0.162755 0.13528 0.129197 0.142873 0.178283 0.241591 0.344866 0.508839 0.765242 1.13761 1.24379 1.14346 1.15209 1.2783 1.35292 1.00181 0.7347 0.548115 0.412494 0.311594 0.23692 0.183453 0.147736 0.127284 0.120427 0.126044 0.142847 0.168045 0.19586 0.217983 0.228291 0.228197 0.225029 0.225457 0.231288 0.23889 0.241399 0.234204 0.219966 0.206795 0.201853 0.206965 0.217318 0.223216 0.21667 0.198426 0.176028 0.156274 0.141819 0.13257 0.128206 0.129964 0.141383 0.168527 0.220274 0.308522 0.445282 0.620509 0.72536 0.679797 0.62867 0.62218 0.621992 0.592029 0.54762 0.509081 0.47397 0.435818 0.395372 0.35488 0.313904 0.272029 0.231513 0.196275 0.169465 0.152133 0.14318 0.139932 0.139071 0.137779 0.134629 0.12961 0.123361 0.11645 0.10929 0.102533 0.0972699 0.0946875 0.0953537 0.0986041 0.102433 0.10416 0.101741 0.0948816 0.0850382 0.0744642 0.0652464 0.0589168 0.0565249 0.0588387 0.0664297 0.0795343 0.0977338 0.119774 0.144213 0.17136 0.205521 0.255504 0.33292 0.4494 0.612716 0.818449 1.01373 1.04371 0.934991 0.797545 0.63599 0.480769 0.362337 0.282883 0.231206 0.194804 0.164976 0.13811 0.114345 0.0952688 0.0823409 0.0764549 0.0781316 0.0877971 0.105868 0.132498 0.166818 0.205512 0.241221 0.263073 0.26229 0.239556 0.204804 0.16977 0.14249 0.12672 0.123617 0.133502 0.157181 0.196925 0.256707 0.339594 0.436891 0.508468 0.507412 0.457904 0.405158 0.357384 0.306557 0.251353 0.198086 0.152446 0.116381 0.0894226 0.0703348 0.0579066 0.05116 0.0493192 0.051708 0.0576462 0.0664002 0.0772481 0.0896682 0.103524 0.119047 0.136537 0.155967 0.176735 0.197642 0.21682 0.231021 0.234742 0.222203 0.193092 0.154627 0.116005 0.0830396 0.0575477 0.0390033 0.0260271 0.0171764 0.0112435 0.00731479 0.00473616 0.00305485 0.0019642 0.00125959 0.000805897 0.000514592 0.000328008 0.000208752 0.000132675 8.42234e-05 5.34123e-05 3.38448e-05 2.1432e-05 
0.000103685 0.000160054 0.000246336 0.000377741 0.000576611 0.000875245 0.00131937 0.00197198 0.00291671 0.00425897 0.00612183 0.00863173 0.0118883 0.0159144 0.0205894 0.0255882 0.0303685 0.0342591 0.0366645 0.0373128 0.0364039 0.0345571 0.0325929 0.031284 0.0311875 0.0325864 0.0355069 0.039771 0.0450603 0.050999 0.0572756 0.0638032 0.0708524 0.0790707 0.0893891 0.102961 0.121285 0.146487 0.181544 0.230155 0.295799 0.379318 0.475095 0.569338 0.647648 0.706067 0.731792 0.672156 0.532435 0.394109 0.29741 0.247906 0.244632 0.290266 0.39244 0.550307 0.663023 0.546603 0.382292 0.268415 0.201552 0.167655 0.155345 0.15646 0.165322 0.178335 0.193726 0.210676 0.227529 0.239898 0.240863 0.225686 0.197584 0.166136 0.140295 0.124596 0.119413 0.121981 0.127039 0.128227 0.121231 0.106512 0.0883381 0.0713667 0.0584638 0.0505905 0.0475196 0.048473 0.0525138 0.0588541 0.0672668 0.0786703 0.0958091 0.123967 0.171869 0.253179 0.388915 0.608818 0.88026 0.668925 0.444647 0.306999 0.223708 0.170684 0.133237 0.103957 0.0800332 0.0606913 0.0455802 0.0342011 0.0258949 0.0199757 0.0158356 0.0129908 0.0110896 0.00990204 0.0093053 0.00927234 0.00986608 0.0112417 0.0136576 0.0174952 0.0232865 0.0317465 0.04381 0.0606693 0.0838023 0.114935 0.155757 0.20698 0.266306 0.325824 0.372024 0.391993 0.381781 0.348165 0.303333 0.258075 0.218409 0.186604 0.163611 0.150078 0.145765 0.14862 0.154631 0.159062 0.158815 0.154043 0.14743 0.14219 0.140824 0.144968 0.15523 0.170083 0.184273 0.189464 0.179819 0.157855 0.132167 0.110666 0.0975533 0.0940516 0.0996857 0.112702 0.1298 0.146175 0.157108 0.16072 0.159153 0.156873 0.158427 0.167617 0.187577 0.220509 0.266317 0.320228 0.372432 0.414662 0.445594 0.45862 0.434545 0.371316 0.294908 0.227815 0.177543 0.143582 0.123099 0.113162 0.111485 0.116569 0.127314 0.142158 0.158147 0.170847 0.175832 0.171219 0.15905 0.144018 0.130938 0.123165 0.122409 0.129185 0.143215 0.163568 0.188573 0.215606 0.240965 0.260277 0.26973 0.267684 0.255441 0.236329 0.213726 0.189691 0.165274 0.141623 0.120315 0.102676 0.0890938 0.0789984 0.0713361 0.0651374 0.0598762 0.0555253 0.0524114 0.0510462 0.0520477 0.0561394 0.0641418 0.0768561 0.0947749 0.11765 0.144129 0.171887 0.198567 0.223002 0.245188 0.264166 0.275741 0.274188 0.258587 0.23609 0.217214 0.209906 0.21775 0.240641 0.275226 0.31388 0.34287 0.345196 0.314516 0.264807 0.217582 0.187834 0.183819 0.212502 0.284685 0.419629 0.649859 0.966356 0.662593 0.430055 0.291015 0.210754 0.167726 0.149 0.146758 0.156005 0.172979 0.193846 0.213648 0.226411 0.227422 0.216274 0.197124 0.175793 0.156876 0.142648 0.133333 0.127878 0.124813 0.123038 0.122371 0.123487 0.127203 0.133803 0.143348 0.15722 0.1799 0.219685 0.288182 0.39792 0.547435 0.646232 0.547547 0.390281 0.270748 0.19283 0.146478 0.123542 0.119413 0.13267 0.164851 0.22068 0.308581 0.440044 0.621609 0.817872 0.914399 0.920974 0.949314 1.02119 1.0143 0.823721 0.621006 0.466232 0.353229 0.270932 0.211551 0.170209 0.144049 0.131706 0.133025 0.148744 0.179621 0.224084 0.273743 0.310586 0.317916 0.299823 0.275295 0.257881 0.250205 0.247661 0.243018 0.231676 0.215503 0.201095 0.194421 0.196953 0.204582 0.209345 0.204794 0.191272 0.174454 0.15957 0.148537 0.140994 0.136554 0.136416 0.143851 0.163917 0.20287 0.266777 0.356817 0.457438 0.530643 0.563589 0.597752 0.655963 0.698119 0.683249 0.649509 0.623767 0.58492 0.520618 0.448813 0.384934 0.330646 0.282649 0.239262 0.201569 0.171694 0.150862 0.138575 0.132876 0.131188 0.131275 0.131838 0.132374 0.132446 0.131152 0.127557 0.121817 0.115738 0.111917 0.112126 0.11606 0.121043 0.123048 0.118958 0.108569 0.0943972 0.0797657 0.0672119 0.0581287 0.0531153 0.0524064 0.0561074 0.0642298 0.0766489 0.0932154 0.114295 0.141801 0.180303 0.237541 0.324031 0.451712 0.631552 0.871122 1.14903 1.11827 0.878344 0.688426 0.536572 0.415409 0.327361 0.269352 0.231694 0.203045 0.175585 0.147512 0.121281 0.100146 0.0862457 0.0805427 0.083417 0.0951304 0.115931 0.145763 0.183515 0.225669 0.26473 0.289487 0.290198 0.266494 0.228614 0.189873 0.159675 0.14219 0.138147 0.146736 0.166833 0.197786 0.239655 0.291659 0.347674 0.393635 0.418997 0.430939 0.438043 0.426813 0.378035 0.302588 0.227043 0.16572 0.120717 0.0895115 0.0689905 0.0566842 0.050874 0.050373 0.0542405 0.0615186 0.0710731 0.0816589 0.0922628 0.102538 0.112928 0.124267 0.13709 0.1511 0.165036 0.176834 0.183762 0.182669 0.1712 0.149892 0.122691 0.0947396 0.0698545 0.04974 0.0345122 0.0234906 0.0157606 0.0104595 0.00688342 0.00450023 0.00292672 0.00189525 0.00122297 0.000786808 0.000504918 0.000323319 0.000206649 0.00013187 8.40394e-05 5.34991e-05 3.40281e-05 2.16299e-05 
0.00012151 0.000188161 0.000290729 0.000447941 0.000687687 0.00105093 0.00159675 0.00240841 0.00359942 0.0053178 0.00774403 0.0110756 0.0154882 0.0210618 0.0276724 0.0348724 0.0418322 0.0474497 0.0506871 0.0510221 0.0487352 0.0448168 0.0405762 0.0372279 0.0356553 0.0363586 0.0394885 0.0448723 0.0520059 0.0600732 0.0681152 0.075417 0.0819592 0.0886051 0.0968642 0.108473 0.125142 0.148587 0.180703 0.223691 0.279794 0.350199 0.433281 0.524483 0.621739 0.731907 0.840759 0.803669 0.606835 0.430438 0.315359 0.25574 0.244083 0.277791 0.356241 0.463821 0.524854 0.458488 0.343077 0.251507 0.194968 0.167058 0.159724 0.166095 0.180609 0.199246 0.219982 0.242256 0.264653 0.281911 0.284386 0.264601 0.226712 0.183946 0.147616 0.122474 0.108283 0.102101 0.0996731 0.0966576 0.090212 0.0801029 0.0682413 0.0571056 0.0484913 0.0431849 0.0412028 0.0421476 0.0455125 0.050968 0.0587123 0.0699265 0.0873227 0.115793 0.163245 0.241688 0.367682 0.553982 0.719774 0.607877 0.432175 0.312858 0.238692 0.189621 0.152036 0.119885 0.0920609 0.0690566 0.0510636 0.0376228 0.0279107 0.0210509 0.0162859 0.0130322 0.0108772 0.00955499 0.00892207 0.00894036 0.00967104 0.0112797 0.0140526 0.0184233 0.0250057 0.0346285 0.0483654 0.0675587 0.0938388 0.129121 0.175413 0.23394 0.302745 0.37298 0.428109 0.452141 0.440836 0.402781 0.352393 0.301721 0.256352 0.217627 0.186588 0.164922 0.153425 0.15068 0.153104 0.156328 0.157262 0.155344 0.151859 0.148299 0.145511 0.143935 0.143846 0.144811 0.144912 0.141165 0.131624 0.117294 0.101646 0.0884578 0.0802976 0.0782709 0.0822951 0.0912367 0.102889 0.114271 0.12276 0.127665 0.130909 0.136203 0.1478 0.169904 0.206668 0.26196 0.337281 0.425079 0.499858 0.533839 0.534283 0.517772 0.475835 0.404651 0.32328 0.250048 0.192028 0.149825 0.12173 0.105434 0.0987628 0.0999278 0.107339 0.119058 0.132226 0.143048 0.147882 0.145088 0.1361 0.124569 0.114464 0.108757 0.109167 0.116438 0.130645 0.151289 0.177164 0.206048 0.234456 0.257896 0.272066 0.274675 0.266557 0.250859 0.23076 0.207878 0.182887 0.157155 0.133031 0.112594 0.0966165 0.0845746 0.0753026 0.0676811 0.0610516 0.055301 0.0507219 0.0478195 0.0471795 0.0494157 0.0551402 0.0648846 0.0789343 0.0971111 0.118658 0.142452 0.167584 0.193844 0.221134 0.247367 0.26647 0.270611 0.257858 0.236047 0.216633 0.207498 0.211139 0.225766 0.24654 0.266317 0.276533 0.270062 0.246312 0.213253 0.182688 0.164664 0.166414 0.194501 0.257132 0.363645 0.509787 0.606191 0.516966 0.371577 0.262901 0.1952 0.157864 0.141388 0.138928 0.145547 0.15732 0.170631 0.181833 0.187553 0.185708 0.176521 0.16243 0.146831 0.132649 0.12156 0.113921 0.109102 0.106026 0.103782 0.102102 0.101423 0.102512 0.106068 0.11285 0.124416 0.143908 0.176156 0.226389 0.295838 0.3701 0.405938 0.368891 0.29104 0.216655 0.161887 0.127389 0.110181 0.107834 0.119546 0.146333 0.191003 0.257683 0.349573 0.462042 0.571329 0.64317 0.678123 0.705291 0.726761 0.700759 0.605749 0.486329 0.380881 0.298755 0.237701 0.193666 0.163635 0.146177 0.141376 0.150781 0.177481 0.225807 0.298825 0.38904 0.459611 0.458853 0.401277 0.339828 0.297088 0.272128 0.25675 0.242734 0.225693 0.206715 0.19045 0.181157 0.179823 0.183442 0.186527 0.184702 0.177806 0.168992 0.161203 0.155191 0.150209 0.145854 0.143408 0.145984 0.157788 0.183053 0.224574 0.281166 0.34494 0.40504 0.462127 0.531677 0.617717 0.686235 0.711026 0.733813 0.77101 0.746113 0.632845 0.513404 0.423229 0.357562 0.304779 0.257582 0.214992 0.179574 0.153643 0.137487 0.129653 0.128017 0.130794 0.136969 0.145814 0.155663 0.163047 0.163955 0.157235 0.146438 0.137379 0.134217 0.137285 0.14291 0.145034 0.138845 0.124144 0.104856 0.0856384 0.0695246 0.0577298 0.0504054 0.0473284 0.0482679 0.0531135 0.0619321 0.0751165 0.0937489 0.120174 0.158593 0.21539 0.298823 0.417504 0.576525 0.768748 0.937935 0.911632 0.735467 0.570804 0.444904 0.354128 0.294167 0.25877 0.237556 0.218264 0.192957 0.16224 0.132057 0.107939 0.0927582 0.08744 0.0921651 0.107033 0.132112 0.167051 0.210407 0.258622 0.304318 0.334969 0.337067 0.308113 0.261526 0.215056 0.179929 0.160022 0.154985 0.162588 0.179793 0.203485 0.231499 0.263111 0.298068 0.336329 0.38153 0.442613 0.519377 0.563757 0.501462 0.377137 0.264666 0.182727 0.127368 0.0914214 0.0691484 0.0566882 0.0516074 0.0523541 0.0577607 0.0666145 0.077374 0.0882176 0.0975629 0.104807 0.110627 0.116436 0.123403 0.131707 0.140368 0.147506 0.150808 0.14811 0.138232 0.12181 0.10131 0.0799321 0.06031 0.043894 0.0310554 0.0214958 0.0146292 0.00982649 0.00653333 0.00430891 0.00282358 0.00184061 0.0011947 0.000772696 0.000498262 0.00032049 0.000205709 0.000131804 8.43303e-05 5.3895e-05 3.44151e-05 2.19636e-05 
0.000140185 0.000217412 0.000336672 0.000520295 0.000801908 0.00123156 0.00188262 0.00286044 0.00431215 0.00643523 0.00947988 0.0137352 0.0194832 0.0269011 0.0358984 0.0459115 0.05576 0.0637544 0.0682129 0.0682392 0.0642443 0.0577819 0.0508634 0.0452918 0.0423466 0.0427723 0.0468596 0.0544459 0.0647836 0.0763993 0.0872608 0.095546 0.100755 0.104249 0.108652 0.116729 0.130618 0.151686 0.180784 0.218707 0.266585 0.325648 0.396354 0.478444 0.574017 0.688914 0.802042 0.77464 0.593401 0.42497 0.312114 0.250221 0.230681 0.246995 0.29133 0.344528 0.368609 0.337634 0.27545 0.2174 0.1786 0.160459 0.159635 0.171448 0.190862 0.213504 0.237053 0.261198 0.284961 0.30302 0.304821 0.281867 0.238757 0.190178 0.148212 0.117552 0.0977518 0.0860619 0.0790516 0.073581 0.0675793 0.060464 0.0528886 0.0460048 0.0407895 0.0377547 0.0369786 0.0382745 0.0413938 0.0462509 0.0531993 0.0633704 0.0790543 0.104078 0.144049 0.205914 0.294591 0.399559 0.467215 0.438928 0.359732 0.28918 0.239139 0.201302 0.16698 0.133505 0.102612 0.0765385 0.0561401 0.0410066 0.0301533 0.0225277 0.0172419 0.0136318 0.0112401 0.00977878 0.00909413 0.00914539 0.00999756 0.0118295 0.0149561 0.0198608 0.0272336 0.038002 0.05334 0.0746451 0.103493 0.141608 0.190781 0.252269 0.324612 0.399604 0.460635 0.490453 0.48273 0.444935 0.393003 0.340487 0.292001 0.247352 0.207956 0.177307 0.157736 0.148662 0.147104 0.149284 0.152286 0.154822 0.156573 0.157007 0.155127 0.150382 0.143364 0.135214 0.126477 0.116816 0.105816 0.0939028 0.0824394 0.0730942 0.0671803 0.0653556 0.0675846 0.0731585 0.0807677 0.0888243 0.096188 0.103033 0.111257 0.124185 0.145998 0.181434 0.235929 0.316049 0.428912 0.572979 0.698032 0.702076 0.628253 0.559025 0.496508 0.426957 0.351273 0.277656 0.213402 0.16273 0.126555 0.103536 0.0914625 0.0881083 0.0914009 0.0991481 0.108685 0.116895 0.120955 0.119546 0.113562 0.105593 0.0986594 0.0952479 0.0970269 0.104984 0.119617 0.140953 0.168321 0.199868 0.23205 0.259742 0.277676 0.282919 0.276454 0.262014 0.24307 0.220939 0.195831 0.169094 0.143514 0.121626 0.104403 0.0913095 0.0810743 0.072452 0.0646793 0.0575925 0.0514971 0.0469421 0.0445302 0.0448163 0.0482701 0.0552434 0.0659078 0.0801865 0.0977645 0.11827 0.141568 0.167804 0.196615 0.225307 0.247384 0.254957 0.245895 0.227302 0.209737 0.200328 0.200863 0.208855 0.219315 0.226585 0.225961 0.215192 0.195754 0.172754 0.152927 0.142449 0.146259 0.168564 0.212834 0.278549 0.350439 0.386614 0.354744 0.285176 0.22006 0.174822 0.149424 0.139574 0.140629 0.148409 0.159156 0.169423 0.176183 0.177268 0.171943 0.161142 0.147057 0.132258 0.11886 0.108071 0.100142 0.0945961 0.0906035 0.0874335 0.0848088 0.0829938 0.082602 0.0843613 0.0891185 0.0981072 0.113178 0.136531 0.169424 0.209274 0.245629 0.260961 0.245002 0.207302 0.165643 0.131395 0.108369 0.0967456 0.0958966 0.10563 0.126562 0.160007 0.207292 0.268006 0.336954 0.402361 0.451836 0.483349 0.50249 0.507496 0.486495 0.435709 0.369774 0.306169 0.253417 0.212883 0.183345 0.163749 0.154228 0.156246 0.172767 0.208992 0.273504 0.37829 0.530803 0.681948 0.657279 0.519097 0.409048 0.341503 0.301767 0.274859 0.250815 0.225877 0.201419 0.181105 0.167892 0.162299 0.16224 0.164229 0.165467 0.165354 0.16491 0.164857 0.164505 0.162419 0.158075 0.152973 0.150397 0.154232 0.167738 0.192594 0.228136 0.271518 0.320375 0.376947 0.4467 0.527475 0.603365 0.672449 0.773576 0.933706 0.952033 0.736282 0.564895 0.458646 0.391395 0.339121 0.288094 0.237442 0.193105 0.159903 0.13898 0.129023 0.128106 0.13496 0.149332 0.171033 0.197398 0.220416 0.228472 0.216527 0.192885 0.170944 0.158964 0.157728 0.162008 0.163304 0.15481 0.13614 0.112441 0.0894716 0.0705792 0.0567606 0.0477865 0.0430886 0.0422024 0.0449293 0.0514048 0.0622071 0.078567 0.10266 0.137855 0.1887 0.260225 0.355829 0.472483 0.5919 0.669199 0.651733 0.557233 0.449077 0.360378 0.298754 0.26311 0.247812 0.242061 0.231931 0.208727 0.175528 0.141965 0.11571 0.100201 0.0963327 0.104268 0.124216 0.156272 0.19966 0.252008 0.309207 0.364439 0.403738 0.406114 0.365072 0.302424 0.244094 0.202558 0.179884 0.173779 0.180457 0.195299 0.213392 0.231335 0.249442 0.272027 0.306521 0.364376 0.462824 0.618621 0.772466 0.653859 0.444487 0.292934 0.194204 0.131543 0.0925646 0.0693281 0.0569885 0.0526585 0.054571 0.0614215 0.0718111 0.0838547 0.0952079 0.103755 0.108669 0.110895 0.112474 0.115262 0.12001 0.126112 0.131825 0.134761 0.132635 0.124211 0.110006 0.0921282 0.0733051 0.0558217 0.0410045 0.0292678 0.0204246 0.0140045 0.00947108 0.00633617 0.0042026 0.00276825 0.00181322 0.00118218 0.000767804 0.000497079 0.000320953 0.000206776 0.000132977 8.53968e-05 5.47826e-05 3.51177e-05 2.25024e-05 
0.000159404 0.000247148 0.000382818 0.000592163 0.000914261 0.00140787 0.0021602 0.00329841 0.00500347 0.00752412 0.0111854 0.0163791 0.0235158 0.0329042 0.044531 0.0577487 0.0710019 0.0818929 0.0879053 0.0876363 0.0816673 0.0722928 0.0624094 0.0545177 0.0503427 0.0509166 0.0567527 0.0678221 0.083211 0.100603 0.116221 0.126174 0.129013 0.12711 0.125172 0.127646 0.137307 0.155204 0.181221 0.214935 0.256518 0.306974 0.367251 0.437127 0.514932 0.594529 0.648295 0.618422 0.506467 0.384503 0.292449 0.236745 0.213426 0.216142 0.235991 0.258814 0.266739 0.25019 0.217144 0.183332 0.159673 0.15021 0.154605 0.169977 0.191869 0.215687 0.238764 0.260755 0.280938 0.29471 0.293219 0.269764 0.228522 0.182024 0.140883 0.109503 0.0877847 0.0736221 0.0644208 0.0578753 0.0524006 0.047295 0.0425938 0.0387096 0.0360741 0.0349373 0.0353336 0.0371521 0.0402576 0.0446489 0.0506591 0.0591886 0.0719256 0.0914563 0.121041 0.163504 0.218065 0.274325 0.309809 0.308403 0.282031 0.252234 0.22696 0.202297 0.17336 0.140736 0.1088 0.0813284 0.0597576 0.0437698 0.0323102 0.0242396 0.0186104 0.0147293 0.0121311 0.0105308 0.00978162 0.0098495 0.0108063 0.0128416 0.01629 0.0216711 0.0297306 0.0414651 0.0580991 0.0809873 0.111446 0.150608 0.199403 0.258405 0.326466 0.397492 0.458446 0.493771 0.493839 0.461957 0.414044 0.364588 0.316796 0.268831 0.222881 0.184679 0.158241 0.143833 0.139109 0.140911 0.146578 0.154257 0.162198 0.167888 0.168425 0.162311 0.15067 0.136252 0.12145 0.107387 0.0943282 0.0824249 0.0720987 0.0639599 0.0585503 0.0561449 0.0566688 0.0596991 0.0645642 0.07061 0.077657 0.0865055 0.0992361 0.119193 0.15078 0.199239 0.270606 0.372543 0.517489 0.725494 0.972301 0.897132 0.706984 0.59079 0.521177 0.464133 0.398647 0.322151 0.246364 0.183011 0.136497 0.105829 0.0880538 0.0801071 0.0793022 0.0831838 0.0892572 0.0949758 0.0981816 0.0978172 0.0943438 0.0894561 0.0853357 0.0840097 0.0871007 0.0958686 0.111315 0.13415 0.164454 0.200886 0.239592 0.273702 0.295258 0.299874 0.289831 0.271455 0.249878 0.226669 0.201582 0.175443 0.150677 0.129596 0.113031 0.100335 0.0901253 0.0810375 0.0722395 0.0636108 0.0556154 0.0489971 0.0444924 0.0426767 0.0439371 0.0485 0.0564574 0.0677896 0.0824205 0.100328 0.121627 0.146384 0.173842 0.201107 0.222439 0.231503 0.226571 0.21291 0.19875 0.189996 0.18818 0.19105 0.194355 0.194031 0.187818 0.175747 0.15988 0.143644 0.130898 0.125088 0.128912 0.144252 0.171535 0.207504 0.241691 0.257353 0.245002 0.213945 0.181232 0.15764 0.146269 0.146008 0.154011 0.166758 0.180473 0.191407 0.196339 0.193417 0.182883 0.166909 0.148543 0.130562 0.114821 0.102143 0.0925023 0.0853343 0.0798765 0.0754929 0.0719044 0.0692457 0.0679529 0.0686109 0.071893 0.0785999 0.0896382 0.105695 0.126408 0.149076 0.167824 0.175363 0.168083 0.149411 0.126788 0.106591 0.0922605 0.0850531 0.0852894 0.0931668 0.109074 0.133492 0.166476 0.206704 0.250437 0.291663 0.324682 0.347153 0.35923 0.35978 0.346109 0.318745 0.283863 0.249217 0.219653 0.196597 0.179955 0.169992 0.168081 0.176544 0.198714 0.240212 0.311394 0.429807 0.619057 0.86206 0.800712 0.594402 0.462317 0.388114 0.344758 0.311431 0.276997 0.240348 0.205825 0.177965 0.15909 0.149123 0.146287 0.148145 0.152699 0.158941 0.166346 0.173788 0.179059 0.179773 0.17515 0.167077 0.159395 0.156199 0.160503 0.173726 0.195776 0.225758 0.263335 0.3098 0.366778 0.432832 0.504783 0.590466 0.716906 0.896824 0.929097 0.72662 0.567786 0.476545 0.42495 0.381646 0.327364 0.265334 0.209078 0.167102 0.140969 0.128987 0.129249 0.14125 0.166372 0.206764 0.261016 0.315019 0.337605 0.310473 0.257486 0.210379 0.182172 0.171847 0.17142 0.170091 0.159531 0.138835 0.113321 0.0889535 0.0690588 0.0544715 0.044772 0.0392327 0.0372821 0.0386731 0.0435416 0.0524651 0.06656 0.0875846 0.117939 0.160359 0.216967 0.287253 0.364752 0.433651 0.470315 0.458064 0.406227 0.341726 0.28595 0.24854 0.231268 0.230169 0.235086 0.231825 0.211674 0.179168 0.145841 0.12045 0.106843 0.106205 0.119209 0.146849 0.189895 0.24706 0.312981 0.379335 0.438876 0.480118 0.477171 0.41965 0.339984 0.271519 0.225673 0.201429 0.194245 0.199128 0.210728 0.223385 0.233254 0.241453 0.254631 0.283051 0.339933 0.442626 0.608141 0.778869 0.656079 0.442167 0.290033 0.191604 0.129432 0.0910259 0.0684532 0.0568899 0.0534641 0.056412 0.0644008 0.0759309 0.088899 0.100626 0.108668 0.112095 0.11212 0.111335 0.11226 0.116262 0.123149 0.131129 0.137072 0.137428 0.129937 0.115063 0.0956916 0.0753849 0.0568408 0.0414141 0.0293866 0.0204317 0.0139832 0.00945258 0.00632768 0.00420266 0.00277346 0.00182064 0.00118991 0.000774824 0.000502986 0.000325687 0.000210446 0.000135758 8.74677e-05 5.63059e-05 3.62276e-05 2.33051e-05 
0.000179011 0.000276923 0.000428116 0.000661277 0.00102014 0.00157084 0.00241236 0.00369057 0.00561585 0.00848236 0.0126831 0.0187068 0.0270903 0.0382833 0.0523765 0.0686835 0.0853176 0.0991755 0.10685 0.106366 0.0984757 0.0862677 0.0735658 0.063576 0.0584722 0.0596195 0.0678847 0.0836161 0.106025 0.131972 0.155123 0.167885 0.16693 0.156602 0.145275 0.139835 0.143706 0.157517 0.180307 0.210788 0.248554 0.294473 0.349335 0.411137 0.472559 0.520025 0.534496 0.499943 0.424973 0.340408 0.27053 0.224224 0.201256 0.19715 0.204519 0.213498 0.214311 0.202425 0.181378 0.159357 0.143763 0.138672 0.144854 0.160381 0.181312 0.20317 0.223093 0.240427 0.254499 0.26195 0.256971 0.235765 0.201511 0.162782 0.12737 0.0990761 0.0783755 0.0640578 0.054401 0.0477978 0.0430595 0.0395106 0.0369146 0.0352933 0.0347367 0.03528 0.0368666 0.0393743 0.0426808 0.0467609 0.0518218 0.0584603 0.0677872 0.0814008 0.10103 0.127593 0.159497 0.190945 0.21323 0.221335 0.218832 0.21251 0.204202 0.190237 0.167597 0.13855 0.10862 0.0822738 0.0613246 0.0456501 0.0342981 0.0261913 0.020431 0.01637 0.013588 0.0118389 0.0110048 0.011069 0.012111 0.0143214 0.0180364 0.0237831 0.0323247 0.044677 0.0620522 0.0856781 0.116483 0.154787 0.200299 0.252465 0.31022 0.370031 0.423743 0.459452 0.466445 0.444317 0.406078 0.364426 0.321201 0.274014 0.225964 0.18435 0.154373 0.13708 0.130827 0.133112 0.141584 0.154057 0.167729 0.178518 0.181931 0.175669 0.161329 0.142938 0.124149 0.106919 0.0918423 0.078959 0.0682832 0.0599327 0.0540433 0.0506547 0.0496561 0.0508078 0.053848 0.0587029 0.0657951 0.0763874 0.0928636 0.118882 0.159349 0.22002 0.306365 0.422104 0.570907 0.762072 0.959151 0.88761 0.709872 0.605609 0.562873 0.540217 0.488661 0.395424 0.293384 0.20934 0.149443 0.110406 0.0870932 0.0750325 0.0707652 0.0715404 0.0749631 0.0788719 0.0815354 0.0820291 0.0804746 0.0779135 0.0759053 0.0761372 0.0802372 0.0897846 0.106398 0.131733 0.167128 0.212495 0.263998 0.311255 0.338885 0.337802 0.314612 0.283325 0.253068 0.225864 0.200539 0.176581 0.155063 0.137305 0.123609 0.113085 0.104152 0.0952321 0.0853901 0.074679 0.0639877 0.0545325 0.0473716 0.0431889 0.042319 0.04487 0.0508386 0.0601919 0.0729274 0.0891151 0.108849 0.131963 0.157386 0.182311 0.20206 0.211898 0.210359 0.200783 0.189061 0.180011 0.175342 0.173652 0.171883 0.167349 0.159109 0.148024 0.136027 0.125377 0.118137 0.115859 0.119482 0.129283 0.144528 0.162591 0.178229 0.185139 0.180561 0.168298 0.155782 0.149195 0.151472 0.162672 0.180825 0.202573 0.223627 0.239118 0.244357 0.23674 0.217646 0.191816 0.1646 0.139795 0.119185 0.103042 0.0907821 0.0814894 0.074272 0.0684863 0.0638423 0.0603909 0.0584249 0.0583586 0.0606455 0.065727 0.0739318 0.0852261 0.0987826 0.112541 0.123252 0.127603 0.124139 0.114341 0.101674 0.08969 0.0808801 0.0766025 0.0775124 0.0839871 0.0963274 0.114683 0.138715 0.167084 0.197092 0.225005 0.247286 0.261904 0.268388 0.266867 0.25782 0.242988 0.225685 0.209444 0.196402 0.187078 0.181577 0.180952 0.187408 0.20333 0.230696 0.272576 0.336408 0.435032 0.576589 0.713787 0.69794 0.580982 0.489573 0.439383 0.410607 0.378375 0.330599 0.274412 0.222703 0.182843 0.156391 0.141982 0.137301 0.140061 0.148413 0.160855 0.175638 0.190075 0.200513 0.203586 0.198309 0.18713 0.174716 0.165693 0.163173 0.168489 0.181639 0.202044 0.22937 0.263949 0.306315 0.356517 0.415508 0.488554 0.581758 0.674724 0.688027 0.605297 0.517919 0.467601 0.444675 0.417059 0.361107 0.287699 0.22041 0.17103 0.140812 0.127444 0.129085 0.146254 0.182764 0.245585 0.341143 0.45734 0.517293 0.447215 0.334177 0.248288 0.198349 0.175527 0.16752 0.161943 0.149999 0.130008 0.106089 0.0832833 0.0645365 0.0506261 0.04118 0.0355206 0.0331054 0.0336965 0.0374141 0.0447646 0.0566664 0.0744393 0.0996591 0.133717 0.176895 0.226891 0.277267 0.317291 0.335368 0.326186 0.295741 0.257516 0.224169 0.203244 0.197 0.202559 0.211389 0.211571 0.196053 0.169096 0.141157 0.120577 0.111515 0.115919 0.135673 0.173602 0.232727 0.312478 0.401272 0.47497 0.518577 0.534537 0.511412 0.442513 0.359108 0.291768 0.248705 0.226153 0.217939 0.218864 0.224369 0.22975 0.231801 0.231967 0.236902 0.255973 0.298936 0.373366 0.472867 0.539915 0.487058 0.364682 0.253923 0.173831 0.120309 0.086284 0.0661401 0.0560943 0.0537535 0.0575638 0.0662569 0.0783107 0.0915537 0.103242 0.110919 0.113733 0.113106 0.11201 0.113544 0.119804 0.131212 0.145906 0.159238 0.164663 0.157341 0.137978 0.112128 0.0858866 0.0630271 0.0448699 0.0312605 0.0214384 0.0145292 0.00975651 0.00650344 0.00430879 0.00284025 0.00186414 0.00121898 0.000794602 0.000516597 0.000335123 0.000217019 0.00014035 9.06834e-05 5.85611e-05 3.78108e-05 2.44172e-05 
0.000199101 0.000306703 0.000472177 0.000726423 0.00111654 0.00171387 0.00262552 0.00401012 0.00609815 0.00921498 0.0138009 0.0204134 0.0296815 0.0421622 0.058035 0.0766072 0.0957749 0.111925 0.120969 0.120464 0.111259 0.0970403 0.0823516 0.0709599 0.0654248 0.0674584 0.078386 0.0991824 0.12962 0.166153 0.199438 0.216231 0.209971 0.188369 0.165316 0.150515 0.147675 0.156793 0.176254 0.204382 0.240718 0.286383 0.342332 0.405169 0.46239 0.494149 0.487044 0.444377 0.38115 0.315051 0.259428 0.220873 0.200478 0.195351 0.199335 0.204038 0.201677 0.189065 0.169214 0.148697 0.133687 0.127793 0.131784 0.143971 0.160852 0.178413 0.193874 0.206236 0.214794 0.217454 0.211069 0.193956 0.168218 0.138939 0.111139 0.0877908 0.0697905 0.0567587 0.0477738 0.0418375 0.0381216 0.0360593 0.0353222 0.0357301 0.0371521 0.0394442 0.0424359 0.0459457 0.0498043 0.0538897 0.0582057 0.0630137 0.0689555 0.0770305 0.0882912 0.103215 0.120926 0.138867 0.153793 0.164006 0.170375 0.174221 0.174337 0.167195 0.150803 0.12755 0.102442 0.0796521 0.0610879 0.0468875 0.0363519 0.0286028 0.022896 0.018711 0.0157322 0.0137949 0.0128365 0.0128691 0.0139766 0.0163358 0.0202555 0.0262286 0.0349793 0.0474726 0.0648303 0.0880852 0.117756 0.153411 0.19368 0.237013 0.282335 0.328069 0.369926 0.400011 0.409822 0.397651 0.371454 0.339552 0.303021 0.260524 0.215709 0.175868 0.146447 0.129147 0.123135 0.126611 0.137566 0.153641 0.171388 0.185823 0.191635 0.186136 0.17112 0.151162 0.13048 0.111433 0.0948214 0.0807238 0.0690668 0.0598173 0.0529566 0.0484175 0.0460723 0.0457881 0.0475426 0.0516006 0.0587474 0.07057 0.0897589 0.120398 0.168097 0.239451 0.339406 0.464541 0.596075 0.708538 0.768798 0.72968 0.644395 0.59899 0.61759 0.668977 0.640757 0.496261 0.345916 0.234845 0.161082 0.114656 0.0869659 0.0718945 0.0652521 0.0640464 0.0659387 0.0689828 0.0716451 0.0729958 0.0728763 0.0718854 0.0711879 0.072285 0.0768851 0.0869318 0.104754 0.133233 0.175731 0.235082 0.309903 0.385744 0.428277 0.411927 0.358078 0.30105 0.255443 0.221605 0.195799 0.175168 0.158724 0.146316 0.137479 0.130946 0.124731 0.116722 0.10567 0.0919425 0.0772937 0.0638543 0.0532518 0.0463426 0.0433858 0.0443292 0.0490301 0.0573798 0.0693573 0.0850222 0.104403 0.127192 0.152205 0.176792 0.196828 0.208058 0.208514 0.200062 0.187364 0.175101 0.165733 0.159026 0.15316 0.146447 0.138475 0.130109 0.122798 0.117888 0.116206 0.117881 0.122404 0.128881 0.136272 0.143327 0.148422 0.150056 0.14821 0.145211 0.144932 0.151089 0.165995 0.190029 0.22149 0.256793 0.290811 0.316574 0.325373 0.31122 0.277357 0.234508 0.192798 0.157573 0.130109 0.109534 0.0942348 0.082631 0.0735274 0.0662075 0.0603843 0.0560852 0.0535227 0.0529856 0.0547575 0.0590432 0.0658591 0.0748524 0.0850836 0.0949188 0.102268 0.105298 0.103323 0.0972286 0.0890467 0.0810673 0.0751413 0.0724695 0.073747 0.0794035 0.0897469 0.10491 0.12458 0.147596 0.17164 0.193409 0.20958 0.218157 0.219205 0.214389 0.206025 0.196542 0.188197 0.182604 0.180318 0.181123 0.185219 0.194364 0.211482 0.238407 0.273705 0.314164 0.360991 0.421848 0.497808 0.561241 0.56975 0.535918 0.50729 0.504769 0.513837 0.492406 0.419974 0.328467 0.249915 0.193838 0.158609 0.140115 0.134679 0.139584 0.152743 0.172002 0.194332 0.215436 0.23031 0.234966 0.228611 0.214445 0.198012 0.184552 0.177391 0.177758 0.185348 0.199107 0.218007 0.241598 0.270112 0.304306 0.345482 0.39496 0.449858 0.494359 0.503144 0.475552 0.442957 0.429262 0.430301 0.416479 0.364015 0.288581 0.218684 0.167511 0.13632 0.122847 0.125683 0.146329 0.190644 0.270404 0.404689 0.613944 0.78912 0.590479 0.391983 0.269554 0.201585 0.167778 0.152232 0.142367 0.129956 0.112649 0.0927211 0.0736402 0.0576844 0.0455939 0.0371807 0.0319572 0.0295088 0.029658 0.0325208 0.038523 0.0483924 0.0630947 0.0836344 0.11061 0.143442 0.179413 0.213127 0.237448 0.246426 0.238791 0.21909 0.195301 0.175102 0.163506 0.162069 0.168476 0.176384 0.177548 0.167389 0.148936 0.129785 0.116723 0.113926 0.124237 0.151134 0.200205 0.279204 0.393689 0.528689 0.617079 0.609151 0.559928 0.49993 0.427843 0.357808 0.306192 0.275669 0.259536 0.250152 0.243529 0.238335 0.233067 0.226286 0.219285 0.21696 0.225733 0.250739 0.292322 0.339177 0.362353 0.33585 0.272634 0.204168 0.147671 0.106634 0.0792407 0.0627188 0.0547338 0.0536107 0.0581292 0.06715 0.0791924 0.0921456 0.103429 0.110838 0.113748 0.113718 0.113942 0.118054 0.129089 0.148594 0.175145 0.20202 0.216784 0.208579 0.179039 0.140242 0.103233 0.0730765 0.0504942 0.0343627 0.0231503 0.0154855 0.0103019 0.00682257 0.00450074 0.00295876 0.00193903 0.00126723 0.000826178 0.000537528 0.000349142 0.000226489 0.000146794 9.50942e-05 6.15957e-05 3.99074e-05 2.58706e-05 
0.000220112 0.000337045 0.000515616 0.000788073 0.0012033 0.00183507 0.00279382 0.00424296 0.00641996 0.0096607 0.0144211 0.0212809 0.0308991 0.0438674 0.0603947 0.0797903 0.0998929 0.116948 0.12666 0.126408 0.117012 0.102312 0.0871076 0.0754291 0.070078 0.0730463 0.0860757 0.11077 0.147648 0.193308 0.236063 0.256787 0.2451 0.212651 0.179004 0.155989 0.147139 0.151841 0.168179 0.194558 0.230863 0.278753 0.339919 0.41097 0.475472 0.505084 0.486453 0.43588 0.374713 0.315665 0.266307 0.231732 0.21417 0.212071 0.219491 0.226541 0.223078 0.205309 0.178291 0.150905 0.130064 0.118938 0.117634 0.124175 0.135321 0.147615 0.158542 0.166891 0.171922 0.172414 0.166824 0.154471 0.136547 0.115803 0.095243 0.0770529 0.062323 0.051277 0.0436287 0.038884 0.0365411 0.0361846 0.0374872 0.0401593 0.0438975 0.048377 0.053289 0.0583757 0.063407 0.0681146 0.0721931 0.0754698 0.0781736 0.0810512 0.0851246 0.0911627 0.0991913 0.108409 0.117688 0.126309 0.134081 0.140396 0.143238 0.139794 0.12878 0.111964 0.0930014 0.0751509 0.0601157 0.0482127 0.0390159 0.0318997 0.0263391 0.0220066 0.018752 0.0165385 0.0153873 0.0153501 0.01651 0.0190092 0.0230936 0.0291706 0.0378597 0.0499968 0.066534 0.0882638 0.11536 0.146929 0.18106 0.215757 0.249989 0.283255 0.313646 0.336623 0.346776 0.342207 0.326169 0.302614 0.272438 0.236059 0.197338 0.162492 0.136423 0.121178 0.116649 0.121668 0.134517 0.15273 0.172522 0.188678 0.195949 0.191789 0.17789 0.158574 0.137935 0.118394 0.10091 0.0857287 0.0729106 0.0624925 0.0544665 0.048746 0.0451987 0.0437416 0.0444738 0.047835 0.0548 0.0671259 0.0876729 0.120787 0.172601 0.250613 0.360414 0.494307 0.61188 0.662112 0.649941 0.605772 0.564777 0.567547 0.644342 0.795843 0.808383 0.571735 0.375654 0.246759 0.165593 0.115693 0.0860511 0.0696475 0.0619937 0.0600661 0.0616158 0.0648043 0.0681232 0.0705151 0.0715555 0.0715417 0.0714258 0.0726617 0.0771023 0.0870504 0.105508 0.136618 0.186205 0.261883 0.370422 0.502459 0.585682 0.530461 0.416029 0.321046 0.256961 0.216338 0.190717 0.174305 0.163948 0.158056 0.155465 0.154528 0.152575 0.146352 0.133796 0.11574 0.0954852 0.0766943 0.0618131 0.0518573 0.046918 0.0467054 0.0508885 0.0592496 0.0717251 0.0883744 0.109257 0.134146 0.161998 0.19026 0.214472 0.229104 0.230277 0.218747 0.19982 0.179849 0.162908 0.149995 0.140184 0.132282 0.125881 0.12147 0.119918 0.121858 0.127182 0.134729 0.142351 0.147686 0.149377 0.147735 0.144178 0.140352 0.137946 0.139028 0.146134 0.161871 0.188255 0.225897 0.273281 0.326784 0.381231 0.427619 0.447913 0.424116 0.363491 0.292287 0.229311 0.180558 0.145151 0.119957 0.101722 0.0879102 0.0769236 0.067984 0.0608699 0.0556612 0.052564 0.0518098 0.0535949 0.0580137 0.0649477 0.073898 0.0838114 0.0930529 0.0997122 0.102273 0.100326 0.0948013 0.0875526 0.0806036 0.0755741 0.0735005 0.0749717 0.0803793 0.0900964 0.104458 0.123476 0.14629 0.170507 0.191974 0.205876 0.209331 0.203376 0.192081 0.179948 0.170249 0.164777 0.164088 0.167844 0.175532 0.187758 0.20729 0.238231 0.282239 0.332894 0.375323 0.401489 0.422507 0.450641 0.480564 0.499025 0.50844 0.529359 0.582941 0.66147 0.669328 0.540418 0.390094 0.278074 0.20535 0.162455 0.141319 0.13669 0.145413 0.165195 0.193142 0.224535 0.252819 0.271463 0.276564 0.268418 0.251322 0.23164 0.215189 0.205543 0.203765 0.208944 0.218968 0.231523 0.245185 0.260093 0.277688 0.299621 0.326074 0.353579 0.373987 0.379312 0.371717 0.364072 0.366815 0.374928 0.36629 0.324215 0.26124 0.200763 0.1552 0.126911 0.114782 0.118229 0.139229 0.183749 0.263221 0.395499 0.596502 0.7532 0.574053 0.381792 0.259294 0.18855 0.150516 0.130643 0.118171 0.106244 0.0922809 0.0770106 0.0623691 0.0498729 0.0401515 0.0331929 0.0287279 0.0265041 0.0264282 0.0286247 0.0334512 0.0414805 0.0534227 0.0699282 0.0911994 0.116389 0.142968 0.166615 0.182341 0.186789 0.180182 0.166255 0.150373 0.137411 0.130461 0.130284 0.135052 0.140564 0.141896 0.136535 0.126369 0.116229 0.111016 0.114473 0.129937 0.162088 0.218956 0.313761 0.464927 0.681142 0.828479 0.702867 0.56226 0.465798 0.396397 0.348567 0.323436 0.315635 0.311864 0.300351 0.280294 0.258036 0.237916 0.220614 0.206528 0.197814 0.197527 0.207459 0.22569 0.244246 0.250047 0.233793 0.199212 0.158376 0.121174 0.0919837 0.071512 0.058969 0.0532583 0.053404 0.0585488 0.0677233 0.0795406 0.092023 0.102846 0.110141 0.113539 0.114704 0.116967 0.124464 0.141361 0.170979 0.213565 0.261012 0.291387 0.28088 0.233496 0.174942 0.123479 0.0844262 0.0567738 0.037847 0.0251092 0.0166086 0.0109608 0.00721837 0.00474382 0.00311101 0.002036 0.00132987 0.00086713 0.000564575 0.000367167 0.000238597 0.000154986 0.000100672 6.54149e-05 4.25349e-05 2.76852e-05 
0.000242873 0.000369196 0.000560264 0.00084883 0.00128397 0.00193895 0.00292241 0.00439382 0.00658323 0.00981389 0.0145216 0.0212562 0.0306351 0.0432005 0.0591188 0.0777039 0.0969085 0.113246 0.122763 0.123021 0.114692 0.101267 0.087248 0.076533 0.0719382 0.0755605 0.0893125 0.115036 0.153527 0.201517 0.24672 0.268182 0.254221 0.217716 0.179902 0.153125 0.140851 0.142458 0.156266 0.181102 0.217234 0.266592 0.331299 0.408601 0.481192 0.516364 0.499918 0.453665 0.398929 0.343719 0.294263 0.258492 0.241981 0.245062 0.261394 0.276811 0.273841 0.245973 0.203919 0.162844 0.131585 0.112489 0.104384 0.104569 0.109807 0.11705 0.12406 0.129566 0.132809 0.133011 0.129356 0.121464 0.109839 0.0958396 0.0812125 0.0675619 0.0560272 0.047212 0.0412854 0.0381534 0.0376132 0.039433 0.0433468 0.0489948 0.0558839 0.0634413 0.0711651 0.0787441 0.0859655 0.0924131 0.0972635 0.0995723 0.0990054 0.0963512 0.0932249 0.0912204 0.0912451 0.0934139 0.0973613 0.102579 0.108414 0.113695 0.116529 0.114899 0.107969 0.0968118 0.0837506 0.0710058 0.059859 0.0506192 0.043017 0.0366346 0.0311787 0.0265646 0.0228671 0.020227 0.0187791 0.0186238 0.0198363 0.0225009 0.0267633 0.0328941 0.0413463 0.0527633 0.0678765 0.0872386 0.110808 0.137584 0.165722 0.193395 0.219766 0.244816 0.267913 0.286725 0.297906 0.299156 0.290281 0.272164 0.245875 0.213655 0.179854 0.149741 0.127383 0.114744 0.112078 0.1186 0.132752 0.15197 0.172327 0.188778 0.196657 0.193908 0.182035 0.16469 0.145386 0.126324 0.108541 0.092516 0.0785709 0.0669458 0.0577393 0.0508929 0.0462703 0.0437973 0.0436143 0.0462244 0.0526523 0.0646517 0.0849947 0.117842 0.169039 0.245705 0.352878 0.481173 0.583173 0.60099 0.558937 0.510428 0.484787 0.502797 0.580586 0.702225 0.705208 0.524276 0.353237 0.235069 0.159004 0.11162 0.0831981 0.0673926 0.0601296 0.0586738 0.0609675 0.065242 0.0699038 0.0736672 0.0758203 0.0764298 0.0763513 0.0770876 0.0806595 0.0896411 0.107458 0.139021 0.191787 0.27723 0.4119 0.610066 0.782837 0.643012 0.454459 0.328863 0.253287 0.210157 0.186991 0.175834 0.171972 0.172837 0.176954 0.18256 0.186158 0.182591 0.168196 0.144428 0.11702 0.0918084 0.0721698 0.0591492 0.0525377 0.0517401 0.0562208 0.065662 0.0799842 0.0993113 0.123882 0.153822 0.188577 0.225818 0.259959 0.281874 0.283005 0.262918 0.230644 0.197161 0.169146 0.148494 0.134472 0.125777 0.121661 0.122144 0.127649 0.138396 0.153655 0.170909 0.185485 0.191988 0.187858 0.175654 0.161001 0.148989 0.142806 0.144413 0.155552 0.178184 0.21422 0.264588 0.328166 0.402147 0.484361 0.569123 0.622273 0.583336 0.471698 0.356731 0.26706 0.203897 0.161157 0.132221 0.111747 0.0961226 0.0833916 0.0728255 0.0643799 0.0582742 0.0547761 0.0541314 0.0565455 0.0621393 0.0708256 0.082076 0.0946264 0.106332 0.114541 0.11715 0.113792 0.106099 0.09679 0.0884372 0.0827589 0.0805843 0.0822044 0.0878174 0.0978616 0.113077 0.134169 0.160966 0.190992 0.218115 0.233579 0.231645 0.215045 0.192454 0.171823 0.157408 0.150446 0.150541 0.156706 0.168398 0.186847 0.216081 0.26213 0.32833 0.404239 0.456157 0.459359 0.440378 0.43329 0.445128 0.467893 0.496915 0.542842 0.632115 0.783016 0.844271 0.626506 0.424301 0.29122 0.209881 0.163921 0.14292 0.141125 0.155681 0.184679 0.224771 0.268901 0.306593 0.328767 0.332691 0.321432 0.30102 0.27866 0.260728 0.251001 0.250304 0.256867 0.266795 0.275349 0.279337 0.279032 0.277683 0.278911 0.284097 0.291315 0.296432 0.29649 0.293123 0.291747 0.29572 0.300002 0.291485 0.261486 0.21694 0.172179 0.136788 0.114019 0.104177 0.107489 0.125743 0.163107 0.225923 0.318914 0.428005 0.482088 0.417624 0.308856 0.220359 0.162208 0.12759 0.107617 0.0948288 0.0841981 0.0734076 0.0622955 0.0517073 0.0425033 0.0351403 0.0297023 0.0260901 0.0241932 0.0239973 0.0256372 0.0294146 0.0357798 0.045259 0.0582825 0.0748699 0.0941777 0.114081 0.131229 0.142044 0.144473 0.139187 0.129183 0.118262 0.109622 0.105124 0.105047 0.108083 0.111705 0.113254 0.111533 0.107717 0.104717 0.105812 0.113965 0.132328 0.165669 0.222321 0.316263 0.468241 0.695855 0.860007 0.684795 0.518827 0.417697 0.362171 0.341661 0.351149 0.378446 0.396272 0.379517 0.335294 0.287371 0.248268 0.219135 0.197938 0.183576 0.176096 0.175299 0.179182 0.183134 0.181108 0.169137 0.148229 0.12319 0.0990847 0.0791284 0.0646351 0.0557772 0.0522539 0.0536303 0.0593803 0.0687271 0.0804139 0.0926109 0.103209 0.110596 0.114584 0.116894 0.120923 0.131158 0.152706 0.190704 0.24799 0.317277 0.366829 0.352923 0.283664 0.2045 0.139891 0.0934572 0.0618093 0.0407216 0.0267959 0.0176255 0.0115888 0.00761397 0.00499698 0.00327502 0.0021433 0.00140064 0.000914144 0.00059601 0.000388314 0.000252908 0.000164725 0.000107334 6.99938e-05 4.56946e-05 2.98727e-05 
0.000268579 0.000405075 0.000609178 0.000913503 0.00136601 0.00203694 0.00302864 0.00448874 0.00662689 0.00973311 0.014192 0.0204792 0.0291138 0.0405261 0.0547963 0.0712637 0.0881438 0.102524 0.111177 0.112109 0.105805 0.0950671 0.0836477 0.0749369 0.0714909 0.0752671 0.0880157 0.111281 0.145423 0.187001 0.225123 0.242821 0.231074 0.199777 0.166169 0.141303 0.128977 0.129298 0.141317 0.164409 0.198989 0.246595 0.30869 0.38258 0.454039 0.498025 0.504401 0.487223 0.453893 0.402671 0.344703 0.299614 0.279692 0.287102 0.314775 0.342873 0.341494 0.298827 0.236132 0.178064 0.134994 0.107573 0.0929069 0.0873671 0.0875407 0.0906058 0.0945417 0.0981044 0.100535 0.101226 0.0996082 0.0953032 0.0883498 0.0793211 0.0692389 0.0593214 0.0506869 0.0441538 0.0402041 0.0390707 0.0408498 0.0455507 0.0530413 0.0629162 0.0744044 0.0864933 0.0983377 0.109659 0.120578 0.13072 0.138344 0.140789 0.136493 0.126668 0.114593 0.103501 0.0952725 0.0904571 0.0888203 0.089755 0.0923675 0.0953838 0.0972053 0.096372 0.0922621 0.0854343 0.0772392 0.0690321 0.0615933 0.0550313 0.0490527 0.0433397 0.0378104 0.0326656 0.028269 0.0249915 0.0231095 0.0227797 0.0240608 0.0269589 0.0314865 0.0377358 0.0459506 0.0565506 0.0700462 0.086805 0.106721 0.128975 0.152186 0.17508 0.197183 0.218762 0.239881 0.259451 0.274972 0.282976 0.279994 0.264282 0.237481 0.204421 0.171092 0.142616 0.122247 0.111403 0.110183 0.11782 0.132744 0.152294 0.172495 0.188567 0.196497 0.19481 0.184953 0.169916 0.15247 0.134385 0.116655 0.099989 0.0850297 0.0722817 0.0619892 0.0541349 0.0485704 0.0452017 0.0441607 0.0459384 0.0515026 0.0624407 0.0811602 0.111119 0.156884 0.223348 0.312198 0.412039 0.486048 0.497213 0.462891 0.423969 0.404401 0.415369 0.457348 0.503652 0.489776 0.398441 0.290314 0.203242 0.142326 0.102547 0.0781031 0.0645574 0.0588442 0.0587988 0.0626697 0.0687714 0.0753778 0.0809103 0.0843328 0.085494 0.0851973 0.0850292 0.0871561 0.0942748 0.109829 0.138574 0.18753 0.267113 0.390934 0.563897 0.6952 0.590183 0.425945 0.309952 0.239996 0.20204 0.18469 0.179933 0.182487 0.189377 0.199306 0.21089 0.220054 0.219386 0.202999 0.173046 0.138257 0.106832 0.0829209 0.0674289 0.0597944 0.0591458 0.0648035 0.0764124 0.0939337 0.11762 0.148006 0.185799 0.231358 0.283116 0.334316 0.369619 0.370528 0.334518 0.279972 0.226689 0.184335 0.154694 0.136259 0.127031 0.12571 0.131934 0.145991 0.168211 0.197918 0.231541 0.260308 0.271576 0.258612 0.22878 0.196216 0.171053 0.157504 0.15668 0.169098 0.195814 0.238352 0.297669 0.37293 0.462629 0.570604 0.707139 0.837444 0.771365 0.572444 0.40782 0.294973 0.221494 0.174485 0.143857 0.122401 0.105646 0.0914946 0.0794603 0.0698095 0.0629771 0.0593466 0.0592481 0.0630104 0.0709611 0.0832895 0.0996784 0.118664 0.136992 0.149863 0.153077 0.146049 0.132414 0.117419 0.105129 0.0975089 0.0948821 0.0968043 0.102924 0.11362 0.130212 0.154584 0.188001 0.228652 0.267881 0.289375 0.280587 0.247635 0.208094 0.174887 0.15274 0.14167 0.140028 0.146115 0.159296 0.181192 0.216638 0.2732 0.35674 0.45656 0.520847 0.502893 0.451435 0.421404 0.423366 0.44696 0.479884 0.523578 0.596817 0.702572 0.725699 0.56868 0.398232 0.277857 0.202469 0.160168 0.142614 0.145535 0.167553 0.208221 0.264715 0.327298 0.378508 0.404065 0.404505 0.388668 0.364916 0.341179 0.324239 0.317743 0.322308 0.335556 0.350949 0.358851 0.352128 0.331717 0.305523 0.281962 0.265132 0.254431 0.246942 0.24039 0.234859 0.231966 0.23192 0.23089 0.222061 0.201441 0.172285 0.142091 0.11707 0.100318 0.0929307 0.095563 0.109424 0.136484 0.178396 0.232659 0.284826 0.305914 0.279193 0.22492 0.171267 0.130612 0.103574 0.0864917 0.0751591 0.066344 0.0582675 0.0504293 0.0430551 0.0365492 0.0311956 0.0271031 0.024274 0.0226949 0.0224065 0.0235468 0.0263674 0.0312197 0.0384918 0.0484684 0.0610887 0.0756233 0.0904165 0.103007 0.110914 0.112856 0.109494 0.103033 0.0961024 0.0907882 0.0881991 0.0884042 0.0905675 0.0932927 0.0952675 0.0960349 0.0963889 0.0980808 0.103175 0.113713 0.132073 0.161976 0.209672 0.284191 0.393349 0.52335 0.589666 0.52536 0.426225 0.356717 0.326621 0.336186 0.385389 0.462676 0.518477 0.488989 0.40351 0.322205 0.263139 0.223166 0.195905 0.176887 0.163843 0.155525 0.150426 0.146124 0.139749 0.129362 0.115068 0.098769 0.0829338 0.0695307 0.0596973 0.0539144 0.0522974 0.0547774 0.0611041 0.0706962 0.0824436 0.0946473 0.105332 0.113004 0.117536 0.120612 0.125527 0.136724 0.159488 0.199505 0.260615 0.336374 0.392295 0.376773 0.299665 0.213906 0.145391 0.0968101 0.0639579 0.042155 0.0277763 0.0183038 0.0120592 0.00793966 0.00522162 0.00342941 0.00224911 0.00147306 0.000963688 0.000629939 0.000411592 0.000268919 0.000175769 0.000114975 7.52949e-05 4.93815e-05 3.2442e-05 
0.00029869 0.000447115 0.000666386 0.000988726 0.00146025 0.0021466 0.00314068 0.00457272 0.00662265 0.00953289 0.0136164 0.0192483 0.0268206 0.0366292 0.0486684 0.0623452 0.0762336 0.0881289 0.095666 0.0973958 0.0936374 0.0863957 0.0784492 0.0724033 0.0702977 0.0737232 0.0840416 0.102256 0.12813 0.158372 0.184892 0.196864 0.188985 0.167069 0.142249 0.122961 0.113072 0.113565 0.124329 0.145227 0.176588 0.219197 0.273475 0.337177 0.402387 0.458355 0.503522 0.541327 0.549748 0.497948 0.414789 0.348855 0.31936 0.326257 0.359853 0.395935 0.394123 0.337779 0.258313 0.187543 0.135947 0.102498 0.0830096 0.0732341 0.069659 0.0696276 0.0712954 0.0734893 0.0754687 0.0766777 0.0766072 0.0748176 0.0710842 0.0655689 0.0588902 0.0520087 0.0459789 0.0417229 0.0399428 0.0411667 0.0458336 0.0543051 0.066722 0.0826995 0.101032 0.119833 0.137484 0.153885 0.17039 0.187509 0.202004 0.207061 0.197823 0.176835 0.151616 0.128535 0.11046 0.0977987 0.0899462 0.0859904 0.0848422 0.0852024 0.0856606 0.085026 0.0827327 0.0789983 0.0745578 0.0701385 0.0660303 0.0619979 0.057544 0.0523279 0.046453 0.0404527 0.0350484 0.0308903 0.0284193 0.0278516 0.0292242 0.0324532 0.0373997 0.0439546 0.052136 0.0621462 0.074316 0.0889102 0.105876 0.124707 0.144618 0.165005 0.185904 0.207967 0.231914 0.257667 0.28313 0.302674 0.307439 0.291052 0.256655 0.214763 0.175305 0.143953 0.122869 0.112308 0.111635 0.119713 0.134778 0.154062 0.173609 0.188906 0.196493 0.195435 0.187255 0.174415 0.158921 0.141983 0.124462 0.107287 0.091445 0.0777236 0.0665101 0.0578175 0.0514723 0.0473452 0.0455343 0.0464778 0.0510198 0.0604747 0.0767097 0.102195 0.139798 0.191753 0.256734 0.324465 0.373457 0.386207 0.369846 0.345744 0.330044 0.329731 0.342031 0.350968 0.333318 0.283638 0.220864 0.163986 0.120436 0.0902841 0.0712412 0.0609236 0.0574466 0.0593347 0.0652158 0.0735313 0.0824444 0.0900861 0.0950816 0.0970333 0.0966565 0.0955847 0.0960751 0.100802 0.112854 0.136007 0.175114 0.235879 0.321494 0.419026 0.474031 0.433849 0.345767 0.268605 0.218265 0.191996 0.183218 0.18554 0.193847 0.205085 0.218375 0.233097 0.245271 0.246118 0.228108 0.193869 0.154259 0.119004 0.0926572 0.076013 0.068338 0.0686815 0.0763809 0.0911572 0.113078 0.14255 0.180409 0.227988 0.28671 0.356243 0.429493 0.483819 0.484266 0.424602 0.340446 0.263659 0.205732 0.167018 0.144506 0.135178 0.137147 0.149847 0.173802 0.210147 0.259617 0.319539 0.376404 0.400395 0.370485 0.307696 0.245862 0.20137 0.177126 0.171556 0.182963 0.210852 0.2557 0.317696 0.395418 0.487283 0.598635 0.745535 0.903349 0.823766 0.595296 0.419023 0.302171 0.228025 0.181798 0.152239 0.131362 0.114394 0.0994154 0.0863718 0.0759308 0.068782 0.0654622 0.0664572 0.0723554 0.0839307 0.102046 0.127167 0.158133 0.190137 0.213613 0.218426 0.203062 0.17667 0.150505 0.131255 0.120753 0.117967 0.120824 0.127688 0.138525 0.155348 0.18166 0.220913 0.273214 0.328389 0.359657 0.342129 0.287959 0.228553 0.181798 0.151502 0.135738 0.131419 0.136053 0.148658 0.170636 0.206393 0.262719 0.344427 0.440057 0.499539 0.479176 0.425308 0.39189 0.390908 0.411966 0.439046 0.466009 0.499621 0.532785 0.519459 0.435475 0.329687 0.242932 0.184215 0.150789 0.139011 0.147391 0.17681 0.229188 0.303669 0.388802 0.457172 0.485289 0.480554 0.461257 0.437641 0.417726 0.40771 0.409616 0.424373 0.451474 0.481692 0.495096 0.474819 0.423802 0.361395 0.30558 0.263793 0.235257 0.216057 0.202673 0.193299 0.187251 0.183377 0.178959 0.170462 0.155993 0.136992 0.117175 0.100211 0.0884765 0.0831896 0.0850292 0.0945823 0.112277 0.137496 0.16663 0.191086 0.199391 0.186287 0.158512 0.127678 0.101502 0.0822892 0.0691442 0.0600776 0.0532242 0.0473606 0.0419519 0.0369353 0.0324484 0.0286438 0.0256191 0.0234237 0.022096 0.0217037 0.0223754 0.0243165 0.0277987 0.0331087 0.0404383 0.0497082 0.0603553 0.0711958 0.0805637 0.0868634 0.0893355 0.0884728 0.0857198 0.0827324 0.0807562 0.0803814 0.0815805 0.0838719 0.0865646 0.0891042 0.0914354 0.094164 0.0983754 0.105268 0.115964 0.131779 0.154887 0.188785 0.237296 0.299918 0.361798 0.390069 0.368361 0.324409 0.291789 0.287849 0.322152 0.40281 0.527292 0.630986 0.582908 0.453982 0.347447 0.276457 0.230931 0.200525 0.178433 0.161123 0.147117 0.135643 0.125742 0.116172 0.105926 0.0947748 0.0833294 0.0726428 0.0637363 0.0573569 0.0539787 0.0538973 0.0572777 0.0640875 0.0739235 0.0858166 0.0981827 0.109136 0.117226 0.122281 0.125798 0.130698 0.140853 0.16074 0.194844 0.245243 0.304477 0.344795 0.331118 0.269757 0.197829 0.13754 0.0932804 0.0625736 0.0417778 0.0278308 0.0185108 0.0122919 0.00814714 0.00538902 0.00355731 0.00234369 0.00154157 0.00101267 0.000664666 0.000436097 0.000286166 0.000187894 0.000123497 8.12861e-05 5.35944e-05 3.54046e-05 
0.00033476 0.000497957 0.000736382 0.00108211 0.00157948 0.00228923 0.00329364 0.00470303 0.00666311 0.00936198 0.0130326 0.0179424 0.0243549 0.0324445 0.0421516 0.0529977 0.0639514 0.0735075 0.080113 0.0828393 0.0818886 0.0785303 0.074529 0.0715421 0.0708774 0.073597 0.0806468 0.0926598 0.109243 0.127909 0.143559 0.15022 0.145164 0.131365 0.115105 0.102009 0.095394 0.0966903 0.106367 0.1246 0.151581 0.187532 0.232441 0.285552 0.345519 0.413707 0.498983 0.607107 0.682879 0.614818 0.484758 0.392438 0.351764 0.352621 0.379272 0.406209 0.396756 0.337215 0.256566 0.184542 0.131293 0.0958536 0.0741057 0.0619204 0.0559864 0.053882 0.0539504 0.0551177 0.056682 0.0581141 0.0589261 0.058657 0.0569798 0.0538738 0.049739 0.0453489 0.0416641 0.0396393 0.0401419 0.0439951 0.0520591 0.0652237 0.0841606 0.108723 0.137128 0.165767 0.1911 0.213225 0.236777 0.265805 0.295505 0.30913 0.292216 0.251626 0.205852 0.1665 0.136398 0.114611 0.0995979 0.0900188 0.0846098 0.0820142 0.0808486 0.0799688 0.0787541 0.077187 0.0756195 0.074337 0.073181 0.0714852 0.0684098 0.0634887 0.056992 0.0498319 0.0431439 0.0378906 0.0346861 0.0338075 0.0352728 0.038915 0.0444506 0.0515765 0.0601007 0.0700432 0.0816119 0.0950287 0.110323 0.127275 0.145615 0.165386 0.187229 0.212422 0.242689 0.279622 0.322628 0.363804 0.383359 0.362335 0.308167 0.245903 0.192733 0.154133 0.129889 0.118187 0.117097 0.124768 0.139079 0.157157 0.175179 0.18903 0.195818 0.195088 0.188394 0.177683 0.164169 0.148446 0.131215 0.113643 0.0970857 0.0826013 0.0706935 0.0613828 0.0544622 0.0497665 0.0473593 0.0476171 0.0512416 0.0592443 0.0729244 0.093791 0.12326 0.161797 0.207158 0.252299 0.286073 0.300108 0.29597 0.282638 0.269179 0.260638 0.256285 0.249402 0.231602 0.200833 0.163404 0.12758 0.09832 0.0770685 0.0634415 0.0565246 0.0554159 0.0592716 0.0671061 0.0775436 0.088732 0.0986129 0.105522 0.108775 0.108896 0.107461 0.10675 0.109323 0.117708 0.134354 0.161639 0.201148 0.250772 0.298808 0.322155 0.305914 0.264463 0.22268 0.194156 0.181473 0.181953 0.190957 0.203725 0.217134 0.230588 0.244197 0.254799 0.254319 0.235664 0.201384 0.161968 0.12694 0.100894 0.0848009 0.0781548 0.0802514 0.0906694 0.109339 0.136483 0.17263 0.218807 0.276742 0.348418 0.433756 0.524558 0.59258 0.58958 0.507083 0.396923 0.300147 0.229103 0.182935 0.157407 0.148641 0.154301 0.173785 0.208065 0.259464 0.331483 0.426754 0.533869 0.590192 0.524223 0.402594 0.299968 0.232531 0.196355 0.185056 0.193973 0.220637 0.263965 0.322641 0.393647 0.473206 0.560806 0.655729 0.720817 0.665561 0.52091 0.384947 0.286437 0.221768 0.181143 0.155086 0.136203 0.120062 0.10518 0.0919894 0.0815403 0.0747617 0.072368 0.0750744 0.0838655 0.100214 0.126165 0.163985 0.214513 0.272548 0.31963 0.328372 0.293626 0.24125 0.195721 0.166369 0.153073 0.151807 0.157358 0.165454 0.174971 0.188769 0.212325 0.251253 0.307571 0.371154 0.408139 0.382905 0.312948 0.240273 0.184984 0.149516 0.130492 0.123879 0.126609 0.137218 0.156344 0.186882 0.232865 0.295218 0.362128 0.402191 0.393866 0.361593 0.339698 0.339934 0.355715 0.373505 0.385344 0.392291 0.391338 0.36871 0.318766 0.256691 0.200971 0.160558 0.137449 0.131776 0.144573 0.178659 0.237926 0.323614 0.424439 0.505985 0.536798 0.531652 0.517149 0.504681 0.502204 0.512225 0.529722 0.557006 0.604538 0.664447 0.69541 0.65607 0.555311 0.439561 0.342778 0.273552 0.227643 0.197963 0.178648 0.165924 0.157483 0.1514 0.145503 0.137685 0.126893 0.113777 0.100271 0.0885754 0.0803953 0.076755 0.0781345 0.0846022 0.0957282 0.110176 0.125088 0.13595 0.13813 0.129941 0.114146 0.0958074 0.0790855 0.065895 0.0563144 0.0495025 0.0444322 0.0402965 0.0366327 0.0332704 0.0302124 0.0275291 0.0252972 0.023579 0.0224292 0.0219166 0.0221489 0.0232898 0.0255526 0.0291602 0.0342619 0.0408123 0.0484446 0.0564142 0.0637232 0.0694704 0.0732766 0.0754712 0.0768658 0.0782909 0.0802463 0.0828399 0.0859266 0.0892604 0.092591 0.095785 0.0990063 0.102808 0.107953 0.115052 0.12435 0.136011 0.150763 0.170185 0.195681 0.225618 0.252203 0.263803 0.2564 0.240416 0.232148 0.245194 0.290248 0.375845 0.497956 0.595433 0.558244 0.444883 0.347802 0.282426 0.240151 0.210879 0.187678 0.167124 0.148332 0.131548 0.117008 0.1045 0.0935399 0.0837485 0.0750532 0.0676489 0.0618509 0.0579953 0.0564257 0.0575008 0.0615431 0.0686933 0.0786943 0.090692 0.103207 0.114453 0.123037 0.128702 0.132609 0.137026 0.144823 0.159076 0.182376 0.214748 0.24933 0.269244 0.257516 0.21694 0.166287 0.120377 0.0844408 0.058234 0.0397748 0.026997 0.0182356 0.012265 0.00821683 0.00548472 0.00364907 0.00242094 0.00160249 0.00105894 0.000698995 0.000461186 0.000304324 0.000200951 0.000132846 8.79592e-05 5.83463e-05 3.87815e-05 
0.000378217 0.000560058 0.000823415 0.001201 0.00173636 0.00248636 0.0035237 0.00493943 0.0068453 0.00937513 0.0126833 0.0169354 0.0222827 0.0288079 0.0364395 0.0448489 0.0533927 0.0611871 0.0673718 0.0714775 0.0736593 0.0745864 0.07505 0.075616 0.0766131 0.0784229 0.0817013 0.0871568 0.0948719 0.103576 0.110549 0.112755 0.108818 0.100138 0.0900038 0.0818211 0.0780352 0.0800395 0.0885192 0.103783 0.125951 0.15506 0.191259 0.235316 0.2899 0.362147 0.46557 0.609972 0.731085 0.655366 0.508021 0.411891 0.370981 0.366761 0.378179 0.383 0.359769 0.30373 0.233588 0.169821 0.121084 0.087454 0.0658789 0.0529575 0.0458685 0.0425305 0.0415096 0.0418573 0.0429349 0.0442529 0.0453638 0.0458423 0.0453684 0.0438701 0.0416319 0.0392829 0.0376751 0.0377531 0.0405134 0.0470739 0.0587887 0.0772716 0.104102 0.139873 0.182366 0.225016 0.259717 0.285949 0.315288 0.361279 0.421047 0.457355 0.426455 0.350388 0.274753 0.215864 0.172508 0.140516 0.117158 0.100912 0.0905013 0.0844806 0.0813401 0.0798114 0.0791293 0.0790739 0.0797267 0.0810395 0.0824534 0.082849 0.0809807 0.0762013 0.0689306 0.0604707 0.0523787 0.0459227 0.0418813 0.0405941 0.0420801 0.0461241 0.0523428 0.0602887 0.0696148 0.0802176 0.0922289 0.105827 0.121038 0.137753 0.156021 0.176425 0.200274 0.229628 0.267489 0.318086 0.385326 0.463399 0.514333 0.481963 0.387351 0.291602 0.219355 0.171514 0.143213 0.129749 0.127593 0.134026 0.146487 0.162021 0.17713 0.188373 0.193614 0.192833 0.187457 0.178802 0.167257 0.152803 0.135993 0.118244 0.101263 0.0863356 0.0740431 0.0643967 0.057162 0.0521579 0.0494367 0.0493367 0.0524426 0.0595015 0.0713193 0.0886247 0.111824 0.140519 0.17274 0.204296 0.229413 0.243311 0.244867 0.236829 0.223911 0.210295 0.197496 0.183887 0.166698 0.145074 0.121112 0.0981766 0.0788994 0.0645612 0.0554771 0.0515269 0.0524509 0.0578763 0.0671557 0.0791474 0.0921288 0.10404 0.113062 0.118224 0.119746 0.119032 0.118314 0.119982 0.12592 0.137245 0.154364 0.176754 0.201753 0.222962 0.231633 0.223607 0.204561 0.185178 0.173461 0.172315 0.180624 0.194788 0.210354 0.224144 0.235578 0.245152 0.250886 0.247082 0.22887 0.198337 0.163536 0.132283 0.108869 0.0946756 0.0897784 0.0940136 0.107401 0.130177 0.162719 0.205586 0.259837 0.327352 0.409987 0.505812 0.601735 0.665121 0.652049 0.559542 0.438132 0.330371 0.251044 0.200087 0.173017 0.165494 0.174888 0.200598 0.24385 0.307504 0.396691 0.519989 0.680542 0.792932 0.666552 0.477479 0.340041 0.255107 0.209885 0.193802 0.199867 0.223983 0.263621 0.315938 0.376129 0.437778 0.494883 0.539417 0.55126 0.507102 0.420249 0.329027 0.256049 0.205357 0.172626 0.151232 0.135203 0.12087 0.107243 0.095095 0.0857105 0.0801942 0.0794536 0.0844943 0.0967817 0.118617 0.153551 0.206687 0.283925 0.386154 0.486715 0.50628 0.423331 0.321868 0.248128 0.207504 0.193883 0.198342 0.210567 0.221255 0.227019 0.232387 0.245716 0.274026 0.319131 0.370755 0.398192 0.371004 0.303971 0.233885 0.179696 0.144256 0.124585 0.116815 0.117819 0.125785 0.140492 0.163173 0.195295 0.235478 0.275193 0.299296 0.299681 0.286763 0.277371 0.279352 0.289515 0.299315 0.302708 0.299043 0.288031 0.266748 0.234637 0.197342 0.162876 0.136967 0.122569 0.121556 0.136283 0.170288 0.227671 0.309635 0.405635 0.485139 0.521583 0.528874 0.532883 0.548218 0.58546 0.638777 0.679111 0.708425 0.772067 0.877032 0.943149 0.875889 0.701464 0.519164 0.379853 0.285982 0.226105 0.188744 0.165486 0.150868 0.141401 0.134592 0.128381 0.12118 0.112266 0.102032 0.0917515 0.0829926 0.0770849 0.074835 0.0764547 0.0815609 0.0891673 0.0976706 0.10492 0.108565 0.106857 0.0996118 0.0884554 0.0759611 0.0643871 0.0549698 0.0479389 0.0428979 0.0392276 0.0363613 0.033909 0.031671 0.0295913 0.027696 0.0260419 0.0246837 0.023666 0.0230367 0.0228734 0.0233044 0.0245091 0.0266863 0.029992 0.03446 0.039934 0.0460595 0.0523824 0.0585505 0.0645096 0.0705211 0.0769306 0.0838323 0.0909145 0.0976518 0.103677 0.10894 0.113534 0.117533 0.121172 0.125109 0.130203 0.13679 0.144176 0.151093 0.156941 0.162565 0.169421 0.17757 0.184425 0.186352 0.182778 0.178515 0.181748 0.200925 0.243102 0.311346 0.395296 0.454928 0.444999 0.38651 0.326316 0.281744 0.250677 0.226435 0.203815 0.180671 0.157416 0.135612 0.11665 0.101131 0.0889325 0.0795722 0.0725183 0.0673487 0.0638053 0.0618305 0.0616013 0.063504 0.0680012 0.0753923 0.0855355 0.0976449 0.11031 0.121856 0.130996 0.137421 0.141902 0.145889 0.151036 0.158936 0.170724 0.185823 0.199941 0.204812 0.193331 0.166613 0.132941 0.100443 0.0732596 0.0522463 0.0367049 0.0255048 0.017567 0.0120096 0.00815716 0.00550932 0.00370311 0.00247916 0.00165454 0.00110166 0.000732429 0.000486601 0.00032328 0.00021491 0.000143034 9.53457e-05 6.36744e-05 4.26086e-05 
0.000430149 0.000635278 0.000930724 0.0013511 0.00194095 0.00275562 0.0038612 0.00533302 0.0072529 0.0097052 0.0127726 0.0165304 0.0210373 0.0263149 0.0323143 0.0388769 0.0457228 0.0525091 0.0589736 0.0650914 0.0710943 0.077232 0.0833544 0.0886528 0.0919742 0.0926942 0.0914003 0.0895851 0.0885452 0.088445 0.0882291 0.0864019 0.0821433 0.0759519 0.0693963 0.0643605 0.0624336 0.064701 0.071801 0.0840491 0.101554 0.12439 0.152974 0.188771 0.235349 0.299294 0.388604 0.49981 0.579306 0.547475 0.461031 0.399761 0.376952 0.376171 0.374742 0.357093 0.318412 0.263242 0.203259 0.149726 0.107995 0.0782937 0.0585035 0.0460458 0.0386823 0.0347194 0.0329695 0.03263 0.033148 0.0340975 0.0350986 0.0358028 0.0359535 0.0354925 0.034645 0.0339278 0.0340851 0.0360257 0.0408344 0.0498845 0.0650143 0.0886463 0.123575 0.171811 0.231496 0.292253 0.337099 0.36216 0.39018 0.45105 0.553795 0.637227 0.580836 0.453053 0.347229 0.272563 0.217887 0.175295 0.142161 0.117863 0.10149 0.0914557 0.0859428 0.0834012 0.0828335 0.0837984 0.0861335 0.089504 0.0930058 0.0951235 0.0942505 0.0895705 0.0816192 0.0720167 0.0626587 0.0550548 0.050119 0.0482645 0.049555 0.0537975 0.0605986 0.0694692 0.0800088 0.0920728 0.105745 0.121092 0.137932 0.155958 0.175242 0.196765 0.222511 0.255243 0.298772 0.359431 0.44706 0.566571 0.668979 0.616242 0.46447 0.335052 0.247733 0.193751 0.163034 0.148386 0.145058 0.14963 0.159137 0.170615 0.181095 0.188123 0.190545 0.188794 0.184049 0.176937 0.167064 0.15386 0.137731 0.120252 0.103358 0.0884732 0.0762119 0.0665816 0.059352 0.0543681 0.051717 0.0517515 0.0550061 0.0620494 0.0733052 0.0888721 0.108377 0.130879 0.154782 0.17774 0.196747 0.208685 0.211371 0.20475 0.19131 0.174789 0.157965 0.141595 0.125141 0.108237 0.0914557 0.0760219 0.063139 0.0536195 0.047895 0.0461688 0.048516 0.0548546 0.0647994 0.0774718 0.0914158 0.10478 0.115781 0.123258 0.127127 0.128575 0.129738 0.132763 0.138777 0.147501 0.157735 0.168102 0.177105 0.182637 0.182455 0.176259 0.167117 0.160031 0.159155 0.166144 0.179937 0.19734 0.214302 0.227853 0.237337 0.24321 0.244413 0.2377 0.220581 0.194811 0.165903 0.139595 0.119586 0.107607 0.104404 0.110491 0.126434 0.152804 0.190044 0.238563 0.299285 0.374281 0.465631 0.569754 0.667817 0.7223 0.697081 0.597231 0.469214 0.354699 0.270386 0.216954 0.189693 0.183818 0.196375 0.226599 0.275452 0.344771 0.437048 0.556004 0.697038 0.779557 0.664917 0.486306 0.349309 0.261995 0.214178 0.195796 0.19959 0.220877 0.25638 0.302383 0.352992 0.400096 0.435236 0.450733 0.439339 0.398496 0.337832 0.274662 0.221847 0.183632 0.158244 0.141285 0.128296 0.116467 0.105168 0.0952532 0.0880302 0.0846906 0.0863367 0.094293 0.110492 0.137926 0.181318 0.248219 0.350626 0.505306 0.712825 0.769145 0.565556 0.396348 0.295543 0.248275 0.24023 0.257869 0.28422 0.300613 0.299202 0.28914 0.284383 0.292827 0.31441 0.339383 0.347174 0.320813 0.268383 0.212204 0.166736 0.135774 0.117866 0.110127 0.109864 0.115217 0.125402 0.140546 0.160765 0.184447 0.206787 0.221248 0.224966 0.222206 0.220262 0.223082 0.229164 0.233908 0.233654 0.227559 0.216015 0.199139 0.177747 0.154493 0.133095 0.116893 0.108407 0.109829 0.123689 0.153086 0.200897 0.2669 0.34233 0.407826 0.448971 0.474321 0.503559 0.555886 0.649847 0.775767 0.84361 0.839362 0.889333 1.02287 1.11737 1.01998 0.78674 0.561327 0.398448 0.292247 0.226033 0.185718 0.161469 0.146868 0.137751 0.131242 0.125214 0.118223 0.109724 0.100196 0.0908954 0.0833477 0.0788286 0.0780315 0.0809024 0.0865805 0.0934679 0.0995178 0.102756 0.101868 0.0966058 0.0878221 0.0771302 0.0663046 0.0567218 0.0490868 0.0434748 0.0395508 0.036817 0.0347973 0.0331383 0.0316356 0.0302125 0.0288748 0.0276611 0.0266041 0.0257163 0.0250062 0.0245124 0.0243361 0.0246475 0.0256594 0.0275779 0.0305487 0.0346298 0.0398111 0.0460971 0.0536196 0.0626927 0.0736891 0.0866914 0.101073 0.115407 0.128091 0.138352 0.146549 0.153277 0.158525 0.162205 0.165313 0.169704 0.176143 0.182644 0.185278 0.181475 0.172483 0.162014 0.15299 0.145985 0.140241 0.135805 0.13484 0.141263 0.159449 0.192622 0.240176 0.293015 0.33155 0.339459 0.322911 0.300035 0.280717 0.2646 0.24751 0.226332 0.200764 0.172934 0.145947 0.122408 0.103679 0.0899222 0.0805404 0.074607 0.0711639 0.0694241 0.0689409 0.0697236 0.0722104 0.077049 0.0847326 0.0952236 0.107734 0.120816 0.132833 0.142618 0.149898 0.155151 0.159032 0.161939 0.164104 0.165836 0.167114 0.166527 0.161104 0.148311 0.128602 0.105347 0.0824094 0.0622888 0.0459123 0.0332063 0.0236587 0.0166479 0.0115915 0.00799808 0.00547625 0.0037254 0.00252097 0.00169888 0.00114138 0.000765263 0.000512529 0.000343176 0.00022989 0.000154161 0.000103531 6.96499e-05 4.69443e-05 
0.000491177 0.000724578 0.00105991 0.00153526 0.00219847 0.00310671 0.0043239 0.00591535 0.0079396 0.0104391 0.0134334 0.0169183 0.0208749 0.0252835 0.0301382 0.0354569 0.0413009 0.0478215 0.0553323 0.064342 0.0754092 0.0886778 0.103114 0.115935 0.123263 0.122511 0.114579 0.103153 0.0919479 0.0828193 0.075749 0.0698061 0.0641574 0.0586314 0.0537345 0.0503342 0.0493156 0.0513833 0.0570058 0.0664373 0.0797905 0.097206 0.119191 0.147118 0.183652 0.232384 0.294919 0.362671 0.408338 0.408108 0.382 0.36576 0.37051 0.381296 0.373742 0.338833 0.286457 0.229107 0.175287 0.12998 0.0949982 0.0697496 0.0524612 0.0411358 0.0340366 0.0298333 0.0275807 0.0266325 0.0265396 0.0269606 0.0276025 0.0282105 0.0286103 0.028781 0.0289178 0.0294511 0.0310266 0.0344958 0.0409705 0.0519723 0.0696625 0.0970656 0.138015 0.196056 0.27052 0.348174 0.401002 0.418556 0.434913 0.49272 0.608569 0.716685 0.652398 0.512447 0.40603 0.331621 0.271423 0.218212 0.173549 0.13973 0.116562 0.102091 0.0939423 0.0901371 0.0893759 0.0909642 0.0944835 0.0993285 0.104318 0.107667 0.107559 0.103081 0.0948253 0.084561 0.0743391 0.0657837 0.0598974 0.0571893 0.057842 0.0617934 0.0687736 0.0783995 0.090361 0.104574 0.121093 0.139753 0.159887 0.180562 0.201469 0.223793 0.250203 0.28391 0.328241 0.38841 0.474094 0.592232 0.695721 0.64016 0.48541 0.356833 0.272048 0.22052 0.191316 0.177048 0.172921 0.175266 0.180787 0.186569 0.1904 0.191115 0.188763 0.1843 0.178678 0.171897 0.162942 0.150814 0.135708 0.11914 0.103033 0.0888038 0.0770664 0.0678513 0.060984 0.0563922 0.0542598 0.0550316 0.059297 0.0675778 0.0800419 0.0962093 0.114825 0.134119 0.152388 0.16838 0.180955 0.188462 0.188899 0.181294 0.167014 0.14922 0.130951 0.113831 0.0982047 0.0839464 0.0710848 0.0599343 0.0509421 0.0445298 0.0410393 0.0407424 0.0438379 0.0503888 0.0601923 0.0726272 0.0865793 0.100553 0.112996 0.122765 0.129644 0.134703 0.139982 0.147304 0.156826 0.166509 0.173294 0.17527 0.172695 0.16701 0.159675 0.152258 0.146945 0.146251 0.152009 0.164462 0.181962 0.201396 0.219324 0.233435 0.243123 0.248374 0.248145 0.240452 0.224426 0.202027 0.177402 0.154799 0.137225 0.126504 0.123926 0.130687 0.147932 0.176537 0.216852 0.268806 0.332842 0.411291 0.507765 0.620809 0.731881 0.797443 0.767301 0.646748 0.500086 0.375371 0.286922 0.232666 0.206271 0.202061 0.216549 0.248549 0.298288 0.365569 0.447724 0.537762 0.616975 0.637993 0.562467 0.43943 0.329754 0.253303 0.209098 0.191098 0.193571 0.212301 0.244092 0.285247 0.32983 0.369126 0.39333 0.395013 0.372529 0.331048 0.280496 0.231366 0.190758 0.161068 0.141028 0.127501 0.117234 0.108152 0.0998053 0.0929188 0.0886561 0.08822 0.0928959 0.104324 0.124818 0.157715 0.207855 0.282488 0.39312 0.557995 0.790295 0.858394 0.611802 0.427619 0.323205 0.280356 0.28526 0.324611 0.375467 0.403013 0.390667 0.359187 0.332255 0.317327 0.311938 0.30863 0.296644 0.268578 0.228074 0.185983 0.150947 0.126202 0.111315 0.104382 0.103316 0.106481 0.112942 0.122368 0.13447 0.148119 0.160902 0.170036 0.174452 0.175865 0.177249 0.180253 0.184022 0.186136 0.184536 0.178631 0.168909 0.156173 0.141462 0.126295 0.112555 0.102152 0.0968974 0.0986587 0.109548 0.131802 0.166985 0.214134 0.267484 0.317338 0.357912 0.394763 0.442294 0.520268 0.651502 0.831631 0.917971 0.869791 0.881485 0.975331 1.03668 0.943539 0.740257 0.538268 0.387538 0.287564 0.225133 0.18771 0.165959 0.153469 0.145915 0.140274 0.134355 0.126784 0.117251 0.106613 0.0965547 0.0889613 0.0853199 0.0863437 0.091746 0.100099 0.108907 0.115164 0.116416 0.111785 0.102195 0.0897163 0.0766063 0.064624 0.0547736 0.0473553 0.0421636 0.0387196 0.0364696 0.0349231 0.0337249 0.0326702 0.0316803 0.0307537 0.0299106 0.0291485 0.0284293 0.0277043 0.0269659 0.0262952 0.025875 0.0259645 0.0268516 0.028815 0.0321225 0.0370768 0.0441028 0.0538338 0.0671023 0.0846995 0.106779 0.132009 0.157188 0.178544 0.194552 0.206908 0.217519 0.225455 0.22874 0.228979 0.231478 0.239525 0.249079 0.249742 0.234024 0.205512 0.174187 0.147418 0.127564 0.114175 0.106483 0.104707 0.110142 0.124481 0.148665 0.181273 0.216958 0.24732 0.266442 0.275916 0.281263 0.284733 0.283708 0.274274 0.254726 0.226548 0.193693 0.161016 0.132506 0.110312 0.0948209 0.0852661 0.0803101 0.078457 0.0783741 0.0792035 0.0807978 0.0837154 0.0888961 0.097121 0.108482 0.122098 0.136289 0.149238 0.159802 0.167852 0.173806 0.177735 0.178868 0.176154 0.169433 0.159743 0.148217 0.13506 0.119902 0.102903 0.0851503 0.0681039 0.0529023 0.0401044 0.029787 0.021741 0.0156308 0.0110918 0.00778241 0.005408 0.00372775 0.00255262 0.00173886 0.00117995 0.000798566 0.000539623 0.000364435 0.000246177 0.000166435 0.000112667 7.6388e-05 5.18761e-05 
0.000561477 0.00082798 0.00121073 0.00175286 0.00250795 0.00353866 0.00491193 0.00668985 0.00891597 0.0115998 0.0147059 0.0181582 0.0218668 0.0257777 0.0299325 0.034522 0.039932 0.0467949 0.0560483 0.0689434 0.0868325 0.110436 0.13828 0.16469 0.180025 0.176801 0.157149 0.130551 0.105469 0.0856174 0.0711403 0.0607163 0.0529475 0.0469597 0.0424819 0.0396672 0.0388581 0.0404098 0.0445953 0.0515815 0.0614677 0.0744088 0.0908334 0.111683 0.138433 0.172409 0.212806 0.253694 0.284229 0.298446 0.305255 0.319801 0.345976 0.367563 0.359083 0.316049 0.257451 0.200267 0.151562 0.112949 0.0838795 0.0629036 0.0482828 0.0383703 0.0318047 0.02756 0.0249131 0.0233755 0.022617 0.0223971 0.0225209 0.0228297 0.0232285 0.0237361 0.0245313 0.0259776 0.0286312 0.0332628 0.0409319 0.053141 0.0720677 0.100805 0.143348 0.203543 0.28101 0.361776 0.41433 0.425081 0.428836 0.465391 0.541571 0.606033 0.581435 0.506486 0.442394 0.388993 0.329877 0.265746 0.208234 0.164385 0.134493 0.115781 0.105096 0.099975 0.0988303 0.100727 0.10499 0.110763 0.116666 0.120804 0.121324 0.11732 0.10936 0.0991479 0.088637 0.0793795 0.0723909 0.0683134 0.0675653 0.0703703 0.0767478 0.086586 0.0998126 0.116505 0.136705 0.159913 0.184683 0.20899 0.231621 0.253673 0.278509 0.309718 0.349099 0.397603 0.458133 0.52885 0.575583 0.540099 0.446209 0.357741 0.295702 0.256534 0.233174 0.220941 0.216609 0.216623 0.217074 0.214997 0.209327 0.200747 0.19086 0.181247 0.172657 0.164554 0.155457 0.144044 0.130211 0.115141 0.10048 0.087486 0.0767397 0.0683245 0.0621702 0.0583389 0.0571731 0.0593005 0.0655063 0.0764576 0.0922522 0.111846 0.132711 0.15141 0.165276 0.173799 0.177943 0.178175 0.173667 0.163508 0.148326 0.130365 0.112156 0.095369 0.0806392 0.0679984 0.0573274 0.048587 0.0418578 0.0373035 0.0351337 0.035575 0.0388316 0.0450142 0.0540341 0.06549 0.0786081 0.0923034 0.105398 0.11701 0.127075 0.136744 0.148045 0.162475 0.179053 0.193375 0.199624 0.195094 0.182412 0.166795 0.1526 0.142526 0.138326 0.141215 0.151574 0.168418 0.189274 0.210902 0.230655 0.247388 0.260886 0.27019 0.27279 0.266188 0.250428 0.228657 0.205264 0.183827 0.16657 0.155065 0.150982 0.156211 0.172528 0.201107 0.242045 0.294364 0.357301 0.432874 0.5268 0.643627 0.775611 0.882039 0.861857 0.701298 0.524896 0.389491 0.299451 0.246644 0.222215 0.219424 0.234184 0.264758 0.310543 0.369644 0.435948 0.49722 0.534596 0.526412 0.466756 0.379701 0.296852 0.235046 0.197557 0.181727 0.183692 0.2002 0.22869 0.266191 0.307632 0.344529 0.365699 0.362086 0.333684 0.289868 0.242295 0.199388 0.165266 0.140623 0.123962 0.112789 0.104689 0.0981377 0.09277 0.0891119 0.0881339 0.0910195 0.0992295 0.114718 0.140142 0.178965 0.235269 0.313066 0.414839 0.537541 0.651692 0.659538 0.538564 0.409117 0.326558 0.29721 0.31758 0.379951 0.459797 0.503642 0.482435 0.434652 0.392275 0.357916 0.327044 0.29727 0.26639 0.232551 0.197074 0.164071 0.13729 0.118268 0.106571 0.100771 0.0992664 0.100771 0.104524 0.11021 0.11758 0.125963 0.134094 0.140621 0.145008 0.147937 0.150642 0.153716 0.156485 0.157449 0.155342 0.149884 0.141699 0.131782 0.121129 0.110661 0.101286 0.0939744 0.0898681 0.0903708 0.09711 0.111653 0.134867 0.165972 0.201923 0.238605 0.274451 0.313605 0.365929 0.445249 0.563275 0.702273 0.773468 0.757885 0.758418 0.795911 0.810147 0.742788 0.609796 0.467922 0.353612 0.274315 0.224364 0.195284 0.179491 0.171183 0.166209 0.16157 0.155092 0.145594 0.133262 0.119695 0.107355 0.0987369 0.0956943 0.0990692 0.108409 0.121645 0.134999 0.143765 0.144226 0.135581 0.120162 0.101809 0.0839727 0.0687892 0.0570772 0.0487433 0.0432082 0.0397235 0.0375739 0.036189 0.0351866 0.0343626 0.0336466 0.0330369 0.0325333 0.032088 0.0315964 0.0309392 0.0300562 0.029013 0.0280213 0.0274078 0.0275613 0.0289005 0.0318923 0.0371275 0.0454397 0.0580245 0.0764564 0.102407 0.13674 0.177743 0.219404 0.253296 0.276207 0.29405 0.312809 0.328176 0.330482 0.321921 0.318289 0.331332 0.354508 0.36069 0.326923 0.265766 0.204129 0.155655 0.122007 0.100574 0.0885608 0.0842879 0.0872201 0.0974331 0.114841 0.138386 0.165629 0.193501 0.220192 0.246044 0.271392 0.293388 0.306105 0.304391 0.28691 0.256215 0.217919 0.178976 0.145098 0.119286 0.102066 0.0924168 0.0885474 0.0883949 0.0900374 0.0921631 0.0944772 0.0977492 0.103357 0.112514 0.125513 0.141313 0.15775 0.172471 0.18409 0.192603 0.198617 0.201996 0.201104 0.193773 0.17955 0.160667 0.140394 0.120934 0.102971 0.0864358 0.0712532 0.0575426 0.0454969 0.0352386 0.0267665 0.0199668 0.0146506 0.0105915 0.00755744 0.00533173 0.00372562 0.0025829 0.00177955 0.00122033 0.000834111 0.000568983 0.000387766 0.000264249 0.000180184 0.000122991 8.40602e-05 5.75312e-05 
0.000641035 0.000944923 0.00138151 0.00200024 0.0028625 0.00403963 0.00560649 0.00762876 0.0101436 0.013137 0.0165274 0.0201722 0.0239117 0.027654 0.0314792 0.0357346 0.0411073 0.0486994 0.0601343 0.0776686 0.104129 0.142167 0.191692 0.24412 0.277235 0.268848 0.225427 0.172707 0.127649 0.0945855 0.0719435 0.0567755 0.0465311 0.039501 0.0347522 0.0319028 0.0308887 0.0317834 0.0346869 0.0396769 0.046819 0.0562348 0.0682101 0.083273 0.102086 0.124961 0.150961 0.177227 0.200152 0.219099 0.238819 0.265519 0.298069 0.321293 0.314377 0.275356 0.222502 0.172112 0.130653 0.0988245 0.0753228 0.0584108 0.0464421 0.0380329 0.0321086 0.02789 0.0248518 0.0226659 0.0211375 0.0201467 0.0196068 0.0194527 0.0196594 0.0202784 0.0214762 0.0235626 0.0270111 0.0324896 0.0409268 0.0536309 0.0724578 0.0999523 0.139203 0.192697 0.258727 0.324773 0.367394 0.377367 0.377882 0.395784 0.434426 0.469982 0.477417 0.467036 0.456738 0.434407 0.380819 0.307733 0.239817 0.188533 0.153923 0.132197 0.11955 0.113253 0.111613 0.113563 0.118225 0.124538 0.131013 0.135774 0.13707 0.134058 0.127225 0.117994 0.107921 0.0982066 0.0897512 0.0834027 0.0800259 0.0803671 0.0849256 0.0939939 0.107827 0.126719 0.150714 0.178939 0.209003 0.237385 0.261387 0.281534 0.30179 0.326404 0.356038 0.387717 0.419031 0.447157 0.459427 0.440711 0.40007 0.360679 0.332431 0.312367 0.297121 0.287459 0.283727 0.282062 0.276313 0.262833 0.242784 0.22021 0.199002 0.181381 0.167675 0.156676 0.146414 0.135237 0.122644 0.109318 0.0964525 0.0850448 0.0756098 0.0682916 0.0631421 0.0603804 0.0605457 0.0645286 0.0734631 0.0884145 0.109724 0.135931 0.162736 0.183634 0.193612 0.192971 0.186014 0.176412 0.165038 0.151251 0.134926 0.117151 0.0995606 0.0834666 0.0695259 0.0578734 0.0483968 0.0409462 0.0354362 0.0318732 0.0303458 0.0309977 0.0339844 0.0394108 0.0472508 0.0572693 0.0689812 0.0816919 0.0946622 0.107437 0.12032 0.134706 0.15271 0.175625 0.201425 0.222971 0.230677 0.220564 0.198344 0.173536 0.153023 0.14014 0.13626 0.141822 0.15632 0.177816 0.202916 0.228035 0.251456 0.273904 0.296207 0.315874 0.326548 0.322678 0.305103 0.280293 0.254841 0.232079 0.212798 0.197759 0.189019 0.189402 0.201445 0.226657 0.264868 0.313884 0.37089 0.436326 0.51676 0.62163 0.754126 0.885442 0.879941 0.702092 0.520986 0.390226 0.30662 0.259089 0.237936 0.236159 0.249423 0.275624 0.313615 0.360793 0.41038 0.450322 0.465685 0.445861 0.39382 0.326364 0.262518 0.213808 0.183624 0.170806 0.172786 0.187219 0.212303 0.246042 0.28462 0.320372 0.341282 0.336369 0.305665 0.260863 0.214962 0.175603 0.145344 0.123811 0.109278 0.0996481 0.0931068 0.0885496 0.0857002 0.0849523 0.0871426 0.0934644 0.105567 0.125744 0.157094 0.203468 0.268673 0.353726 0.450749 0.536577 0.577297 0.548244 0.464371 0.37441 0.314225 0.297138 0.326101 0.397415 0.488755 0.545494 0.537428 0.504259 0.470245 0.426108 0.368856 0.309911 0.257962 0.214477 0.178585 0.149966 0.128657 0.114208 0.10548 0.100979 0.0993194 0.09957 0.101355 0.104682 0.109559 0.115599 0.121927 0.127552 0.13199 0.135548 0.138902 0.142279 0.144962 0.145625 0.143248 0.137839 0.130366 0.122101 0.114 0.106507 0.0997351 0.0938353 0.0893524 0.0873542 0.0892554 0.0964007 0.109548 0.128434 0.151764 0.178089 0.20746 0.242784 0.28977 0.35488 0.439124 0.525451 0.578868 0.593198 0.600284 0.611275 0.604512 0.55809 0.477748 0.388916 0.313287 0.259526 0.226816 0.210099 0.203349 0.201297 0.199932 0.196189 0.187866 0.174254 0.156651 0.137989 0.121811 0.111269 0.108553 0.114656 0.129057 0.149078 0.169356 0.182685 0.183161 0.169787 0.146837 0.120667 0.0963963 0.076689 0.0621586 0.0522393 0.0458895 0.0420146 0.0396834 0.0382172 0.0371993 0.0364319 0.0358611 0.0354898 0.0352962 0.0351814 0.0349671 0.0344564 0.0335332 0.03225 0.0308538 0.0297465 0.0294212 0.0304297 0.0334163 0.0392265 0.0490754 0.0647465 0.088728 0.124052 0.173252 0.23537 0.300909 0.352011 0.381038 0.405161 0.442452 0.480469 0.481461 0.446746 0.423987 0.445424 0.506428 0.542711 0.472809 0.34965 0.244048 0.170327 0.122824 0.0938381 0.077614 0.0706139 0.0709693 0.0778108 0.0906538 0.108947 0.131955 0.159099 0.190396 0.226027 0.264377 0.299945 0.324345 0.330796 0.316988 0.285055 0.241811 0.196768 0.157751 0.128648 0.110033 0.100582 0.0980532 0.0998277 0.103375 0.106894 0.109945 0.113579 0.119742 0.130226 0.145656 0.164873 0.185079 0.202993 0.216455 0.225144 0.229798 0.230569 0.22581 0.212964 0.191598 0.164964 0.137806 0.113436 0.0929429 0.0760211 0.0619378 0.0500567 0.0399667 0.0314332 0.0243112 0.018481 0.0138134 0.010162 0.0073686 0.00527549 0.00373606 0.00262213 0.00182719 0.00126637 0.000874311 0.000602156 0.000414186 0.000284792 0.000195886 0.000134839 9.29107e-05 6.40881e-05 
0.000730161 0.00107507 0.00157047 0.00227272 0.00325216 0.00459085 0.00637499 0.00867932 0.0115425 0.0149367 0.0187449 0.0227657 0.0267719 0.0306267 0.03443 0.0386505 0.0442235 0.052659 0.0662385 0.0883459 0.123855 0.179123 0.259861 0.360885 0.43779 0.416106 0.320482 0.224607 0.153537 0.105953 0.0752875 0.0557097 0.0431159 0.0349179 0.0296226 0.0264518 0.0250508 0.0252873 0.0271269 0.0305707 0.0356414 0.0424081 0.0510267 0.0617466 0.0748142 0.0902292 0.107445 0.125368 0.143116 0.161312 0.182381 0.20821 0.235584 0.25333 0.248664 0.220838 0.181809 0.143562 0.111782 0.0874543 0.0695852 0.0566934 0.0473906 0.0405481 0.0353184 0.0311169 0.0275938 0.0245923 0.0220859 0.0201087 0.0187028 0.0178988 0.0177311 0.0182736 0.0196789 0.0222103 0.0262655 0.0323993 0.041359 0.0541405 0.0720523 0.0967184 0.129799 0.171945 0.220402 0.266121 0.296182 0.306533 0.30909 0.318826 0.339983 0.36583 0.390039 0.415295 0.440492 0.442815 0.399771 0.328743 0.260756 0.209215 0.174155 0.151604 0.137851 0.130488 0.128127 0.129806 0.134551 0.141164 0.148145 0.153754 0.156424 0.155413 0.151074 0.144325 0.135871 0.126056 0.11543 0.105244 0.0972665 0.0931848 0.094196 0.101039 0.114255 0.1343 0.161221 0.193825 0.228826 0.261052 0.285793 0.30233 0.314929 0.328969 0.345573 0.360912 0.371575 0.377797 0.379869 0.378282 0.378764 0.387495 0.399745 0.402361 0.393045 0.384089 0.383157 0.383429 0.371054 0.339697 0.296203 0.251942 0.214326 0.185672 0.165066 0.150072 0.137931 0.126508 0.114843 0.103088 0.0919661 0.0821894 0.074185 0.0681352 0.0641906 0.0627045 0.0644049 0.0704732 0.0824948 0.102166 0.130479 0.165997 0.202453 0.228587 0.235023 0.223299 0.203119 0.182363 0.163428 0.145547 0.12768 0.109773 0.0925569 0.0769024 0.0633789 0.0521752 0.0432188 0.0363336 0.0313551 0.0281886 0.0268231 0.0273159 0.0297578 0.034224 0.0407171 0.0491168 0.0591593 0.070478 0.0827459 0.0959553 0.110796 0.128887 0.152377 0.182393 0.216182 0.244425 0.254099 0.239952 0.2106 0.179215 0.154428 0.139847 0.136578 0.144707 0.163347 0.189986 0.22038 0.250465 0.27966 0.311525 0.349087 0.387877 0.41379 0.413721 0.390374 0.358245 0.328661 0.303918 0.281255 0.259661 0.242227 0.233431 0.236678 0.253786 0.284501 0.325631 0.372104 0.421841 0.48017 0.556329 0.651897 0.737535 0.730273 0.613388 0.479842 0.377391 0.310395 0.272137 0.255169 0.2536 0.263559 0.283063 0.310924 0.3446 0.378063 0.401483 0.404089 0.380319 0.335053 0.281176 0.231607 0.194086 0.171022 0.161624 0.163967 0.176267 0.197275 0.225754 0.258979 0.290482 0.30909 0.304066 0.275224 0.233797 0.192114 0.157015 0.13035 0.111371 0.0984187 0.0897965 0.0842039 0.0809274 0.0798552 0.081384 0.0863362 0.095985 0.112194 0.137618 0.175924 0.23193 0.311126 0.416303 0.535306 0.619109 0.61024 0.529458 0.430956 0.347904 0.296637 0.283703 0.310368 0.372255 0.451536 0.514522 0.547039 0.571395 0.583694 0.538298 0.440586 0.341598 0.264396 0.208965 0.17008 0.143416 0.12604 0.115643 0.110045 0.107224 0.10568 0.104763 0.104665 0.106025 0.109317 0.114374 0.120311 0.125981 0.130715 0.134719 0.138656 0.142712 0.146001 0.146941 0.144429 0.138786 0.131586 0.124595 0.118791 0.114032 0.109416 0.104072 0.0979516 0.0921118 0.0882875 0.0881551 0.0927582 0.102314 0.116434 0.134733 0.157643 0.186917 0.225289 0.274748 0.333022 0.390072 0.432181 0.455504 0.467423 0.4711 0.459967 0.427812 0.378673 0.325129 0.279732 0.249424 0.235057 0.233155 0.238212 0.244913 0.248982 0.246567 0.234724 0.21361 0.187024 0.160368 0.138535 0.125062 0.122138 0.130742 0.150327 0.177775 0.206159 0.225325 0.226435 0.208 0.176668 0.141878 0.110649 0.0861258 0.0686077 0.056975 0.0496801 0.0452646 0.0425802 0.0408495 0.039637 0.0387654 0.0382073 0.0379745 0.0380259 0.0382128 0.0382866 0.0379764 0.0371127 0.0357335 0.0341167 0.0327317 0.0321632 0.0330754 0.0362552 0.0427458 0.0540616 0.0724699 0.101284 0.144957 0.208263 0.2926 0.386309 0.457338 0.488404 0.518204 0.592551 0.697665 0.699425 0.590648 0.522746 0.547417 0.675714 0.828501 0.653448 0.427021 0.275678 0.181292 0.123775 0.0896118 0.0704573 0.0614262 0.059828 0.0642965 0.0742068 0.0893402 0.109792 0.136041 0.16885 0.208453 0.252761 0.29572 0.328417 0.343012 0.335041 0.30458 0.25886 0.209846 0.167419 0.136281 0.117086 0.108317 0.107413 0.111312 0.116942 0.122033 0.125992 0.13015 0.137038 0.149107 0.167503 0.19123 0.217078 0.240667 0.258177 0.267546 0.268727 0.262807 0.25001 0.229216 0.200665 0.167981 0.136185 0.10871 0.086594 0.0693057 0.0557605 0.0449286 0.0360554 0.028667 0.0224919 0.0173721 0.0131962 0.00986082 0.00725595 0.00526598 0.00377647 0.00268154 0.00188904 0.00132276 0.000922241 0.000641184 0.000445073 0.000308752 0.000214201 0.000148681 0.000103278 7.17938e-05 
0.000830189 0.00121955 0.00177771 0.00256787 0.00366927 0.005175 0.00718379 0.00978252 0.0130173 0.0168571 0.0211627 0.0256898 0.0301554 0.0343768 0.0384502 0.0429076 0.0488294 0.0579769 0.0730706 0.0983441 0.140469 0.209861 0.321861 0.493071 0.685847 0.619651 0.4172 0.268684 0.173691 0.114645 0.0781523 0.0554759 0.0412009 0.0320881 0.0262726 0.0227288 0.0209221 0.020588 0.0216009 0.0239034 0.0274775 0.032343 0.0385619 0.0462239 0.0553893 0.0659925 0.0777802 0.0904231 0.103877 0.118749 0.136038 0.155729 0.174701 0.186184 0.183642 0.166865 0.142251 0.117094 0.0956369 0.0790658 0.0669071 0.0581174 0.0516234 0.0465123 0.0420812 0.0378657 0.0336659 0.0295288 0.0256649 0.0223313 0.0197405 0.0180289 0.0172797 0.0175734 0.0190404 0.0219013 0.0264883 0.0332526 0.0427573 0.0556598 0.0726725 0.0944607 0.121359 0.152702 0.18573 0.21497 0.234461 0.243084 0.24681 0.253701 0.268067 0.289989 0.318908 0.354558 0.389536 0.402339 0.37576 0.323082 0.269308 0.226805 0.196508 0.175483 0.161137 0.152258 0.14842 0.149126 0.153427 0.16005 0.16759 0.174591 0.179806 0.182689 0.183447 0.182137 0.177742 0.168656 0.154586 0.137753 0.121923 0.110513 0.105643 0.108359 0.119232 0.138677 0.166667 0.201814 0.240219 0.275266 0.29999 0.311823 0.31498 0.316364 0.319113 0.321351 0.321225 0.32118 0.326796 0.345001 0.383591 0.445172 0.511033 0.53938 0.525086 0.511715 0.521224 0.536332 0.520174 0.457716 0.37361 0.295955 0.235949 0.193638 0.165082 0.145657 0.13135 0.119338 0.10818 0.0975784 0.087878 0.0795552 0.0729452 0.0682311 0.0656056 0.0654902 0.0687336 0.0767469 0.091526 0.115424 0.150293 0.19524 0.24258 0.275721 0.279408 0.256824 0.224386 0.193998 0.168727 0.14719 0.127484 0.108747 0.091136 0.0752267 0.0615121 0.0501951 0.0412165 0.0343757 0.0294487 0.0262618 0.0247203 0.024804 0.0265417 0.0299736 0.0351121 0.0419117 0.0502659 0.0600535 0.0712644 0.0842202 0.0998384 0.119737 0.145805 0.178747 0.215331 0.245658 0.256072 0.241217 0.210448 0.177811 0.152434 0.138133 0.136112 0.146552 0.168644 0.199761 0.235226 0.270749 0.307127 0.351405 0.41019 0.4778 0.527821 0.531826 0.497418 0.455215 0.423528 0.400793 0.376027 0.345181 0.314818 0.292355 0.281533 0.284237 0.300784 0.32805 0.359776 0.39174 0.426844 0.471475 0.524358 0.565162 0.559661 0.502481 0.427595 0.363155 0.31778 0.290371 0.27706 0.273965 0.278411 0.289234 0.305787 0.325957 0.344648 0.354334 0.348009 0.323404 0.28536 0.243305 0.206054 0.178715 0.162696 0.157096 0.160138 0.170197 0.186245 0.207501 0.232099 0.255135 0.268057 0.262814 0.239208 0.205575 0.171501 0.14256 0.12029 0.10404 0.0924862 0.0844309 0.079121 0.0762937 0.0761196 0.0791451 0.0863073 0.0990409 0.119446 0.150482 0.196237 0.262489 0.357708 0.493393 0.674633 0.825646 0.740904 0.564464 0.424642 0.330941 0.278539 0.263301 0.281548 0.327585 0.390646 0.458583 0.534727 0.640387 0.753918 0.70482 0.525498 0.374988 0.273372 0.208078 0.167141 0.142664 0.129573 0.124085 0.122812 0.122684 0.121572 0.118977 0.116001 0.114431 0.115585 0.119594 0.125382 0.131372 0.136547 0.141074 0.145785 0.150932 0.155367 0.157053 0.154685 0.149003 0.142455 0.137548 0.135331 0.1348 0.13338 0.128462 0.119259 0.107454 0.0960819 0.0878859 0.0844686 0.0863396 0.0933969 0.105505 0.122973 0.146713 0.177846 0.216583 0.2606 0.304249 0.340709 0.366113 0.380189 0.382716 0.372122 0.348395 0.315999 0.283066 0.257924 0.246025 0.248538 0.262341 0.281618 0.300653 0.314416 0.31614 0.299389 0.265641 0.224489 0.185973 0.156382 0.138833 0.134765 0.144696 0.167911 0.201032 0.236057 0.260427 0.262516 0.240076 0.201806 0.159958 0.123195 0.0949871 0.0752725 0.0624108 0.054406 0.0494958 0.0463729 0.044216 0.0426156 0.0414462 0.0407231 0.0404739 0.040642 0.0410377 0.0413548 0.0412623 0.0405442 0.0392208 0.0375859 0.0361548 0.0355796 0.036606 0.0401184 0.0472789 0.0597562 0.0800348 0.111777 0.16006 0.230795 0.327016 0.436936 0.519789 0.55059 0.584786 0.696239 0.931212 0.945008 0.687699 0.567832 0.575018 0.705889 0.894417 0.680193 0.434686 0.276742 0.179314 0.120142 0.0849425 0.0649921 0.0551461 0.0525077 0.055574 0.0637019 0.0768131 0.0952704 0.11981 0.15128 0.189846 0.233583 0.277306 0.313294 0.333669 0.331969 0.305985 0.262322 0.21382 0.171401 0.140428 0.121891 0.114397 0.115342 0.121445 0.129283 0.136229 0.14152 0.146632 0.154518 0.168242 0.189694 0.218665 0.25244 0.286052 0.312809 0.325549 0.320693 0.301502 0.27392 0.241168 0.204798 0.167667 0.133496 0.104804 0.0821882 0.0649273 0.0518029 0.0416394 0.0335322 0.0268809 0.021332 0.0166929 0.0128538 0.00973442 0.0072551 0.00532909 0.00386505 0.00277367 0.00197363 0.00139528 0.000981807 0.000688721 0.000482247 0.000337392 0.000236017 0.000165151 0.000115621 8.09845e-05 
0.000944256 0.00138232 0.00200776 0.00288991 0.0041158 0.00578824 0.00801753 0.0109032 0.0145032 0.0187934 0.023632 0.0287587 0.0338617 0.0387262 0.0434226 0.0484679 0.0549325 0.0645706 0.080122 0.105934 0.149034 0.220789 0.339245 0.53066 0.795602 0.690574 0.441271 0.278548 0.177905 0.116138 0.0781393 0.0545438 0.0396738 0.0301577 0.0240415 0.0202218 0.0180914 0.0173218 0.0177362 0.0192389 0.0217802 0.0253407 0.0299203 0.0355208 0.0421162 0.0496239 0.0579163 0.0669099 0.0767113 0.0876644 0.100048 0.113319 0.125308 0.132417 0.131624 0.122953 0.109574 0.0954509 0.0832734 0.0740203 0.0675041 0.0630125 0.0596954 0.0567219 0.0533656 0.0491409 0.0439554 0.0381371 0.0322769 0.0269866 0.0227232 0.0197443 0.018163 0.0180395 0.0194643 0.0226133 0.0277701 0.0353148 0.0456749 0.0592368 0.0762133 0.0964722 0.119322 0.143266 0.165835 0.183934 0.195256 0.200261 0.202615 0.207162 0.217512 0.235433 0.261408 0.293705 0.324781 0.340531 0.331422 0.304184 0.27315 0.246636 0.225359 0.207262 0.191515 0.179248 0.171989 0.170184 0.172998 0.179057 0.187127 0.196259 0.205821 0.215764 0.22628 0.236121 0.240894 0.234487 0.214508 0.18577 0.156666 0.133739 0.120068 0.116481 0.123032 0.139703 0.166211 0.201045 0.240078 0.27583 0.299504 0.30665 0.301186 0.291439 0.282921 0.27651 0.272355 0.2738 0.28792 0.324797 0.397056 0.514497 0.654899 0.71325 0.671023 0.650721 0.690947 0.756454 0.750491 0.624758 0.47005 0.345951 0.259512 0.202816 0.166552 0.143068 0.126783 0.114096 0.103127 0.0932685 0.084625 0.0775208 0.0722166 0.0688625 0.0676255 0.0689032 0.0735487 0.0830463 0.0995749 0.125817 0.164106 0.213998 0.267392 0.304992 0.308092 0.280839 0.243309 0.209022 0.180869 0.15699 0.135234 0.114692 0.0955381 0.0783693 0.0636786 0.0516442 0.0421573 0.0349487 0.0297147 0.0262003 0.0242347 0.0237315 0.0246678 0.027054 0.0309051 0.0362229 0.0430038 0.0512853 0.0612479 0.0733675 0.0885613 0.108167 0.133477 0.164486 0.197727 0.224539 0.233971 0.221984 0.196044 0.167839 0.145671 0.133542 0.133099 0.144936 0.168598 0.201774 0.240099 0.279822 0.323063 0.3794 0.45874 0.556143 0.633427 0.641972 0.596982 0.549569 0.525173 0.515478 0.494227 0.453501 0.409048 0.371341 0.341625 0.322117 0.31616 0.322858 0.336474 0.351763 0.369026 0.391744 0.418995 0.440944 0.444235 0.425633 0.395011 0.363791 0.338151 0.3198 0.307744 0.300084 0.295887 0.295661 0.299964 0.307311 0.313287 0.312058 0.299465 0.275515 0.244618 0.213335 0.187333 0.169674 0.160819 0.159489 0.163662 0.171483 0.1819 0.194544 0.208576 0.2211 0.226871 0.221084 0.203608 0.179448 0.154747 0.133345 0.116314 0.103103 0.0927667 0.0846966 0.0788087 0.0754348 0.0751698 0.0788356 0.0875848 0.103089 0.127719 0.164628 0.217788 0.29239 0.396745 0.547094 0.77533 1.13552 0.847777 0.58083 0.414435 0.313904 0.259904 0.241433 0.251401 0.284003 0.334166 0.401397 0.497888 0.65107 0.865202 0.806141 0.555284 0.380469 0.270957 0.204362 0.165715 0.145981 0.139443 0.141561 0.147583 0.152413 0.152162 0.146258 0.137599 0.130267 0.127082 0.128599 0.133441 0.139441 0.145115 0.150485 0.156439 0.163166 0.169171 0.171969 0.170172 0.165145 0.16047 0.159699 0.164158 0.17165 0.1766 0.172815 0.158182 0.136487 0.11405 0.0957354 0.0837908 0.0786296 0.0799037 0.087256 0.100703 0.120672 0.147651 0.181448 0.220284 0.260336 0.296467 0.32386 0.339264 0.341241 0.330287 0.309314 0.283767 0.260657 0.246792 0.246973 0.262526 0.29051 0.325075 0.360987 0.392766 0.406525 0.384632 0.330667 0.267616 0.213247 0.174251 0.15177 0.145454 0.154741 0.178413 0.212887 0.249902 0.276183 0.278939 0.255223 0.214355 0.169833 0.131117 0.101813 0.0816364 0.0686189 0.0604766 0.0552674 0.0516367 0.0488255 0.0465415 0.0447723 0.0436063 0.0430964 0.0431746 0.043618 0.0440786 0.0441823 0.043676 0.042556 0.0411121 0.0398776 0.0395418 0.0409007 0.0448926 0.05272 0.0660417 0.0872176 0.119567 0.167454 0.235511 0.324971 0.423777 0.498659 0.532061 0.567103 0.659549 0.810643 0.809863 0.638222 0.529432 0.511784 0.561828 0.596841 0.507593 0.362569 0.243791 0.162583 0.110604 0.0787044 0.0602227 0.0508844 0.0481669 0.0507283 0.0579953 0.0699004 0.0867317 0.109017 0.137285 0.171497 0.210123 0.249372 0.283363 0.305073 0.307593 0.287722 0.25056 0.207441 0.168793 0.140372 0.123795 0.118159 0.121124 0.12948 0.139716 0.149019 0.156422 0.163275 0.172606 0.187903 0.212016 0.246417 0.290622 0.340981 0.38726 0.410377 0.39583 0.352776 0.301123 0.251508 0.206081 0.165315 0.130238 0.101622 0.0793156 0.0624037 0.0496628 0.0399262 0.032266 0.0260389 0.0208511 0.0164875 0.0128362 0.00982858 0.00740379 0.0054939 0.00402323 0.00291381 0.00209164 0.00149129 0.00105805 0.000748222 0.00052809 0.000372373 0.00026251 0.000185094 0.000130553 9.21111e-05 
0.00107791 0.00157141 0.00227179 0.00325371 0.00461052 0.00645262 0.00889981 0.0120637 0.0160176 0.0207569 0.0261624 0.0319966 0.0379648 0.0438509 0.0496879 0.0558908 0.0633313 0.0734366 0.0884546 0.111973 0.149631 0.209668 0.301819 0.42751 0.535597 0.500125 0.366754 0.247202 0.163632 0.109143 0.0743593 0.0521746 0.0378846 0.0285601 0.0224472 0.018524 0.0162046 0.0151536 0.015177 0.0161594 0.0180294 0.0207385 0.0242447 0.0284959 0.0334153 0.0388985 0.044841 0.0511974 0.0580381 0.0655171 0.0736609 0.0820034 0.0893213 0.0938974 0.09446 0.091151 0.0855449 0.0796863 0.0750886 0.0723609 0.0713749 0.0715757 0.0721661 0.0721552 0.0704761 0.0663445 0.0596977 0.0513123 0.0424439 0.0342925 0.0276676 0.0229534 0.02025 0.0195489 0.0208683 0.0243329 0.0301993 0.0388316 0.0506188 0.0658235 0.0843562 0.105509 0.12774 0.148697 0.165691 0.176647 0.181159 0.180964 0.179402 0.180139 0.186058 0.198839 0.2188 0.244096 0.269485 0.287364 0.293198 0.289853 0.283725 0.277558 0.268561 0.253147 0.23254 0.212347 0.197765 0.190708 0.190328 0.194934 0.203428 0.215581 0.231826 0.25319 0.280434 0.311043 0.33491 0.335404 0.304292 0.253659 0.202726 0.162919 0.137382 0.125495 0.125928 0.137714 0.160033 0.191183 0.227084 0.260224 0.281275 0.28486 0.274312 0.258281 0.243636 0.233259 0.228739 0.233577 0.254588 0.302337 0.391465 0.537227 0.724555 0.806813 0.753261 0.75104 0.847946 1.02426 1.08723 0.807724 0.555931 0.385734 0.276903 0.209082 0.16724 0.140971 0.123374 0.110233 0.0993763 0.0900356 0.082213 0.0761687 0.07212 0.0701667 0.0703952 0.0730925 0.0789883 0.0894426 0.106486 0.132581 0.16974 0.217261 0.267525 0.303557 0.30954 0.288804 0.258011 0.228405 0.202032 0.177186 0.152644 0.128667 0.106299 0.0865343 0.0699188 0.0565202 0.0460723 0.0381537 0.0323322 0.0282504 0.02566 0.0244188 0.0244671 0.0257974 0.0284288 0.0323943 0.0377514 0.044621 0.0532587 0.0641405 0.0780078 0.0957541 0.117976 0.144018 0.170638 0.191421 0.199222 0.19162 0.173386 0.152548 0.135658 0.126598 0.127453 0.139289 0.162096 0.194188 0.232239 0.273737 0.321401 0.384424 0.472171 0.57951 0.667114 0.683676 0.645125 0.607931 0.603164 0.61892 0.611025 0.569161 0.523084 0.478452 0.426145 0.373688 0.335548 0.315969 0.310005 0.311396 0.317819 0.330114 0.348066 0.368041 0.384711 0.394429 0.395974 0.389774 0.378462 0.365311 0.351036 0.334773 0.317665 0.303101 0.29368 0.2887 0.284145 0.275149 0.25917 0.237346 0.213493 0.192082 0.176488 0.168152 0.166627 0.170062 0.175854 0.181577 0.18602 0.189483 0.192652 0.194934 0.194036 0.1876 0.175502 0.160239 0.145019 0.131762 0.120592 0.110617 0.101072 0.0920176 0.0842985 0.0790958 0.0775893 0.080951 0.0905897 0.108473 0.137343 0.180616 0.241715 0.322941 0.425379 0.552099 0.705204 0.816827 0.709622 0.522248 0.379829 0.289296 0.23966 0.220961 0.225747 0.248672 0.287101 0.34328 0.426011 0.543472 0.658723 0.628 0.47705 0.34229 0.250531 0.194112 0.163553 0.152339 0.156137 0.170798 0.190079 0.204733 0.206086 0.19293 0.172581 0.154078 0.142654 0.13913 0.141504 0.146878 0.15322 0.160209 0.168436 0.177654 0.185799 0.189987 0.18903 0.185264 0.183781 0.189739 0.205468 0.227724 0.24573 0.245075 0.220482 0.181658 0.142374 0.110769 0.0891847 0.0771358 0.0734325 0.0771602 0.0879981 0.106176 0.132145 0.165962 0.206422 0.250206 0.291634 0.323739 0.340785 0.340755 0.325955 0.301807 0.27524 0.253432 0.242761 0.247758 0.269926 0.306944 0.354261 0.409271 0.468216 0.506452 0.480857 0.39874 0.309164 0.238443 0.190785 0.16375 0.154544 0.161166 0.181629 0.212156 0.245055 0.268384 0.2706 0.248705 0.210847 0.169445 0.133498 0.10654 0.0882694 0.0766223 0.0691756 0.0639199 0.0595924 0.0556725 0.0521548 0.0492574 0.0471955 0.0460559 0.0457512 0.0460215 0.0464824 0.0467277 0.0464726 0.0456828 0.0446249 0.0438246 0.0439823 0.0459219 0.0506118 0.0592511 0.0733817 0.0949853 0.126509 0.170645 0.229338 0.300857 0.374594 0.431191 0.462909 0.490458 0.536829 0.585828 0.574954 0.502011 0.435946 0.408781 0.409724 0.400833 0.349943 0.271141 0.195616 0.137478 0.0973385 0.0715067 0.0561367 0.0483761 0.0464315 0.0493343 0.0566633 0.0683029 0.0842622 0.104559 0.129124 0.1576 0.188901 0.220649 0.248838 0.267923 0.27194 0.257791 0.228787 0.193523 0.160886 0.136617 0.122968 0.119688 0.124924 0.13579 0.148945 0.161537 0.172293 0.182074 0.19352 0.210198 0.235958 0.274714 0.330242 0.404069 0.48575 0.533955 0.502331 0.418252 0.332661 0.262912 0.207938 0.163902 0.128436 0.1003 0.078491 0.0619008 0.0493578 0.0397755 0.0322649 0.0261814 0.0211136 0.0168307 0.0132163 0.0102073 0.00775384 0.00579998 0.00427991 0.00312239 0.00225718 0.00162041 0.0011575 0.000824131 0.000585659 0.000415831 0.0002952 0.000209608 0.000148881 0.00010577 
0.00123931 0.00179942 0.00258885 0.00368732 0.00519365 0.00722446 0.00990767 0.0133675 0.0176988 0.0229327 0.0290051 0.0357518 0.0429554 0.0504499 0.0582377 0.0665574 0.075889 0.0869963 0.101152 0.120562 0.1487 0.189809 0.246041 0.309343 0.349984 0.332836 0.268768 0.196893 0.138298 0.0962333 0.0675938 0.0484404 0.0356265 0.0269957 0.0211791 0.017343 0.0149875 0.0138114 0.013629 0.0143204 0.0158012 0.0180006 0.0208437 0.0242377 0.0280648 0.032191 0.0364954 0.0409153 0.0454748 0.0502521 0.0552575 0.0602632 0.0647244 0.0679497 0.0695173 0.0696509 0.0692058 0.069256 0.0706192 0.0736275 0.0781595 0.0837326 0.0894458 0.0938166 0.0949063 0.0911164 0.0822756 0.0699512 0.056588 0.0443401 0.0344882 0.0275047 0.023388 0.0219825 0.0231876 0.0270648 0.0338705 0.0440277 0.0580285 0.0762392 0.0985752 0.124042 0.150266 0.173443 0.18937 0.19557 0.192943 0.185209 0.176881 0.171645 0.171845 0.178609 0.19197 0.210647 0.231845 0.252241 0.270458 0.28854 0.309206 0.329611 0.338009 0.323086 0.289218 0.252257 0.224068 0.207983 0.202344 0.20459 0.213523 0.229702 0.255013 0.292242 0.343856 0.407844 0.467755 0.484016 0.43039 0.34043 0.256844 0.195368 0.156029 0.134806 0.12807 0.133483 0.149464 0.174007 0.203222 0.230372 0.247229 0.248874 0.237737 0.221176 0.205829 0.195403 0.192207 0.19946 0.222698 0.270283 0.352734 0.476774 0.619925 0.700272 0.711598 0.761788 0.899402 1.10846 1.18535 0.855278 0.578375 0.395216 0.279634 0.20838 0.164859 0.137826 0.119955 0.106847 0.0962717 0.0874513 0.0803955 0.0753733 0.0725964 0.0721217 0.0739365 0.0781705 0.0853452 0.0965431 0.113378 0.137657 0.170539 0.210805 0.252356 0.283862 0.295889 0.290294 0.276326 0.259403 0.23881 0.212932 0.183059 0.15252 0.124331 0.100163 0.0804884 0.0650451 0.0532236 0.0443221 0.0377007 0.0328601 0.0294633 0.0273218 0.0263594 0.0265717 0.0279936 0.0306851 0.0347384 0.0403063 0.0476413 0.0571269 0.069254 0.0844708 0.102818 0.123323 0.143361 0.158719 0.165262 0.161682 0.150637 0.136982 0.125328 0.119056 0.120462 0.131006 0.151164 0.180075 0.215777 0.257006 0.305905 0.368341 0.448989 0.540828 0.614949 0.638893 0.621953 0.605771 0.620444 0.657169 0.672093 0.660003 0.654018 0.630741 0.547562 0.442339 0.361323 0.312776 0.288655 0.279857 0.281163 0.290976 0.309081 0.335 0.367162 0.401298 0.428731 0.44078 0.437847 0.426262 0.407204 0.378538 0.343802 0.311216 0.286417 0.269444 0.256341 0.242589 0.22614 0.20816 0.191625 0.179517 0.173643 0.174218 0.179962 0.188367 0.196065 0.19979 0.198121 0.192403 0.185353 0.178723 0.172438 0.165623 0.1581 0.150815 0.144898 0.140399 0.135884 0.129336 0.119762 0.108109 0.0966903 0.0879675 0.0838611 0.0858631 0.0955649 0.115227 0.148146 0.198477 0.269764 0.360963 0.460739 0.549135 0.60923 0.615812 0.543335 0.429737 0.328327 0.25799 0.218051 0.202638 0.205512 0.221655 0.248566 0.287188 0.340144 0.40305 0.447788 0.430955 0.359232 0.279465 0.217684 0.178626 0.160446 0.161124 0.179584 0.214047 0.257655 0.293028 0.297659 0.267881 0.223973 0.185766 0.161122 0.149758 0.148158 0.15243 0.15999 0.170057 0.182578 0.196322 0.208015 0.213941 0.213241 0.209878 0.21129 0.225202 0.256465 0.302587 0.345697 0.352565 0.309093 0.241375 0.178093 0.130265 0.0983443 0.0796991 0.0717274 0.0727546 0.0821477 0.100161 0.127599 0.165199 0.212541 0.266442 0.319493 0.360793 0.380655 0.376343 0.352939 0.319416 0.284911 0.257243 0.242563 0.244977 0.265908 0.303842 0.356273 0.423557 0.504291 0.566715 0.541501 0.43969 0.334664 0.256142 0.204894 0.175698 0.164043 0.166839 0.18143 0.204014 0.228091 0.244431 0.244472 0.22599 0.19504 0.16129 0.132198 0.110912 0.0971366 0.0887187 0.0830101 0.0778899 0.0723261 0.066343 0.060547 0.0556004 0.0519223 0.0496228 0.0485538 0.0483831 0.0486717 0.0489756 0.0489772 0.0486058 0.0480926 0.0479382 0.0488392 0.0516417 0.057355 0.0671983 0.0826111 0.105151 0.13623 0.17664 0.225736 0.280016 0.33166 0.370668 0.393481 0.407791 0.421703 0.428871 0.413043 0.375097 0.335911 0.310043 0.294652 0.275588 0.241808 0.196417 0.150561 0.112288 0.0840128 0.0649416 0.0533727 0.0478092 0.0472914 0.0513578 0.0598417 0.0725938 0.0892062 0.108872 0.130532 0.153244 0.176342 0.198955 0.219091 0.233071 0.236327 0.226063 0.204024 0.17626 0.149924 0.13035 0.120149 0.119661 0.127625 0.141676 0.158839 0.176279 0.192232 0.206656 0.221251 0.239096 0.264595 0.303983 0.365864 0.459798 0.584166 0.675629 0.616132 0.478547 0.36011 0.27422 0.212355 0.166109 0.130373 0.102428 0.0806938 0.0639806 0.0512142 0.0414061 0.0337107 0.0274817 0.0222866 0.0178761 0.0141263 0.010977 0.00838624 0.00630613 0.0046762 0.00342736 0.00248895 0.00179504 0.0012884 0.000921991 0.000658755 0.000470433 0.000335999 0.000240094 0.000171647 0.000122744 
0.00143881 0.00208306 0.00298532 0.00423152 0.00592683 0.00819481 0.0111729 0.0150021 0.0198095 0.0256853 0.0326615 0.0407078 0.0497594 0.0597723 0.07076 0.0827524 0.0956717 0.109264 0.123335 0.138345 0.155859 0.177888 0.204438 0.229754 0.241136 0.227617 0.192625 0.150218 0.111757 0.0815643 0.0595163 0.0439251 0.0330076 0.0253742 0.0200742 0.0164958 0.0142534 0.013102 0.0128806 0.0134765 0.0147988 0.0167576 0.0192468 0.0221334 0.0252583 0.0284536 0.0315772 0.0345532 0.0373949 0.0401853 0.0430061 0.0458527 0.0486045 0.0511118 0.0533747 0.0556892 0.0586278 0.0628499 0.0688772 0.076972 0.087124 0.0989725 0.111448 0.122222 0.127719 0.124662 0.112541 0.0943485 0.074576 0.0568011 0.0428321 0.0331019 0.0273636 0.0252127 0.0263768 0.0308436 0.0389013 0.0511204 0.0682745 0.0911521 0.120163 0.15458 0.191338 0.223996 0.244029 0.24617 0.233164 0.213262 0.194167 0.180284 0.173267 0.173299 0.179943 0.192463 0.209983 0.232123 0.260302 0.298486 0.350617 0.411103 0.450283 0.43059 0.365178 0.297129 0.247915 0.219396 0.207008 0.206438 0.216043 0.237046 0.272864 0.328277 0.407944 0.512658 0.625737 0.672198 0.576315 0.428593 0.307617 0.22488 0.172935 0.143153 0.129408 0.128027 0.136715 0.153202 0.173954 0.193522 0.20569 0.206756 0.198155 0.185048 0.172699 0.164651 0.163317 0.171355 0.192616 0.232236 0.295134 0.380717 0.472832 0.543841 0.598824 0.680608 0.806867 0.923958 0.906758 0.725808 0.522465 0.368067 0.264668 0.199016 0.15827 0.132722 0.11574 0.103276 0.093296 0.0851471 0.0789243 0.0749584 0.0734964 0.0745881 0.078156 0.0841999 0.0930384 0.105434 0.122468 0.145134 0.173677 0.206688 0.240309 0.269019 0.289345 0.302887 0.31254 0.315383 0.303263 0.272973 0.231427 0.188576 0.150656 0.119767 0.095757 0.0776083 0.0640909 0.0540455 0.0465105 0.0407775 0.0363969 0.033146 0.0309668 0.0298964 0.0300132 0.0314138 0.034218 0.0385872 0.044738 0.0529308 0.0634075 0.07625 0.0911401 0.107058 0.122085 0.13366 0.139522 0.138946 0.133229 0.125021 0.117302 0.112819 0.11392 0.122417 0.139349 0.16479 0.198083 0.238767 0.287549 0.345744 0.412339 0.479569 0.531159 0.552883 0.550849 0.549828 0.570982 0.611527 0.651319 0.700377 0.795063 0.861888 0.704943 0.513701 0.386224 0.313189 0.276395 0.26243 0.263282 0.275059 0.296784 0.329562 0.374632 0.428293 0.476161 0.500451 0.501096 0.49002 0.466816 0.424401 0.369356 0.317204 0.277178 0.24961 0.230212 0.214382 0.199855 0.18712 0.178144 0.174797 0.177828 0.186498 0.198747 0.211458 0.220594 0.222096 0.214393 0.20013 0.184244 0.170568 0.160531 0.154083 0.151039 0.151556 0.155482 0.16115 0.164825 0.162131 0.151209 0.134459 0.116742 0.102436 0.0942607 0.0938019 0.102578 0.122982 0.158922 0.215919 0.299554 0.409011 0.520835 0.582237 0.570399 0.514023 0.43479 0.349657 0.276611 0.225186 0.196166 0.185856 0.18899 0.200518 0.217278 0.238783 0.265211 0.292196 0.306855 0.295509 0.260431 0.218141 0.183038 0.161847 0.157136 0.171056 0.207032 0.268975 0.354861 0.436913 0.449705 0.37916 0.290311 0.22229 0.180537 0.159872 0.153806 0.157191 0.167062 0.182426 0.202672 0.225113 0.243772 0.252135 0.249146 0.24194 0.242147 0.261063 0.307215 0.382292 0.464583 0.486261 0.410593 0.3029 0.212826 0.149349 0.108304 0.08416 0.0728193 0.0719268 0.0806614 0.0994724 0.129762 0.173293 0.230876 0.299857 0.370799 0.426964 0.45196 0.44144 0.404796 0.356346 0.30821 0.269002 0.244573 0.238353 0.251306 0.282269 0.329692 0.393595 0.469777 0.527289 0.509664 0.425285 0.334043 0.263997 0.21744 0.190062 0.17759 0.176759 0.184651 0.197711 0.210982 0.218353 0.214694 0.199036 0.175607 0.151142 0.131174 0.118174 0.111595 0.108751 0.106154 0.10114 0.0930505 0.0830829 0.0731089 0.0645943 0.0582283 0.0540612 0.0517711 0.0508634 0.0507901 0.051044 0.0512658 0.0513466 0.0514782 0.0521301 0.053992 0.0579458 0.0650917 0.0767739 0.0944945 0.119584 0.152565 0.192364 0.235863 0.278217 0.313761 0.337483 0.347685 0.347441 0.341095 0.329019 0.308696 0.281591 0.254323 0.232067 0.214061 0.195315 0.171828 0.144247 0.116548 0.0924758 0.0738191 0.0607664 0.0528489 0.0496161 0.0509249 0.0569418 0.0679314 0.0838485 0.103794 0.125639 0.146442 0.163915 0.177795 0.189342 0.199229 0.205958 0.206273 0.197515 0.180192 0.15839 0.137695 0.122764 0.11626 0.118977 0.130302 0.148576 0.17136 0.195859 0.219598 0.241196 0.260776 0.279989 0.302578 0.335778 0.390896 0.480824 0.606967 0.703951 0.638541 0.492694 0.37021 0.282694 0.220364 0.17404 0.1381 0.109609 0.0870442 0.0694018 0.0557758 0.0452576 0.0369988 0.0303076 0.0247033 0.019909 0.0157954 0.0123111 0.00942541 0.00709773 0.00526877 0.0038655 0.00281051 0.00203031 0.0014606 0.00104837 0.000751898 0.00053939 0.00038726 0.000278315 0.000200186 0.000144047 
0.0016878 0.00244135 0.00349229 0.00493589 0.00688715 0.00948045 0.0128679 0.017216 0.0227013 0.0295041 0.0378042 0.0477793 0.0596099 0.0734746 0.0894927 0.107539 0.126887 0.145861 0.162047 0.173582 0.180659 0.18528 0.188873 0.189935 0.184238 0.16846 0.143989 0.116111 0.0900017 0.0683738 0.0517016 0.0393219 0.0302818 0.0237426 0.0190879 0.0158999 0.0139031 0.0129144 0.0128071 0.0134841 0.0148539 0.0168087 0.019207 0.0218668 0.0245777 0.0271324 0.0293721 0.0312291 0.0327465 0.0340598 0.0353451 0.0367638 0.0384422 0.0405111 0.0431869 0.0468345 0.0519565 0.0591075 0.068794 0.081419 0.0972421 0.116152 0.13696 0.156253 0.16799 0.166053 0.149284 0.123072 0.0950416 0.0705835 0.051926 0.0392442 0.0318827 0.0291004 0.030418 0.0357515 0.0454566 0.0603391 0.0816393 0.110947 0.14989 0.199186 0.256202 0.310643 0.343227 0.339296 0.306633 0.265513 0.229832 0.204255 0.188608 0.181249 0.18074 0.186545 0.199211 0.22063 0.254956 0.309831 0.395699 0.515594 0.619588 0.581864 0.450214 0.336981 0.26368 0.222605 0.203823 0.200794 0.211311 0.237088 0.282788 0.354561 0.457166 0.588984 0.730731 0.791441 0.66136 0.478651 0.337767 0.243783 0.184588 0.149052 0.129744 0.122319 0.124146 0.132939 0.145705 0.158382 0.166691 0.168066 0.163098 0.154848 0.146888 0.142037 0.142392 0.149945 0.167058 0.196332 0.239445 0.294625 0.354709 0.412404 0.472454 0.548536 0.6369 0.694333 0.666447 0.558523 0.42798 0.316903 0.236383 0.182598 0.14807 0.125862 0.11077 0.099498 0.0904161 0.0830966 0.077772 0.0748703 0.0747154 0.0774147 0.0829216 0.0912289 0.10258 0.117512 0.136593 0.159943 0.186839 0.21573 0.244826 0.273365 0.303193 0.338375 0.379493 0.4133 0.412923 0.368449 0.302229 0.238121 0.185634 0.145588 0.116059 0.0947014 0.0793679 0.0682367 0.0598618 0.0532089 0.0476675 0.043005 0.0392532 0.0365675 0.0351233 0.03508 0.0365948 0.0398442 0.0450179 0.0522693 0.0616213 0.0728442 0.0853419 0.0980983 0.109748 0.118829 0.124205 0.125475 0.123113 0.118336 0.112924 0.109082 0.109195 0.11546 0.129559 0.152539 0.184937 0.226886 0.277594 0.333795 0.388638 0.433415 0.461265 0.470788 0.469325 0.471335 0.489344 0.52577 0.580036 0.671602 0.846023 1.07281 0.785337 0.540529 0.39432 0.312939 0.273329 0.260914 0.266222 0.282901 0.307836 0.342287 0.390118 0.450049 0.506049 0.535245 0.537754 0.529041 0.505136 0.452804 0.381899 0.315101 0.26437 0.230005 0.207467 0.192055 0.181086 0.174186 0.172353 0.176647 0.187095 0.202163 0.218988 0.233952 0.242813 0.24135 0.228212 0.207222 0.185022 0.166867 0.155116 0.150242 0.152222 0.161045 0.176005 0.194017 0.208266 0.210197 0.196072 0.170942 0.143976 0.122147 0.108731 0.104923 0.111724 0.131262 0.167674 0.227579 0.319289 0.446572 0.582603 0.631803 0.559788 0.456479 0.364268 0.288955 0.232042 0.194321 0.174481 0.169076 0.173192 0.181625 0.190696 0.199421 0.208184 0.215595 0.217142 0.208524 0.190752 0.170151 0.153862 0.147133 0.154014 0.179384 0.230996 0.321015 0.464494 0.652007 0.692566 0.513294 0.355468 0.254929 0.197629 0.169347 0.160071 0.163654 0.177282 0.200599 0.233505 0.272176 0.30525 0.317667 0.306016 0.285121 0.274908 0.290166 0.34067 0.430541 0.53928 0.573306 0.472184 0.339126 0.234344 0.162479 0.116263 0.0887244 0.0751495 0.0729618 0.0813705 0.101113 0.134233 0.183602 0.251572 0.336761 0.428672 0.504499 0.53869 0.523092 0.471925 0.40608 0.341065 0.286587 0.248599 0.230024 0.231156 0.25048 0.285897 0.334907 0.389813 0.428272 0.422059 0.374587 0.316121 0.266979 0.232299 0.210849 0.20005 0.197198 0.199363 0.203289 0.205585 0.203162 0.194135 0.179034 0.161116 0.14503 0.13476 0.132123 0.13602 0.142315 0.145069 0.139755 0.126336 0.108694 0.0913011 0.0769254 0.06644 0.0595699 0.0555794 0.0536489 0.0530278 0.0531019 0.053458 0.053952 0.0547424 0.0562711 0.0592272 0.0645557 0.0735236 0.0877687 0.109162 0.139253 0.178089 0.222633 0.266236 0.301246 0.323203 0.331453 0.327059 0.312585 0.291969 0.268426 0.243514 0.218633 0.195826 0.176462 0.159994 0.144473 0.128278 0.111358 0.0949664 0.0805355 0.0689494 0.060561 0.0555624 0.0543158 0.0575047 0.0661053 0.0811391 0.103064 0.130662 0.15977 0.183541 0.19626 0.198154 0.19462 0.190646 0.187281 0.182248 0.172745 0.158186 0.141012 0.125312 0.11488 0.112207 0.118443 0.133691 0.157186 0.187259 0.221276 0.255957 0.288292 0.316244 0.338558 0.356024 0.375136 0.408169 0.465957 0.542825 0.591608 0.552222 0.456619 0.363602 0.290496 0.234528 0.19013 0.15363 0.123348 0.0986202 0.0789732 0.0637308 0.0519898 0.0427863 0.035291 0.0289309 0.0233998 0.0185853 0.0144694 0.0110476 0.00828916 0.00612948 0.00448114 0.00324914 0.00234322 0.001685 0.00121057 0.000870208 0.000626461 0.000451832 0.000326469 0.000236208 0.00017101 
0.00199682 0.00289264 0.00414079 0.00585144 0.00815577 0.0112062 0.0151782 0.0202765 0.0267485 0.0349045 0.0451375 0.0579298 0.0738266 0.0933612 0.116905 0.144354 0.174452 0.203714 0.226107 0.235758 0.231709 0.218448 0.201234 0.182592 0.162538 0.140604 0.117455 0.0949024 0.0748034 0.0581765 0.045117 0.0351706 0.0277235 0.0222266 0.0182673 0.0155613 0.0139191 0.0132151 0.0133622 0.0142877 0.0159067 0.0180944 0.0206652 0.0233697 0.025923 0.0280609 0.0296087 0.0305306 0.0309389 0.0310582 0.0311658 0.0315404 0.0324438 0.0341458 0.0369738 0.0413554 0.0478255 0.0569996 0.0695376 0.0861182 0.107355 0.133425 0.163045 0.191679 0.210431 0.209566 0.187122 0.151754 0.114888 0.0837001 0.0605767 0.0452539 0.0365953 0.0335129 0.0353371 0.0419392 0.0537799 0.0719604 0.0983106 0.135513 0.187167 0.257309 0.3475 0.446355 0.510671 0.491769 0.416681 0.339217 0.280216 0.24048 0.215446 0.200347 0.192034 0.189801 0.195301 0.21215 0.246362 0.307992 0.412867 0.579253 0.771973 0.700016 0.495342 0.350801 0.263792 0.215875 0.19353 0.189178 0.200511 0.229623 0.281874 0.363718 0.477167 0.60865 0.717917 0.735394 0.623452 0.46718 0.338084 0.248004 0.189 0.151579 0.128964 0.117108 0.113575 0.116369 0.123145 0.131012 0.137071 0.139457 0.138088 0.134428 0.130574 0.128506 0.129865 0.136075 0.148479 0.168239 0.195827 0.23026 0.269183 0.311193 0.358386 0.412756 0.46565 0.493003 0.472974 0.410652 0.331834 0.259215 0.202712 0.162893 0.136265 0.118497 0.105942 0.0962071 0.0881822 0.0817319 0.0772597 0.075314 0.0763375 0.0805829 0.088188 0.0993623 0.114549 0.134327 0.158888 0.18729 0.217215 0.246048 0.273096 0.301554 0.339048 0.395969 0.478512 0.566787 0.587305 0.505147 0.393192 0.29866 0.22812 0.177372 0.141596 0.116867 0.0999779 0.0882439 0.0794769 0.072088 0.065203 0.0586427 0.0526928 0.0477868 0.04429 0.0424589 0.0425059 0.0446557 0.049126 0.0560217 0.0651773 0.0760178 0.0875457 0.0985349 0.107875 0.114855 0.119192 0.120857 0.119924 0.116704 0.112126 0.10799 0.106746 0.11098 0.123021 0.144885 0.178335 0.22446 0.281818 0.342947 0.393286 0.419985 0.423477 0.414106 0.402959 0.399387 0.41022 0.439061 0.490164 0.574014 0.693675 0.76631 0.656252 0.496115 0.379408 0.310356 0.278926 0.275712 0.291832 0.317352 0.343704 0.370169 0.404061 0.449063 0.493578 0.518504 0.522666 0.516639 0.493886 0.440939 0.368311 0.299447 0.246951 0.211796 0.190133 0.177632 0.17133 0.170059 0.174011 0.18375 0.198959 0.21755 0.235921 0.250075 0.256163 0.250839 0.233611 0.208948 0.184007 0.164535 0.153393 0.151515 0.159227 0.176751 0.203387 0.235154 0.261859 0.268979 0.24974 0.213505 0.175582 0.14565 0.126898 0.119522 0.123539 0.140307 0.173341 0.228686 0.31412 0.433032 0.558469 0.594266 0.50839 0.397366 0.306714 0.240103 0.19418 0.165985 0.152683 0.15067 0.155267 0.161414 0.165433 0.166433 0.165528 0.163529 0.159775 0.153292 0.144699 0.136614 0.132531 0.135966 0.150845 0.182895 0.241629 0.343012 0.513356 0.793575 0.892098 0.57743 0.384725 0.271882 0.209321 0.178768 0.169161 0.174491 0.19291 0.226003 0.276628 0.342833 0.405662 0.426356 0.391878 0.339782 0.306402 0.306862 0.345484 0.419394 0.503413 0.525262 0.44532 0.331877 0.236051 0.167037 0.12092 0.0924439 0.077733 0.0746253 0.0825777 0.102585 0.137112 0.189779 0.264138 0.360318 0.468587 0.56356 0.612148 0.599497 0.541114 0.461979 0.380295 0.308567 0.254828 0.222345 0.210706 0.217538 0.239689 0.273013 0.309944 0.337335 0.342561 0.325937 0.299447 0.274084 0.254803 0.242616 0.236746 0.235061 0.234116 0.230272 0.221453 0.207761 0.19074 0.17277 0.156984 0.146965 0.145956 0.155713 0.174836 0.196645 0.209243 0.202564 0.177918 0.145851 0.116022 0.0927895 0.0765998 0.0662426 0.0601699 0.0570112 0.0556952 0.0554491 0.055796 0.0565683 0.0579074 0.0602399 0.0642661 0.0710185 0.0819988 0.0993036 0.125536 0.163131 0.212514 0.268768 0.319268 0.349479 0.35565 0.344888 0.323935 0.296259 0.265092 0.233812 0.204743 0.179095 0.157459 0.139868 0.125683 0.113844 0.103407 0.0939128 0.0853181 0.0777012 0.0711483 0.0659119 0.0626378 0.0624705 0.0670381 0.0783858 0.0987806 0.130017 0.171506 0.216699 0.250772 0.258798 0.241976 0.215641 0.192381 0.17566 0.163156 0.151299 0.138279 0.124941 0.113849 0.107799 0.108959 0.118748 0.138 0.166992 0.205099 0.250179 0.298425 0.345504 0.387261 0.417553 0.429976 0.428831 0.430213 0.446623 0.473774 0.487821 0.465927 0.415494 0.358665 0.306601 0.260145 0.217751 0.17907 0.144923 0.116259 0.0933984 0.0758455 0.0625015 0.0520667 0.0434222 0.0358526 0.0290582 0.0230162 0.0178047 0.0134777 0.0100171 0.00733893 0.00532118 0.0038324 0.00275055 0.00197244 0.00141611 0.00101927 0.000735986 0.000533178 0.000387342 0.000281941 0.000205388 
0.00237332 0.00345075 0.00495554 0.00702053 0.00980222 0.013481 0.0182663 0.0244143 0.0322664 0.042308 0.0552314 0.0719571 0.0935631 0.121091 0.155281 0.196247 0.242689 0.289517 0.324893 0.334519 0.315826 0.280347 0.240089 0.201036 0.165364 0.133825 0.106673 0.0839687 0.0655909 0.0511698 0.0401232 0.0317913 0.025573 0.0209978 0.0177344 0.015566 0.0143596 0.0140395 0.0145634 0.0158949 0.0179674 0.0206431 0.0236809 0.0267344 0.0294024 0.0313272 0.0323065 0.0323602 0.0317159 0.03073 0.0297941 0.0292735 0.0294967 0.0307896 0.03353 0.0381986 0.0454097 0.0559199 0.0706219 0.0905011 0.116454 0.148728 0.185644 0.221482 0.245079 0.244125 0.216451 0.1736 0.129918 0.0937459 0.0674625 0.0504335 0.0411714 0.038358 0.04122 0.0496435 0.0642295 0.0863869 0.118514 0.164335 0.229496 0.322443 0.454523 0.631205 0.784433 0.715498 0.55054 0.422346 0.337426 0.283644 0.249792 0.227246 0.210684 0.199038 0.194959 0.203203 0.230008 0.28394 0.376112 0.511959 0.639704 0.596837 0.44679 0.3236 0.244562 0.199366 0.177683 0.173416 0.184958 0.214651 0.267731 0.349755 0.45945 0.573901 0.642228 0.624868 0.533966 0.418097 0.316205 0.240076 0.186994 0.151032 0.127375 0.113015 0.10612 0.105199 0.108559 0.114165 0.11993 0.12423 0.126334 0.126479 0.125624 0.125099 0.126264 0.130265 0.137925 0.149723 0.165773 0.18578 0.209282 0.23627 0.267162 0.300553 0.329656 0.34263 0.330646 0.29624 0.251034 0.206894 0.170626 0.143917 0.125362 0.112405 0.10266 0.0945769 0.08759 0.0818926 0.0780777 0.0768272 0.0787415 0.084319 0.0940754 0.108749 0.129427 0.157275 0.192532 0.232913 0.27282 0.30587 0.330613 0.354174 0.390961 0.45983 0.57998 0.747244 0.810344 0.652272 0.485179 0.362736 0.275954 0.214702 0.172499 0.14466 0.127105 0.116047 0.108073 0.100538 0.0920736 0.0827306 0.0734502 0.0652759 0.0588966 0.0546699 0.0528595 0.053798 0.0578518 0.0652089 0.0755688 0.0878733 0.100318 0.110888 0.118258 0.122355 0.123986 0.12391 0.122263 0.118831 0.113905 0.108909 0.106281 0.108868 0.119511 0.141064 0.17654 0.228551 0.296533 0.370187 0.424493 0.436904 0.41569 0.385289 0.360956 0.348551 0.350679 0.369354 0.406778 0.463198 0.52548 0.552294 0.510073 0.430077 0.357026 0.309992 0.293317 0.305886 0.34125 0.383534 0.410978 0.417311 0.419163 0.43093 0.449025 0.461098 0.462973 0.456381 0.434759 0.389939 0.329787 0.271639 0.226496 0.196683 0.180001 0.172957 0.172351 0.176103 0.183634 0.195401 0.211402 0.229658 0.246254 0.25699 0.258639 0.2493 0.22972 0.204491 0.180218 0.162358 0.153962 0.156363 0.170236 0.195969 0.232782 0.276019 0.312926 0.323762 0.299086 0.252993 0.206427 0.170754 0.148421 0.138361 0.139441 0.151935 0.17797 0.221341 0.28582 0.368756 0.445068 0.461933 0.405153 0.323081 0.250894 0.197195 0.161044 0.139807 0.130629 0.130146 0.134196 0.138367 0.139493 0.13694 0.132143 0.126856 0.121997 0.117884 0.115057 0.114684 0.118421 0.128341 0.147407 0.180457 0.235268 0.322817 0.452937 0.603919 0.633755 0.498952 0.362426 0.270146 0.2164 0.190399 0.183889 0.192191 0.214822 0.25611 0.324506 0.426924 0.544576 0.584464 0.498716 0.394506 0.329679 0.309724 0.327865 0.371853 0.416675 0.423316 0.374734 0.298219 0.224359 0.165498 0.123127 0.0953943 0.0801971 0.076202 0.0831978 0.102274 0.135905 0.187756 0.261633 0.35852 0.470779 0.576085 0.641646 0.647273 0.600869 0.520285 0.424133 0.333372 0.262515 0.216155 0.192847 0.188965 0.200436 0.222774 0.250114 0.274966 0.290897 0.296457 0.295068 0.291282 0.288421 0.288524 0.292253 0.297492 0.298422 0.288605 0.266801 0.237926 0.208438 0.183133 0.165389 0.158325 0.165266 0.189136 0.229944 0.278758 0.311176 0.300707 0.252562 0.19491 0.146302 0.11133 0.0882977 0.0740691 0.0658154 0.0613975 0.0593206 0.0586141 0.0587397 0.0595318 0.0611449 0.0640123 0.0688559 0.0767988 0.0895831 0.109812 0.141018 0.187106 0.250114 0.32447 0.38923 0.415964 0.401544 0.367867 0.330168 0.291919 0.253809 0.217478 0.18486 0.157256 0.135144 0.118338 0.10622 0.0979682 0.0927231 0.0895964 0.08757 0.0855295 0.0826439 0.078936 0.0755867 0.074768 0.0793062 0.0925554 0.118466 0.161281 0.223372 0.298055 0.356823 0.359351 0.309666 0.248819 0.200777 0.168718 0.148007 0.13332 0.121393 0.111526 0.104807 0.102989 0.107787 0.120728 0.143238 0.176581 0.221302 0.276182 0.337698 0.401472 0.462687 0.50894 0.520145 0.49677 0.465195 0.445305 0.438446 0.434241 0.422354 0.401266 0.374401 0.342526 0.304336 0.260862 0.216185 0.174916 0.140177 0.113053 0.0928986 0.0779913 0.0663045 0.0561924 0.0467707 0.0378819 0.0297725 0.022746 0.0169661 0.0124205 0.00897172 0.00642571 0.00458272 0.00326601 0.00233238 0.00167229 0.0012051 0.000873092 0.000635654 0.000464575 0.000340364 0.000249561 
0.00281931 0.00412101 0.00594813 0.00846572 0.0118667 0.0163707 0.0222309 0.0297642 0.0394224 0.0519115 0.0683295 0.0902358 0.119512 0.157908 0.206402 0.264934 0.33253 0.404447 0.462037 0.473298 0.432448 0.367868 0.30092 0.238889 0.184907 0.140676 0.106171 0.0801337 0.060894 0.0468577 0.0366858 0.0293332 0.0240341 0.0202616 0.0176757 0.0160738 0.0153532 0.0154821 0.0164722 0.0183412 0.0210604 0.0244902 0.0283243 0.03208 0.0351755 0.0370971 0.0375892 0.0367538 0.0349961 0.032863 0.0308835 0.0294897 0.0290261 0.0298166 0.0322478 0.0368423 0.0443128 0.0555924 0.0718303 0.09429 0.123993 0.160858 0.202152 0.240592 0.263986 0.26053 0.229469 0.183368 0.137036 0.0989969 0.071647 0.0542944 0.045394 0.0436108 0.0482095 0.0591764 0.0772914 0.104247 0.142851 0.197367 0.2742 0.383489 0.542464 0.781278 1.14315 0.912886 0.654503 0.492534 0.39053 0.326416 0.285407 0.256224 0.231544 0.209964 0.195097 0.192321 0.206808 0.243252 0.304166 0.381125 0.436423 0.419083 0.345262 0.268206 0.211315 0.176081 0.158444 0.155248 0.166032 0.193126 0.240733 0.312256 0.403575 0.491449 0.534309 0.511311 0.443127 0.361243 0.286491 0.226677 0.181748 0.149023 0.125932 0.110771 0.102475 0.100148 0.102698 0.108705 0.116465 0.124174 0.130218 0.133575 0.134238 0.133261 0.132259 0.132641 0.135181 0.140069 0.147242 0.156668 0.168499 0.183019 0.200127 0.218194 0.233078 0.239104 0.232487 0.214328 0.189881 0.165175 0.144288 0.128609 0.117464 0.109224 0.10232 0.0958729 0.0898229 0.0846906 0.081249 0.0803061 0.0826486 0.089121 0.100819 0.119365 0.147093 0.186728 0.239785 0.302998 0.364359 0.406813 0.424558 0.431557 0.451343 0.508248 0.623482 0.792463 0.862612 0.713971 0.551377 0.425309 0.329105 0.257861 0.208843 0.178491 0.162159 0.154525 0.14998 0.14365 0.133122 0.119194 0.10448 0.0913015 0.0807788 0.0732164 0.0688366 0.068173 0.0719806 0.0808133 0.0944126 0.111057 0.127333 0.139161 0.144111 0.142985 0.138692 0.133724 0.128805 0.123424 0.117256 0.111205 0.107438 0.108781 0.118284 0.139285 0.175654 0.231355 0.307406 0.392993 0.45448 0.458147 0.419701 0.375696 0.342751 0.323221 0.316911 0.324856 0.34815 0.384323 0.422289 0.44204 0.429299 0.391099 0.347781 0.318187 0.315107 0.345643 0.408387 0.480917 0.513007 0.484841 0.439658 0.410261 0.398098 0.393171 0.388041 0.378515 0.358905 0.32523 0.282141 0.24004 0.207158 0.186777 0.178458 0.179529 0.186099 0.194433 0.202818 0.212186 0.224085 0.237871 0.250109 0.2565 0.253968 0.241553 0.221035 0.197031 0.175392 0.161001 0.156862 0.164527 0.184756 0.217525 0.260949 0.308814 0.347231 0.356575 0.328822 0.279936 0.231895 0.195908 0.173591 0.162911 0.161849 0.169669 0.186948 0.214985 0.254021 0.298982 0.333889 0.336544 0.30213 0.249762 0.199233 0.159438 0.132043 0.11594 0.109049 0.108632 0.111342 0.113743 0.113445 0.110045 0.104856 0.0997148 0.0960157 0.0945805 0.0959766 0.100772 0.109618 0.123422 0.143863 0.174059 0.218643 0.281878 0.36094 0.431234 0.445163 0.393138 0.320767 0.261872 0.22514 0.208662 0.208014 0.219647 0.243528 0.285693 0.359173 0.480526 0.645354 0.709255 0.563808 0.419186 0.334055 0.299817 0.301588 0.323256 0.344825 0.3453 0.315865 0.266087 0.211647 0.163126 0.125009 0.0982887 0.0825967 0.0774219 0.0827877 0.0996466 0.130068 0.177104 0.243925 0.331565 0.434844 0.538312 0.618645 0.65797 0.648034 0.57978 0.468782 0.356396 0.268468 0.210098 0.177745 0.166189 0.170664 0.186934 0.210717 0.237444 0.263016 0.284999 0.302977 0.317975 0.331985 0.347883 0.368228 0.390839 0.403581 0.390267 0.349672 0.297467 0.248728 0.210752 0.18649 0.178402 0.190264 0.227405 0.294611 0.386385 0.459832 0.440056 0.345496 0.249145 0.177615 0.130252 0.100677 0.0830222 0.0729562 0.0675028 0.0647092 0.0633995 0.0630018 0.0634033 0.0648232 0.0677347 0.0728865 0.0814575 0.0953369 0.117458 0.152026 0.204212 0.278 0.368899 0.449368 0.474105 0.440732 0.389099 0.341192 0.29822 0.257048 0.217188 0.18064 0.149709 0.125664 0.108659 0.09821 0.0935946 0.0939117 0.097814 0.103155 0.1071 0.107201 0.103001 0.0966798 0.0921738 0.0939501 0.106689 0.135865 0.188447 0.272008 0.386471 0.491374 0.486317 0.383602 0.280629 0.208191 0.162906 0.135748 0.119249 0.108818 0.102492 0.100108 0.102422 0.110565 0.125902 0.150097 0.185029 0.232199 0.291548 0.360796 0.437075 0.516737 0.582779 0.599963 0.563237 0.509316 0.464706 0.436398 0.422654 0.41922 0.421477 0.422098 0.409438 0.375033 0.322893 0.265174 0.212251 0.169384 0.137705 0.115636 0.100086 0.087652 0.0757929 0.0635144 0.0511659 0.0396534 0.0297337 0.0217333 0.0156011 0.0110726 0.00781468 0.00551064 0.00389727 0.00277196 0.00198619 0.00143466 0.00104428 0.000765072 0.000563157 0.0004156 0.000306826 
0.00332975 0.00489717 0.00711154 0.0101802 0.0143441 0.0198724 0.0270679 0.0363068 0.0481495 0.0635485 0.0841224 0.112354 0.151418 0.204241 0.271646 0.350985 0.438706 0.532889 0.614585 0.626842 0.55847 0.465199 0.373311 0.287557 0.213282 0.154488 0.111048 0.0802913 0.0590213 0.0444799 0.034582 0.0278536 0.0232967 0.0202613 0.0183448 0.0173222 0.0171017 0.0176942 0.0191792 0.0216544 0.0251591 0.029575 0.0345296 0.039362 0.0432283 0.0453713 0.0454416 0.0436587 0.040687 0.0373358 0.0342952 0.032038 0.030871 0.0310617 0.0329703 0.037152 0.0444264 0.0559157 0.0730291 0.0972894 0.129774 0.16986 0.213271 0.250653 0.269465 0.26093 0.227464 0.181492 0.136209 0.0992671 0.0729434 0.0567022 0.0492001 0.0492978 0.0564511 0.0708454 0.0934917 0.126367 0.172559 0.236287 0.322772 0.438221 0.589848 0.778602 0.934093 0.861336 0.684153 0.537132 0.43233 0.361624 0.314305 0.278996 0.247092 0.21682 0.192345 0.179098 0.180829 0.198981 0.231472 0.26898 0.292556 0.285068 0.250852 0.209211 0.174264 0.150624 0.138199 0.136278 0.14537 0.167531 0.205526 0.260447 0.326912 0.387476 0.417204 0.405395 0.364248 0.311802 0.260056 0.214619 0.177257 0.147952 0.126145 0.111347 0.103246 0.101548 0.105762 0.114982 0.12766 0.141398 0.153051 0.159631 0.159912 0.155302 0.148799 0.143043 0.139254 0.137458 0.137281 0.138574 0.141572 0.146631 0.153687 0.161663 0.168284 0.170782 0.167408 0.158604 0.146775 0.134918 0.125212 0.118354 0.113688 0.109896 0.105837 0.101101 0.0960409 0.0914308 0.0881447 0.087061 0.0891651 0.0957429 0.108648 0.130683 0.166024 0.220272 0.298914 0.401223 0.505946 0.56613 0.562297 0.531889 0.514925 0.535971 0.6056 0.70303 0.750324 0.700847 0.605855 0.49767 0.392722 0.307708 0.249971 0.218032 0.206414 0.207602 0.212022 0.20974 0.195786 0.173313 0.149263 0.128439 0.112139 0.0999775 0.0918421 0.0886403 0.0919654 0.103285 0.122883 0.148416 0.173613 0.189566 0.190653 0.179591 0.16409 0.15004 0.139092 0.130241 0.122254 0.115198 0.110622 0.110987 0.119169 0.138443 0.172662 0.225799 0.298958 0.381757 0.442013 0.447918 0.414783 0.37677 0.347189 0.325487 0.311357 0.308383 0.320348 0.346828 0.380524 0.407572 0.413592 0.394472 0.362129 0.33732 0.338987 0.380504 0.466895 0.575081 0.616303 0.546283 0.455003 0.391274 0.354831 0.334696 0.321635 0.309252 0.292516 0.268886 0.240539 0.213254 0.192955 0.183456 0.185794 0.197835 0.214044 0.227277 0.233611 0.235497 0.238198 0.244009 0.250602 0.253297 0.248141 0.233979 0.213159 0.190664 0.172089 0.161901 0.162921 0.176685 0.203744 0.243092 0.290466 0.336463 0.366823 0.367938 0.33848 0.293703 0.251716 0.221471 0.203502 0.19509 0.193719 0.197958 0.207075 0.220545 0.237201 0.253375 0.261499 0.253375 0.227849 0.19267 0.157548 0.128547 0.10781 0.0951682 0.0892903 0.0881486 0.0892682 0.0902075 0.0893312 0.0863979 0.0824216 0.0789367 0.0773189 0.0785338 0.0831823 0.0915745 0.103779 0.119837 0.140292 0.166758 0.201631 0.245962 0.295178 0.335217 0.348141 0.33007 0.296075 0.264108 0.244285 0.239034 0.245932 0.260638 0.281128 0.312579 0.368094 0.460915 0.576886 0.612419 0.508833 0.390056 0.313633 0.279303 0.27519 0.287341 0.300698 0.301598 0.283244 0.248459 0.205824 0.163886 0.128295 0.101756 0.0850791 0.0782817 0.0814164 0.0950937 0.120724 0.160425 0.216381 0.289384 0.376622 0.470151 0.559083 0.633518 0.670943 0.621937 0.496119 0.365746 0.266425 0.201132 0.163829 0.148071 0.148846 0.162408 0.185643 0.215531 0.249005 0.283261 0.316317 0.347608 0.378597 0.413632 0.459211 0.515987 0.560741 0.54807 0.475093 0.386506 0.310915 0.25525 0.219859 0.20572 0.216647 0.259971 0.346012 0.480405 0.615072 0.578586 0.42242 0.290519 0.202032 0.146479 0.112871 0.093265 0.082275 0.0762766 0.0729099 0.0708216 0.0694714 0.0688942 0.0694585 0.0717234 0.0764598 0.0848338 0.0987061 0.12097 0.155784 0.208291 0.282513 0.374065 0.455305 0.480486 0.448157 0.39998 0.357699 0.319589 0.279005 0.234847 0.191667 0.154684 0.126722 0.108367 0.0991986 0.0986065 0.105836 0.119285 0.135371 0.148111 0.151395 0.143554 0.129201 0.115932 0.110613 0.118794 0.146204 0.200468 0.291439 0.424469 0.559358 0.548336 0.411706 0.287982 0.204967 0.154366 0.125205 0.109333 0.101677 0.0995697 0.101945 0.108661 0.120113 0.137143 0.161126 0.193979 0.237715 0.293425 0.360651 0.43846 0.524156 0.600744 0.632377 0.608447 0.556187 0.500441 0.457576 0.43761 0.443531 0.471806 0.50779 0.519807 0.480782 0.404387 0.322402 0.252891 0.201085 0.166266 0.144729 0.130982 0.119188 0.105288 0.088436 0.0703588 0.0533899 0.0390659 0.0278673 0.0195649 0.0136257 0.00947346 0.00660905 0.00464443 0.00329631 0.00236585 0.00171709 0.00125864 0.000929753 0.000690259 0.000513551 0.000381857 
0.00389239 0.00576082 0.0084185 0.0121242 0.0171766 0.0239014 0.0326484 0.0438335 0.0580893 0.0765879 0.101529 0.13662 0.187106 0.258414 0.351797 0.457038 0.554821 0.640701 0.71184 0.715666 0.639935 0.541749 0.438194 0.333145 0.240168 0.168022 0.116549 0.081536 0.0583542 0.0432571 0.0335482 0.027391 0.0235699 0.0212969 0.0200798 0.0196454 0.0198987 0.0208953 0.0228022 0.0258303 0.030128 0.0356348 0.0419277 0.0481399 0.0530875 0.0556747 0.055414 0.0526836 0.0484971 0.043991 0.0400173 0.0370337 0.0352325 0.0347608 0.0359212 0.0393019 0.0458422 0.0568555 0.0739947 0.0990362 0.133179 0.17544 0.22016 0.255703 0.268742 0.253761 0.217331 0.172268 0.129687 0.0956123 0.0718037 0.0578211 0.0526246 0.0554131 0.0659628 0.0847572 0.113112 0.153375 0.209044 0.284327 0.382527 0.503049 0.637664 0.764786 0.837406 0.806532 0.69793 0.572299 0.464616 0.385047 0.329505 0.287628 0.250098 0.214352 0.183954 0.163572 0.15573 0.160244 0.174047 0.190555 0.200575 0.197283 0.181634 0.160667 0.141236 0.12695 0.119001 0.117933 0.124771 0.14121 0.168898 0.207717 0.25318 0.294757 0.319635 0.321792 0.305053 0.276773 0.24303 0.208485 0.176749 0.150107 0.129638 0.115826 0.109036 0.109632 0.117839 0.133398 0.154981 0.179281 0.200404 0.211335 0.208427 0.19469 0.177028 0.160983 0.148643 0.139644 0.132905 0.127756 0.124195 0.122528 0.122822 0.124513 0.126393 0.127061 0.125644 0.122314 0.118207 0.114785 0.113059 0.113085 0.113971 0.114401 0.113411 0.110877 0.107384 0.10374 0.100685 0.0990186 0.0999271 0.105263 0.117785 0.141583 0.182838 0.250785 0.358029 0.516384 0.709221 0.807162 0.735928 0.638392 0.572464 0.551348 0.577119 0.634536 0.692473 0.725299 0.706029 0.606551 0.472375 0.362034 0.292555 0.260925 0.259756 0.279475 0.304355 0.312264 0.29074 0.250717 0.210488 0.178749 0.155223 0.137093 0.123348 0.115706 0.117384 0.131601 0.160194 0.201134 0.244207 0.269978 0.264094 0.234516 0.200236 0.172668 0.153639 0.140583 0.130677 0.122763 0.117553 0.116948 0.123367 0.139502 0.16833 0.212544 0.271996 0.337884 0.388891 0.407091 0.401504 0.391185 0.379543 0.36032 0.335821 0.318572 0.319707 0.342745 0.382924 0.426113 0.449587 0.436824 0.398656 0.364116 0.357649 0.393733 0.47664 0.581989 0.619897 0.544813 0.445152 0.370219 0.3221 0.292463 0.273496 0.259271 0.245366 0.22931 0.211525 0.19525 0.185201 0.18585 0.19973 0.225287 0.254452 0.273915 0.27539 0.264657 0.253875 0.249625 0.250564 0.250915 0.244792 0.229869 0.20881 0.187454 0.171761 0.166058 0.172909 0.193635 0.228494 0.275553 0.327786 0.370946 0.389043 0.376444 0.342048 0.301924 0.269176 0.248724 0.23893 0.236084 0.237393 0.24094 0.244615 0.24634 0.244892 0.239404 0.22825 0.209737 0.18443 0.155867 0.128566 0.105827 0.0890834 0.0783187 0.0726054 0.0704635 0.0701377 0.0699768 0.0689179 0.066824 0.0644141 0.0628526 0.063312 0.0667246 0.073687 0.0843963 0.098623 0.115911 0.136153 0.160231 0.189838 0.225778 0.26522 0.300061 0.31987 0.319703 0.305236 0.288742 0.280832 0.285749 0.300857 0.318315 0.330776 0.340649 0.360713 0.400063 0.444112 0.448598 0.395619 0.326224 0.275657 0.252199 0.251178 0.263309 0.277358 0.282395 0.271485 0.244594 0.207604 0.168345 0.133176 0.105778 0.0875982 0.0788534 0.0794393 0.0895198 0.109796 0.141462 0.185789 0.243337 0.313048 0.392112 0.47725 0.562886 0.621266 0.589309 0.471831 0.346414 0.250281 0.186523 0.14935 0.132749 0.132277 0.144926 0.16849 0.200904 0.239769 0.282385 0.326393 0.370769 0.417074 0.471615 0.54678 0.652981 0.761399 0.756614 0.630129 0.496379 0.392035 0.316506 0.265972 0.239879 0.241478 0.277537 0.357134 0.48318 0.605973 0.572871 0.427402 0.300394 0.213575 0.158394 0.124835 0.105387 0.0946755 0.088793 0.0850365 0.0819044 0.0789974 0.0766605 0.0755428 0.0763445 0.0798418 0.0871052 0.0997877 0.120378 0.152273 0.199268 0.263388 0.339142 0.405485 0.434172 0.425044 0.404358 0.386464 0.364653 0.326859 0.273757 0.217935 0.170575 0.136247 0.115337 0.107089 0.111094 0.127344 0.154915 0.189046 0.217997 0.2263 0.208749 0.176951 0.146896 0.128769 0.12763 0.147206 0.192264 0.268036 0.371845 0.463731 0.456114 0.359289 0.259064 0.186717 0.14134 0.115786 0.103744 0.100856 0.10441 0.112779 0.124997 0.140534 0.159272 0.181654 0.209007 0.243563 0.287753 0.343335 0.411315 0.490165 0.56856 0.623856 0.639351 0.610173 0.548835 0.49006 0.462224 0.477109 0.537068 0.629174 0.688565 0.625993 0.495678 0.376858 0.28893 0.230553 0.19665 0.180517 0.173246 0.164826 0.148385 0.123934 0.0965057 0.0711966 0.050618 0.0351739 0.0241518 0.0165259 0.0113438 0.00785231 0.00550223 0.00391177 0.00282332 0.0020665 0.00153013 0.00114228 0.000856551 0.000642845 0.000481366 
0.00448941 0.00668421 0.00982622 0.0142323 0.0202646 0.0283062 0.0387396 0.0519768 0.0686369 0.0899868 0.118695 0.159751 0.221108 0.312903 0.441513 0.588322 0.686778 0.712626 0.716721 0.695879 0.639995 0.564991 0.467788 0.355475 0.252889 0.173846 0.118397 0.0814386 0.0575748 0.0425591 0.0333884 0.0280299 0.025124 0.0237597 0.0233388 0.0235132 0.0241673 0.0254051 0.0275072 0.0308394 0.035706 0.0421505 0.0497337 0.0573913 0.0635678 0.0667748 0.0663619 0.0629018 0.0578156 0.052583 0.0481624 0.0448878 0.0427151 0.0415851 0.0417211 0.043777 0.0488535 0.0584566 0.0744243 0.098699 0.132599 0.175056 0.219707 0.253306 0.261533 0.241155 0.202366 0.158719 0.119587 0.0892964 0.0688854 0.0579159 0.0556736 0.0617797 0.0764312 0.100495 0.135668 0.184825 0.252332 0.343355 0.460617 0.59783 0.733306 0.836006 0.884288 0.86275 0.763472 0.622732 0.492995 0.395919 0.328613 0.27961 0.238531 0.201315 0.169619 0.146535 0.133592 0.130146 0.133613 0.139809 0.143955 0.142708 0.135856 0.125823 0.115605 0.107342 0.102274 0.101367 0.105808 0.11701 0.136079 0.162804 0.194525 0.225871 0.25063 0.264707 0.266774 0.256798 0.236266 0.209346 0.181474 0.156823 0.137632 0.125104 0.120304 0.124455 0.138789 0.164106 0.199834 0.242017 0.280419 0.299119 0.288138 0.255316 0.217337 0.185096 0.16126 0.144175 0.131341 0.121095 0.112892 0.106818 0.102958 0.101023 0.100342 0.100153 0.0999878 0.099935 0.100579 0.102637 0.106472 0.111726 0.117315 0.121916 0.12469 0.125651 0.125309 0.124019 0.121849 0.119176 0.117426 0.119309 0.128716 0.150882 0.193305 0.267486 0.391465 0.593022 0.911017 1.12391 0.866161 0.703042 0.602435 0.553597 0.55511 0.601407 0.687483 0.81276 0.908179 0.764905 0.554478 0.408668 0.328536 0.301234 0.317713 0.370383 0.439182 0.472453 0.430197 0.352617 0.286514 0.242001 0.21157 0.186523 0.16441 0.148974 0.146288 0.16211 0.200963 0.263543 0.337376 0.383678 0.364815 0.303587 0.243072 0.20004 0.173411 0.157151 0.145993 0.137359 0.131301 0.129392 0.133589 0.145708 0.167395 0.199853 0.242399 0.289931 0.333109 0.366684 0.396955 0.429963 0.451324 0.435547 0.389988 0.349275 0.336302 0.357029 0.406991 0.469785 0.511038 0.497747 0.443517 0.390514 0.3669 0.383393 0.43724 0.502912 0.526313 0.482971 0.412291 0.348484 0.300501 0.267028 0.244464 0.228968 0.216961 0.20574 0.194495 0.185106 0.181895 0.190194 0.214113 0.253126 0.296812 0.323624 0.318443 0.292363 0.266934 0.252943 0.249244 0.248478 0.242509 0.227574 0.206621 0.186584 0.174084 0.173473 0.186981 0.215444 0.258663 0.314295 0.373561 0.416487 0.421945 0.391804 0.347878 0.30953 0.28575 0.276806 0.278009 0.284316 0.292838 0.301016 0.304241 0.297803 0.28084 0.256273 0.227546 0.196953 0.166213 0.137203 0.111786 0.0912475 0.076019 0.0657742 0.0596548 0.0564859 0.0549866 0.0540269 0.0529097 0.0515508 0.050443 0.0504333 0.0524553 0.0573241 0.0655894 0.0774059 0.0924736 0.110244 0.130548 0.154365 0.183905 0.221352 0.26636 0.313077 0.349145 0.36243 0.354478 0.341228 0.33788 0.349542 0.371328 0.389972 0.390306 0.372041 0.352254 0.343915 0.341756 0.328645 0.297465 0.260528 0.233457 0.223266 0.229127 0.2455 0.263816 0.274221 0.269091 0.246888 0.21255 0.174001 0.138255 0.109617 0.0898499 0.0791871 0.0773013 0.0839369 0.0991919 0.123515 0.157463 0.201303 0.254662 0.316511 0.384886 0.45275 0.495635 0.474744 0.393309 0.298389 0.220429 0.166301 0.133737 0.118912 0.118738 0.131162 0.154764 0.188171 0.229551 0.276565 0.327 0.379898 0.437147 0.506231 0.602463 0.742351 0.901427 0.913752 0.76318 0.611446 0.490555 0.396896 0.32751 0.282902 0.266309 0.282152 0.332886 0.409684 0.471183 0.454675 0.372554 0.284235 0.21544 0.168074 0.137957 0.120389 0.111009 0.105871 0.101851 0.09726 0.0919941 0.0869568 0.0832551 0.0817811 0.0832803 0.0886536 0.0992452 0.116989 0.144297 0.183404 0.23456 0.292758 0.345612 0.380414 0.398769 0.414826 0.43455 0.440304 0.404757 0.332958 0.25607 0.194107 0.151702 0.12748 0.119755 0.128527 0.155589 0.202967 0.267706 0.330172 0.349538 0.308235 0.241261 0.183415 0.146845 0.132777 0.140446 0.169691 0.21932 0.280416 0.326064 0.321844 0.271035 0.20889 0.158527 0.125486 0.10799 0.102813 0.107112 0.118605 0.135325 0.155468 0.177368 0.199421 0.220202 0.239547 0.259933 0.286111 0.323024 0.3743 0.441235 0.520767 0.603982 0.669284 0.669675 0.596337 0.516158 0.477372 0.496048 0.581199 0.739215 0.89557 0.7683 0.559557 0.40826 0.309937 0.252054 0.225578 0.22182 0.228202 0.227678 0.207661 0.170646 0.128863 0.091968 0.0634643 0.0430297 0.0289907 0.0195729 0.0133301 0.00920527 0.00646862 0.00463312 0.00338066 0.00250668 0.0018812 0.00142223 0.00107816 0.000816195 0.000615007 
0.00510094 0.00763674 0.0112882 0.0164344 0.0235037 0.0329312 0.0451063 0.0603706 0.07919 0.102678 0.13358 0.177599 0.244733 0.349921 0.509899 0.715506 0.819001 0.743662 0.666815 0.616397 0.572796 0.519665 0.439364 0.338199 0.242336 0.167158 0.113997 0.0785614 0.0559097 0.0420366 0.0340524 0.0299511 0.0283296 0.0281739 0.0287495 0.0295856 0.0305141 0.0316923 0.0335543 0.0366754 0.0415664 0.0484178 0.0568198 0.0655679 0.0728004 0.0766919 0.0764641 0.0728924 0.0677756 0.0628569 0.0590662 0.0564259 0.0544553 0.0527547 0.0514668 0.0514224 0.0540091 0.0609618 0.0742006 0.0956062 0.126354 0.165252 0.205948 0.235461 0.24024 0.218409 0.181086 0.14127 0.106914 0.0812045 0.0647394 0.0571858 0.0582115 0.0679205 0.0869973 0.116745 0.159266 0.218073 0.298957 0.409562 0.554504 0.723589 0.879697 0.978313 1.027 1.03254 0.902551 0.690892 0.514936 0.393782 0.313991 0.25913 0.216928 0.181471 0.152036 0.129841 0.115585 0.108666 0.1073 0.1089 0.110709 0.110669 0.108068 0.10345 0.0979598 0.0927643 0.0889032 0.0874323 0.0895518 0.096513 0.109275 0.12801 0.151689 0.17809 0.20433 0.22718 0.242536 0.245773 0.235118 0.214401 0.190333 0.168144 0.150629 0.1396 0.137093 0.145601 0.167798 0.20608 0.261581 0.331309 0.400627 0.435257 0.406806 0.337439 0.26667 0.212013 0.174206 0.148528 0.1302 0.116151 0.105038 0.096542 0.0905971 0.0869655 0.0851886 0.0847817 0.0854808 0.087378 0.0908518 0.0963017 0.1038 0.112844 0.122408 0.131406 0.139304 0.146226 0.152198 0.156235 0.156564 0.152363 0.145476 0.140319 0.14253 0.158285 0.195031 0.263168 0.377769 0.557603 0.802038 0.931345 0.807754 0.677362 0.585223 0.534912 0.530137 0.572975 0.671579 0.85071 1.11329 0.851201 0.583496 0.425471 0.346836 0.329407 0.36716 0.463349 0.614564 0.720008 0.611039 0.461786 0.365417 0.313036 0.280341 0.248531 0.214234 0.186161 0.174814 0.188319 0.233485 0.315193 0.424386 0.501304 0.463676 0.36485 0.281216 0.228595 0.199747 0.184046 0.173317 0.16384 0.155968 0.151921 0.153608 0.161777 0.176409 0.197421 0.22469 0.257462 0.295221 0.34146 0.40547 0.491557 0.565545 0.549112 0.461105 0.386002 0.355998 0.372647 0.427765 0.501574 0.552601 0.538437 0.473859 0.407282 0.367741 0.363027 0.387374 0.421578 0.437634 0.42086 0.381099 0.334662 0.291904 0.257421 0.232129 0.214739 0.202754 0.19342 0.185129 0.178943 0.178972 0.19104 0.220177 0.266641 0.318981 0.350271 0.340252 0.304004 0.269368 0.249345 0.242755 0.241432 0.236076 0.22214 0.202745 0.185496 0.177514 0.183254 0.20457 0.241239 0.291524 0.352145 0.414177 0.454812 0.448288 0.402516 0.350263 0.313471 0.298094 0.300846 0.314664 0.333773 0.355714 0.376835 0.387503 0.37734 0.345732 0.301267 0.253229 0.207516 0.166992 0.132772 0.105103 0.0837468 0.0681151 0.0573554 0.0504444 0.0462908 0.0438542 0.042291 0.0411001 0.0402083 0.0399439 0.0409104 0.0438219 0.0493462 0.0579601 0.0698206 0.0847284 0.102371 0.122986 0.148224 0.181565 0.227655 0.289971 0.365148 0.433145 0.46084 0.444859 0.420711 0.414436 0.42785 0.449498 0.461403 0.444059 0.397202 0.344074 0.302889 0.274553 0.251274 0.228195 0.207822 0.195803 0.195787 0.207758 0.228179 0.250252 0.264976 0.264456 0.246225 0.214495 0.177118 0.141479 0.112273 0.0914801 0.0793583 0.0754517 0.0792335 0.0903935 0.108862 0.134655 0.167626 0.207233 0.252274 0.299959 0.342963 0.365727 0.351294 0.302131 0.24023 0.184771 0.143683 0.117962 0.106264 0.107072 0.119308 0.142232 0.175014 0.216314 0.264218 0.316807 0.373367 0.436108 0.512268 0.614152 0.749221 0.886028 0.926336 0.850914 0.735512 0.614742 0.503178 0.409253 0.338429 0.295978 0.285004 0.303234 0.338663 0.366111 0.359888 0.32024 0.26786 0.219167 0.180947 0.154668 0.139149 0.131404 0.127317 0.122992 0.116382 0.107856 0.0991866 0.0921235 0.0877637 0.0867603 0.089795 0.0979094 0.112582 0.135529 0.168099 0.210064 0.258091 0.305758 0.347913 0.387294 0.434134 0.492237 0.532029 0.495835 0.396193 0.295138 0.219423 0.170192 0.143017 0.135173 0.147431 0.184331 0.25368 0.362491 0.494249 0.544555 0.441963 0.312085 0.217769 0.161049 0.133824 0.129335 0.142849 0.169429 0.200296 0.220919 0.218059 0.192789 0.158921 0.129358 0.110229 0.102913 0.106855 0.120884 0.143382 0.1721 0.204303 0.237112 0.266981 0.288789 0.298445 0.298793 0.299806 0.311973 0.342094 0.393739 0.468608 0.564743 0.659433 0.680014 0.601048 0.511058 0.465797 0.479726 0.559553 0.707157 0.844004 0.732949 0.54012 0.398142 0.308426 0.26081 0.248083 0.262934 0.290625 0.303744 0.278543 0.223038 0.162591 0.112396 0.0756455 0.0503701 0.0335399 0.0225128 0.0153315 0.0106464 0.00756167 0.00549625 0.00407951 0.00307837 0.00234819 0.00180005 0.00137939 0.00105221 0.000796538 
0.00570895 0.00859272 0.0127697 0.0186869 0.0268439 0.0377255 0.0517035 0.0689713 0.0896629 0.114387 0.145316 0.187672 0.251071 0.34994 0.499843 0.689372 0.772077 0.67418 0.574053 0.511449 0.469484 0.426257 0.36459 0.287005 0.210875 0.148757 0.103493 0.0728279 0.0532674 0.0416802 0.0356643 0.0334474 0.0336721 0.035219 0.0371448 0.0387585 0.0397753 0.0404161 0.0413422 0.0434273 0.0474503 0.0537794 0.062072 0.07108 0.0788113 0.0833078 0.0837841 0.0811902 0.0775662 0.0747491 0.0734339 0.073037 0.0722805 0.0701696 0.0667962 0.0634514 0.0621206 0.0649023 0.0737032 0.0900595 0.114633 0.145898 0.178082 0.200544 0.202918 0.184124 0.153082 0.12032 0.0924044 0.0720244 0.0598085 0.0557427 0.0599508 0.0730407 0.0961872 0.131104 0.180214 0.247565 0.340611 0.470834 0.647336 0.854979 1.02877 1.10794 1.15256 1.24304 1.04738 0.728532 0.512252 0.375558 0.289426 0.232882 0.192376 0.160721 0.135356 0.115976 0.102663 0.0950174 0.0919884 0.0920067 0.0932831 0.0942163 0.093757 0.0915632 0.0879207 0.0835494 0.0794284 0.0766907 0.0765432 0.0801495 0.088453 0.101988 0.120758 0.144204 0.171055 0.19862 0.2218 0.234038 0.231938 0.218692 0.200795 0.183113 0.168318 0.158966 0.158671 0.171827 0.202981 0.256347 0.334999 0.438513 0.55266 0.616751 0.554351 0.426733 0.314492 0.235497 0.1839 0.150444 0.12777 0.11134 0.098945 0.089746 0.0833899 0.0795216 0.077694 0.0775117 0.0788153 0.0817561 0.086696 0.0939674 0.103611 0.11525 0.128254 0.1422 0.157297 0.174056 0.191793 0.206841 0.213026 0.206302 0.1896 0.171448 0.160841 0.16483 0.189432 0.24124 0.327323 0.449422 0.583445 0.658602 0.64026 0.582854 0.52913 0.497183 0.495592 0.529061 0.602867 0.715586 0.795541 0.691872 0.521936 0.400962 0.340779 0.336127 0.387672 0.508346 0.724807 0.973447 0.727316 0.526305 0.423223 0.379236 0.354078 0.317118 0.266744 0.221562 0.197523 0.203261 0.244712 0.326357 0.439487 0.52166 0.482568 0.381767 0.301007 0.255419 0.235666 0.227724 0.220049 0.208456 0.196085 0.188177 0.187426 0.192961 0.202039 0.212813 0.226121 0.245222 0.275341 0.324988 0.406979 0.530978 0.657881 0.636738 0.504645 0.404497 0.364223 0.37739 0.430778 0.501129 0.5487 0.537845 0.479044 0.412261 0.365031 0.346007 0.351632 0.370121 0.385627 0.385844 0.367482 0.335341 0.297973 0.262847 0.234079 0.212771 0.197864 0.187061 0.178449 0.172467 0.172647 0.184321 0.211976 0.255343 0.303291 0.331538 0.32247 0.288995 0.255923 0.235828 0.228397 0.226524 0.221795 0.210084 0.194388 0.182078 0.180335 0.193858 0.224256 0.269484 0.323916 0.380517 0.430778 0.457107 0.43992 0.389739 0.338758 0.307612 0.300876 0.314297 0.340666 0.375098 0.416439 0.459885 0.488238 0.480923 0.436425 0.370636 0.300092 0.235422 0.181339 0.138547 0.105901 0.081742 0.0644274 0.0524652 0.0445226 0.0394314 0.0362174 0.034155 0.0328224 0.0321265 0.0322721 0.0336813 0.0368849 0.042407 0.0506502 0.0618045 0.0758645 0.0929096 0.113761 0.140886 0.179161 0.236103 0.320791 0.437625 0.561637 0.6088 0.562133 0.515051 0.506231 0.520701 0.529927 0.51617 0.471305 0.4012 0.328535 0.270537 0.229824 0.201728 0.181944 0.169457 0.16549 0.17126 0.18645 0.208376 0.231531 0.248148 0.250932 0.236966 0.209392 0.175226 0.141581 0.113256 0.0924512 0.0796096 0.0743565 0.0761182 0.0844066 0.0988554 0.119089 0.144504 0.174031 0.205849 0.236777 0.26121 0.271014 0.259726 0.22935 0.190059 0.152518 0.123018 0.103858 0.0953175 0.09708 0.108847 0.13039 0.161295 0.200643 0.246935 0.298629 0.355405 0.419856 0.49862 0.600432 0.7269 0.85647 0.946155 0.968198 0.908001 0.78175 0.642146 0.51422 0.407842 0.333246 0.294527 0.287231 0.299715 0.315307 0.318594 0.303479 0.273711 0.237473 0.203242 0.177165 0.161467 0.154293 0.150861 0.145922 0.136765 0.124343 0.111534 0.100808 0.0934133 0.0898401 0.0905407 0.0963437 0.108515 0.128566 0.157804 0.196532 0.243027 0.293239 0.342916 0.392576 0.450379 0.521705 0.575308 0.53828 0.427363 0.319212 0.240754 0.190196 0.161587 0.152289 0.164354 0.204727 0.28613 0.428352 0.649926 0.78189 0.549509 0.355718 0.23542 0.165897 0.129909 0.116473 0.118326 0.129425 0.142992 0.151364 0.149028 0.136458 0.119547 0.105175 0.0981787 0.101193 0.115526 0.141596 0.178596 0.223969 0.273915 0.32492 0.372259 0.403608 0.402567 0.371921 0.335948 0.315689 0.320124 0.351496 0.409613 0.489649 0.567492 0.587743 0.532969 0.462716 0.422943 0.427703 0.477532 0.556963 0.607115 0.55696 0.448798 0.35122 0.285853 0.254962 0.257605 0.29051 0.33965 0.368034 0.337589 0.263967 0.187547 0.127188 0.0845767 0.0559877 0.0372676 0.0251411 0.0173018 0.0122053 0.00884496 0.00657659 0.00499491 0.00384958 0.00298888 0.00232238 0.00179625 0.00137767 0.00104518 
0.00629946 0.00953586 0.0142576 0.0209947 0.03034 0.042853 0.0588971 0.0784652 0.101167 0.126677 0.155839 0.192148 0.242593 0.316274 0.417295 0.523237 0.565204 0.519316 0.451448 0.398867 0.360549 0.323862 0.278304 0.224103 0.170018 0.12406 0.0893228 0.0653111 0.0501324 0.0417606 0.038477 0.0388756 0.0417004 0.0456836 0.0495305 0.0521416 0.0529926 0.0523953 0.0513885 0.0513081 0.0532936 0.0579109 0.064899 0.0730635 0.0805096 0.0854339 0.087224 0.0869743 0.0868123 0.0885121 0.0923321 0.0966536 0.0987183 0.0963846 0.0897647 0.0812473 0.0740665 0.0709726 0.0737992 0.0835159 0.100065 0.121589 0.143337 0.157847 0.158519 0.144724 0.122153 0.0980294 0.077373 0.0625931 0.0545709 0.0537108 0.0605856 0.0762354 0.102212 0.140487 0.193566 0.265611 0.365165 0.507591 0.709862 0.957702 1.12797 1.13166 1.10331 1.09955 0.927975 0.663667 0.467161 0.339454 0.258596 0.206432 0.170684 0.144155 0.12343 0.107364 0.0957749 0.0885911 0.085419 0.0853826 0.0871578 0.0891761 0.0899773 0.0886244 0.0849942 0.0797632 0.0741173 0.0694006 0.0668832 0.0676605 0.0726202 0.0824335 0.0975464 0.118085 0.143455 0.17145 0.197386 0.215217 0.221597 0.218538 0.210417 0.20004 0.189223 0.18156 0.183059 0.200711 0.241293 0.310623 0.411752 0.541367 0.682083 0.760255 0.659654 0.484863 0.343591 0.248102 0.187134 0.148511 0.123314 0.106057 0.0938639 0.0853984 0.079956 0.0769548 0.0758254 0.0761435 0.0778026 0.0810603 0.0863965 0.0942588 0.104857 0.118175 0.134293 0.153915 0.178669 0.210385 0.248443 0.285254 0.304536 0.292872 0.256626 0.215417 0.184733 0.172 0.180438 0.212042 0.267471 0.342064 0.419062 0.471717 0.487119 0.478019 0.463108 0.454278 0.457215 0.47526 0.509711 0.550489 0.561447 0.508426 0.421326 0.349318 0.313583 0.318942 0.368628 0.469093 0.616622 0.717153 0.628929 0.505058 0.438012 0.419504 0.410388 0.371575 0.30628 0.24535 0.208823 0.203587 0.231739 0.292158 0.371046 0.424304 0.406963 0.348536 0.300924 0.282332 0.287382 0.298688 0.297281 0.278705 0.255235 0.240175 0.237919 0.244256 0.250809 0.251933 0.249749 0.252146 0.268257 0.30742 0.37943 0.486904 0.588391 0.574495 0.470667 0.38633 0.353251 0.3686 0.419499 0.482905 0.525195 0.520139 0.473573 0.41418 0.366121 0.339704 0.335009 0.346023 0.362945 0.374356 0.371101 0.351167 0.319737 0.284005 0.249858 0.221182 0.199332 0.183291 0.171332 0.163287 0.161538 0.169922 0.191267 0.224149 0.259258 0.280089 0.275827 0.253884 0.23028 0.214819 0.208347 0.206091 0.201997 0.19323 0.182477 0.176205 0.181311 0.202901 0.242723 0.296665 0.352917 0.397199 0.422102 0.423295 0.396515 0.351943 0.311391 0.290142 0.29219 0.314383 0.351393 0.40048 0.462225 0.531761 0.5861 0.593279 0.545297 0.46005 0.363211 0.275071 0.204155 0.150619 0.1115 0.0834988 0.0638336 0.0503155 0.0412343 0.0352555 0.0313659 0.0288554 0.0273109 0.0266003 0.0268332 0.0282973 0.031381 0.03649 0.0439693 0.0540578 0.0669509 0.0830859 0.103734 0.131848 0.173008 0.236298 0.334652 0.481065 0.658682 0.726945 0.64711 0.59354 0.605327 0.637685 0.622932 0.556851 0.471427 0.382671 0.302993 0.241017 0.197535 0.168904 0.151319 0.142694 0.142468 0.150531 0.166129 0.18696 0.208595 0.224812 0.229574 0.219991 0.197974 0.169004 0.139221 0.113186 0.0933282 0.0804629 0.0745298 0.0751376 0.0818402 0.0941764 0.111528 0.132873 0.156544 0.180104 0.200345 0.213421 0.215541 0.204803 0.183169 0.15603 0.129413 0.1077 0.0932213 0.0869318 0.0891631 0.100069 0.119727 0.148002 0.184314 0.227607 0.276855 0.332301 0.396994 0.477385 0.581294 0.712096 0.862547 1.02061 1.16982 1.17117 0.986343 0.802324 0.633354 0.48314 0.373234 0.310074 0.286774 0.29131 0.309808 0.327961 0.332651 0.315826 0.280534 0.239702 0.206047 0.185254 0.175823 0.17157 0.165381 0.153574 0.137531 0.121087 0.107273 0.0973799 0.0917142 0.0905534 0.0946432 0.105282 0.12421 0.153353 0.194233 0.246672 0.306668 0.365348 0.414576 0.457523 0.501752 0.528387 0.494132 0.409231 0.323519 0.258829 0.214415 0.185762 0.172297 0.178148 0.211155 0.282708 0.406448 0.578731 0.656272 0.501065 0.33637 0.225265 0.157949 0.120602 0.103048 0.0981501 0.100382 0.10485 0.107314 0.105284 0.0991513 0.0919052 0.087589 0.089989 0.102279 0.127148 0.166597 0.220895 0.287183 0.360332 0.437997 0.520216 0.585411 0.574439 0.486649 0.393297 0.332002 0.307638 0.315763 0.350057 0.400443 0.446305 0.45876 0.430659 0.38872 0.360578 0.358037 0.380031 0.412508 0.427176 0.401511 0.346783 0.290721 0.25134 0.236427 0.24934 0.289429 0.344099 0.376143 0.346227 0.271206 0.193314 0.131836 0.0883842 0.0591512 0.0399395 0.0274435 0.0193255 0.0140094 0.0104601 0.00801343 0.00625391 0.00492945 0.00389238 0.00305868 0.00238072 0.00182998 0.00138695 
0.00686106 0.010456 0.0157546 0.0234024 0.0341446 0.0487067 0.0675514 0.0905237 0.116549 0.143809 0.170893 0.198696 0.231359 0.274044 0.32644 0.374061 0.391276 0.37055 0.332447 0.296002 0.265331 0.236014 0.20325 0.16679 0.130579 0.0990284 0.0745511 0.0575298 0.0472484 0.0426618 0.0427468 0.0465195 0.0528545 0.0602626 0.066869 0.0708399 0.0711919 0.0683915 0.0641441 0.0605368 0.0592102 0.0609348 0.0655088 0.0718426 0.0783069 0.0834828 0.0870891 0.0903896 0.0955765 0.104394 0.116631 0.129121 0.136398 0.133986 0.122149 0.10569 0.09025 0.0796029 0.0753927 0.077837 0.0861295 0.0982438 0.110563 0.118341 0.117777 0.108468 0.0935573 0.0774239 0.0635409 0.053928 0.0496282 0.0513683 0.0600388 0.0769305 0.103739 0.142414 0.195186 0.265662 0.361786 0.499124 0.698066 0.954175 1.10499 1.0224 0.917283 0.826357 0.693969 0.530599 0.390835 0.291529 0.226175 0.18397 0.155804 0.135431 0.119332 0.10615 0.0958979 0.0891056 0.0861156 0.0866288 0.0895233 0.0929513 0.0947973 0.0934657 0.0885961 0.0811545 0.0728542 0.0654435 0.0603169 0.0584766 0.060649 0.0674076 0.0792208 0.0963411 0.118411 0.143773 0.169027 0.190024 0.204449 0.212992 0.216886 0.215696 0.209681 0.203633 0.206519 0.228315 0.278315 0.364382 0.488425 0.632817 0.748147 0.767368 0.652545 0.484345 0.34369 0.245998 0.182727 0.142665 0.117136 0.100567 0.0898052 0.0831635 0.0795992 0.0782406 0.0782962 0.0792221 0.0809325 0.0838415 0.0886667 0.0961227 0.106744 0.121031 0.139955 0.165648 0.201867 0.253455 0.323154 0.401823 0.452066 0.428703 0.351214 0.271079 0.212616 0.179969 0.171336 0.18413 0.215283 0.259415 0.30721 0.347865 0.376052 0.394651 0.408761 0.419416 0.424761 0.426167 0.427583 0.426858 0.412552 0.376841 0.330094 0.291719 0.274855 0.284643 0.322338 0.385704 0.459148 0.499636 0.476817 0.430742 0.407393 0.412091 0.415009 0.379797 0.312735 0.247846 0.205595 0.191309 0.204096 0.239069 0.28338 0.314016 0.31471 0.298411 0.292398 0.313749 0.361992 0.412354 0.421191 0.380974 0.332211 0.304966 0.304166 0.318678 0.328521 0.319343 0.296434 0.276172 0.27136 0.288946 0.331667 0.392777 0.441878 0.436205 0.385804 0.340073 0.326936 0.35099 0.403983 0.466399 0.50988 0.512584 0.477312 0.426006 0.379604 0.348894 0.336709 0.341419 0.357717 0.376445 0.387047 0.38256 0.361235 0.325437 0.282211 0.240684 0.206762 0.181532 0.163556 0.151818 0.147091 0.151236 0.165273 0.187157 0.210239 0.224949 0.225484 0.215083 0.202136 0.192897 0.188623 0.186695 0.183445 0.177361 0.170861 0.169475 0.179685 0.206944 0.253395 0.313521 0.369567 0.399351 0.397785 0.37532 0.340991 0.303875 0.275719 0.265387 0.275718 0.304892 0.349675 0.409014 0.48452 0.573169 0.655245 0.696579 0.667908 0.56664 0.436159 0.319415 0.229835 0.165103 0.119373 0.0874069 0.0652773 0.0501424 0.0399327 0.0331293 0.0286355 0.0257057 0.0238991 0.0230377 0.0231567 0.0244474 0.0271963 0.0317263 0.0383483 0.0473492 0.0590704 0.0741512 0.0939928 0.121428 0.161504 0.222188 0.314124 0.445286 0.593593 0.659676 0.625642 0.618063 0.687612 0.779699 0.730799 0.585123 0.454254 0.35124 0.271738 0.213183 0.172657 0.146444 0.131232 0.124859 0.126209 0.134599 0.149025 0.167461 0.186415 0.201159 0.207042 0.201482 0.18529 0.162197 0.136998 0.113797 0.0952534 0.0826835 0.0765065 0.0766814 0.0829744 0.0950022 0.112053 0.132762 0.154825 0.175063 0.189995 0.196742 0.1938 0.181514 0.162208 0.139613 0.117692 0.0996036 0.0873423 0.0819623 0.0839766 0.0936657 0.111195 0.136554 0.169432 0.209233 0.255559 0.309262 0.373629 0.454667 0.559651 0.693829 0.857854 1.05772 1.33791 1.43658 1.12255 0.922585 0.727043 0.538488 0.401315 0.323245 0.294471 0.302964 0.337028 0.382105 0.414613 0.406661 0.356046 0.291693 0.239103 0.206522 0.19075 0.183255 0.17499 0.161215 0.143158 0.124878 0.109529 0.0983481 0.0915456 0.0893488 0.0925435 0.102608 0.121726 0.152772 0.19898 0.262352 0.339016 0.411791 0.454952 0.465286 0.463397 0.453537 0.422158 0.372365 0.323312 0.284087 0.251379 0.221817 0.199083 0.19136 0.20683 0.251615 0.325646 0.406542 0.430836 0.366062 0.271275 0.192767 0.139418 0.107059 0.0896611 0.0820004 0.0798655 0.0798841 0.0796081 0.0778961 0.0752207 0.0735091 0.0755933 0.0847304 0.104452 0.138536 0.190505 0.261942 0.349783 0.446916 0.553474 0.687786 0.849826 0.83773 0.625128 0.453967 0.350733 0.300235 0.287517 0.300109 0.325271 0.347685 0.353 0.338235 0.314447 0.295568 0.289218 0.294994 0.305044 0.306973 0.292431 0.264822 0.235438 0.21498 0.210507 0.225787 0.259944 0.301607 0.323511 0.300655 0.243115 0.179559 0.126516 0.0873851 0.0601893 0.0418654 0.0297127 0.0216848 0.0163307 0.012664 0.0100405 0.00805952 0.00648606 0.00519134 0.00410902 0.00320514 0.00245948 0.00185566 
0.00737958 0.0113363 0.0172503 0.0259359 0.0383986 0.0557247 0.0787757 0.107571 0.140379 0.17308 0.20027 0.219007 0.231979 0.245063 0.260685 0.273619 0.274684 0.2607 0.237724 0.213364 0.190666 0.168665 0.145623 0.121455 0.0979472 0.0774098 0.0614671 0.0507668 0.0452813 0.0446867 0.0485656 0.0563667 0.0671294 0.079086 0.0895 0.0953215 0.0947558 0.0885457 0.0795445 0.0710152 0.0652589 0.0632198 0.064681 0.0686294 0.0737367 0.0790367 0.0846475 0.092077 0.103735 0.121643 0.145456 0.170171 0.185832 0.183385 0.163479 0.135703 0.109685 0.0903625 0.078831 0.0743248 0.0753062 0.079686 0.0847783 0.0876531 0.0861612 0.0799951 0.0707337 0.0608083 0.0524057 0.0470401 0.0457105 0.049265 0.0587113 0.0753653 0.100802 0.136655 0.184565 0.246985 0.329359 0.441781 0.593559 0.764985 0.852219 0.796008 0.698343 0.603611 0.503892 0.400859 0.310695 0.243179 0.197768 0.169072 0.150806 0.137581 0.125865 0.114445 0.104092 0.0964728 0.0929601 0.093867 0.0981206 0.103309 0.106302 0.104573 0.0975533 0.0868083 0.0749217 0.0642282 0.0562727 0.0519064 0.051591 0.0556429 0.064332 0.0778026 0.0957962 0.117266 0.140264 0.162641 0.183217 0.201687 0.216521 0.224152 0.223135 0.219181 0.223765 0.249283 0.30736 0.409409 0.562149 0.738928 0.8233 0.749076 0.601734 0.447525 0.321534 0.231742 0.172199 0.134146 0.110291 0.095661 0.0872117 0.0830995 0.0820034 0.0827324 0.0841967 0.0856609 0.0870407 0.0889606 0.0924817 0.0987051 0.108586 0.123174 0.14428 0.175369 0.222434 0.294578 0.403282 0.553406 0.686637 0.627585 0.462048 0.326977 0.238085 0.186465 0.162981 0.160935 0.175185 0.200862 0.232819 0.266668 0.300626 0.335171 0.368793 0.39353 0.399313 0.386376 0.36488 0.341784 0.31665 0.288206 0.2603 0.240302 0.234138 0.24409 0.269138 0.304687 0.340139 0.359895 0.357649 0.347415 0.347355 0.359171 0.363042 0.335997 0.282957 0.228521 0.189736 0.171803 0.173593 0.190342 0.213618 0.233113 0.244222 0.255082 0.282972 0.345779 0.453926 0.581799 0.608773 0.50789 0.412554 0.369839 0.37648 0.411295 0.434636 0.413055 0.361308 0.313037 0.28421 0.277095 0.288655 0.310592 0.326948 0.322958 0.303228 0.28838 0.295733 0.3318 0.392545 0.462443 0.515889 0.530448 0.505476 0.460393 0.414972 0.379322 0.357681 0.352654 0.364317 0.388239 0.416032 0.436296 0.433622 0.397038 0.336273 0.27296 0.220795 0.182713 0.156663 0.140178 0.132148 0.132485 0.140778 0.154902 0.170447 0.182 0.186259 0.184206 0.179737 0.17637 0.175146 0.174633 0.172557 0.168139 0.16362 0.163961 0.17525 0.20282 0.248684 0.306627 0.356841 0.374836 0.357813 0.323675 0.287548 0.257711 0.240328 0.239877 0.257955 0.293363 0.343672 0.407722 0.486953 0.582346 0.687793 0.78282 0.802261 0.678362 0.503181 0.357455 0.252014 0.17846 0.127519 0.0922819 0.0679958 0.0513832 0.0401287 0.03257 0.0275259 0.0241975 0.0221019 0.0210151 0.0209159 0.0219305 0.0242815 0.0282442 0.0341183 0.0422292 0.0529907 0.067069 0.0856761 0.110979 0.14653 0.19737 0.268711 0.360211 0.452625 0.507802 0.527763 0.570781 0.680616 0.815215 0.746083 0.561065 0.414853 0.311782 0.238975 0.187934 0.15332 0.131243 0.118858 0.114315 0.116516 0.124667 0.137738 0.153982 0.17065 0.184182 0.191032 0.188901 0.177715 0.159657 0.138275 0.117263 0.099571 0.0870789 0.0807467 0.0809561 0.0877874 0.10107 0.120143 0.143389 0.167809 0.189186 0.203206 0.207094 0.200473 0.185024 0.163727 0.140174 0.117863 0.0995535 0.087002 0.0811028 0.0822179 0.0904699 0.105896 0.128464 0.158035 0.19444 0.237877 0.289653 0.352797 0.431822 0.531343 0.653919 0.798182 0.961301 1.12976 1.1691 1.04121 0.901148 0.72342 0.537217 0.400287 0.323728 0.299957 0.320685 0.380198 0.470256 0.557957 0.562109 0.465077 0.352533 0.269759 0.220266 0.194991 0.182159 0.171301 0.15685 0.139161 0.121518 0.106651 0.0956985 0.0889192 0.0866318 0.0897308 0.0998658 0.119575 0.152498 0.203385 0.276706 0.370438 0.460387 0.497091 0.471337 0.428556 0.393977 0.367405 0.348028 0.338144 0.331896 0.314141 0.278418 0.237351 0.208132 0.200326 0.215499 0.24743 0.278704 0.283868 0.252724 0.202339 0.153789 0.116646 0.0918476 0.0769994 0.0690427 0.0651977 0.0632778 0.0618782 0.0605467 0.0598631 0.0613593 0.0673505 0.080837 0.10554 0.145888 0.206418 0.289694 0.392489 0.505217 0.62643 0.78429 1.03326 1.03258 0.69499 0.482308 0.357566 0.291945 0.265553 0.263301 0.272084 0.280183 0.279491 0.268675 0.252823 0.238832 0.231032 0.229547 0.230683 0.228992 0.220884 0.207322 0.193032 0.183718 0.184045 0.196491 0.219496 0.244412 0.255361 0.239913 0.202278 0.157335 0.116531 0.0842381 0.0605443 0.0439275 0.0325782 0.0248965 0.0196292 0.0158724 0.0130245 0.0107216 0.00876824 0.00707576 0.00561167 0.00436575 0.00333047 0.00249268 
0.00783174 0.012137 0.018682 0.02851 0.043026 0.0639744 0.0931792 0.131708 0.177944 0.224618 0.258219 0.267738 0.256824 0.23921 0.224423 0.213161 0.201564 0.186933 0.169894 0.15251 0.135922 0.119932 0.103978 0.0881171 0.0732307 0.0605636 0.0511849 0.0457622 0.0446256 0.047927 0.0557244 0.0678734 0.0836278 0.100962 0.116071 0.124168 0.122211 0.111395 0.0963276 0.0818847 0.0711038 0.0650002 0.0632231 0.0647449 0.0684562 0.073762 0.0811313 0.0923469 0.110186 0.137301 0.173846 0.213405 0.240169 0.23769 0.207303 0.166235 0.129128 0.101573 0.0835896 0.0732794 0.0684627 0.0670534 0.0670319 0.0665573 0.0643695 0.0601941 0.0547379 0.0492365 0.0449308 0.0428119 0.0436679 0.0482782 0.0575919 0.0727854 0.0951521 0.125869 0.165876 0.216314 0.27958 0.359197 0.454143 0.544565 0.586959 0.562062 0.501196 0.432471 0.36377 0.298872 0.243891 0.203435 0.178013 0.164707 0.158526 0.153798 0.146159 0.134569 0.121428 0.110506 0.104717 0.105042 0.110301 0.117268 0.121457 0.119103 0.109391 0.0947304 0.0788208 0.0646622 0.0539138 0.0472143 0.0447022 0.046376 0.0522426 0.0622885 0.0763294 0.0938457 0.114013 0.136058 0.159527 0.183531 0.205003 0.218797 0.222606 0.222263 0.229875 0.258391 0.320084 0.428468 0.597824 0.816914 0.894335 0.726188 0.545616 0.399522 0.289248 0.21112 0.158654 0.12491 0.104149 0.0922961 0.0866689 0.0854274 0.0870368 0.0899738 0.0927998 0.0945484 0.0951444 0.0954786 0.0970345 0.101366 0.109864 0.124033 0.146216 0.180575 0.234184 0.318476 0.451728 0.663459 0.991398 0.809151 0.532666 0.358665 0.251203 0.18773 0.154358 0.142287 0.145628 0.160145 0.182785 0.211884 0.247272 0.288775 0.331943 0.363829 0.369253 0.348022 0.314807 0.281886 0.25317 0.228965 0.210311 0.199446 0.198149 0.206422 0.222236 0.241695 0.259337 0.270004 0.273151 0.274542 0.280449 0.289397 0.290084 0.27136 0.235959 0.197499 0.167558 0.150955 0.147541 0.154319 0.166787 0.180975 0.196949 0.221668 0.268918 0.358035 0.512999 0.743259 0.803482 0.597623 0.461216 0.411585 0.431279 0.494258 0.540737 0.506515 0.425035 0.353058 0.305267 0.277671 0.264194 0.259003 0.255425 0.248933 0.242376 0.245329 0.268079 0.317034 0.392048 0.482212 0.560968 0.594397 0.57485 0.529624 0.482444 0.438742 0.401534 0.379776 0.381657 0.409528 0.460091 0.520041 0.551267 0.508928 0.413275 0.316064 0.240121 0.186959 0.151904 0.130298 0.119091 0.116543 0.121218 0.131043 0.142982 0.153681 0.160892 0.164527 0.166305 0.168215 0.170914 0.173145 0.172713 0.168702 0.163247 0.161311 0.168815 0.190469 0.227319 0.272913 0.310315 0.320556 0.30208 0.270271 0.23964 0.218087 0.210034 0.218328 0.244116 0.286322 0.341769 0.406954 0.481511 0.570082 0.679358 0.805239 0.865387 0.727735 0.531621 0.376149 0.265686 0.188729 0.135107 0.0977053 0.0717133 0.0537998 0.0415786 0.0333119 0.0277497 0.0240352 0.0216369 0.0202873 0.0199237 0.0206335 0.0226071 0.0261041 0.0314327 0.0389498 0.0490881 0.0624238 0.0797911 0.102439 0.132164 0.171137 0.220731 0.278454 0.334669 0.378302 0.414896 0.46847 0.55303 0.625163 0.584492 0.463484 0.350246 0.26609 0.20689 0.166145 0.138955 0.121934 0.112837 0.110302 0.113532 0.121894 0.134496 0.149826 0.165606 0.178979 0.187051 0.187639 0.179967 0.165067 0.145638 0.125256 0.1073 0.0942348 0.0875286 0.0879698 0.0959919 0.111737 0.134735 0.163229 0.193511 0.220059 0.237194 0.241482 0.232749 0.213233 0.186611 0.157411 0.130067 0.107869 0.0925975 0.0848347 0.0845042 0.0912938 0.104893 0.125086 0.151781 0.185111 0.225706 0.275063 0.335535 0.409349 0.496802 0.594892 0.697341 0.794629 0.867535 0.880426 0.829794 0.741234 0.613199 0.474064 0.366562 0.306637 0.294445 0.328597 0.412253 0.554238 0.746394 0.783066 0.574963 0.398397 0.286258 0.221803 0.187685 0.169502 0.156419 0.142567 0.127151 0.11209 0.0993361 0.0898794 0.0841205 0.0825468 0.0861469 0.0965909 0.116405 0.149255 0.200072 0.273794 0.368958 0.459741 0.489147 0.446623 0.388016 0.34766 0.332077 0.341808 0.374791 0.413071 0.414759 0.36059 0.287023 0.22926 0.197421 0.188373 0.193371 0.200185 0.196707 0.178167 0.149772 0.120296 0.0956313 0.0776785 0.0658766 0.0586889 0.0544629 0.0518719 0.0501542 0.049236 0.0497661 0.0530911 0.0612421 0.0769914 0.103967 0.146626 0.209601 0.295531 0.401099 0.515456 0.630151 0.749456 0.855116 0.817339 0.631922 0.460741 0.345424 0.278715 0.246845 0.236587 0.236033 0.235649 0.230107 0.219068 0.205671 0.193789 0.185882 0.182175 0.180926 0.17951 0.175997 0.170326 0.164333 0.160865 0.16266 0.171143 0.184933 0.198553 0.203509 0.19354 0.169776 0.139126 0.108661 0.0825596 0.0622238 0.0473667 0.0369436 0.0297241 0.0245987 0.0207164 0.017517 0.0146954 0.0121303 0.00980595 0.00774795 0.00598287 0.0045193 0.00334453 
0.00818308 0.0127872 0.019908 0.0308522 0.0475313 0.072639 0.109689 0.162413 0.232077 0.30974 0.365155 0.363053 0.314056 0.256813 0.211488 0.179811 0.157216 0.139332 0.123849 0.109992 0.0974421 0.0858325 0.0748688 0.0646092 0.0555377 0.0483904 0.043918 0.0427504 0.0453884 0.0522555 0.0637123 0.0799116 0.100314 0.122738 0.142384 0.152581 0.148822 0.132904 0.111533 0.0912969 0.0758456 0.0661241 0.061557 0.0610236 0.063517 0.0686604 0.0771279 0.0908591 0.112872 0.146336 0.192073 0.243178 0.279352 0.277138 0.238551 0.187902 0.143452 0.11066 0.0884658 0.0741531 0.0652256 0.0597586 0.056261 0.0535702 0.0509193 0.0480526 0.0452014 0.0428832 0.0416652 0.0420456 0.044498 0.049606 0.0581717 0.0712003 0.089725 0.114534 0.145989 0.18417 0.229223 0.280812 0.335053 0.380212 0.39958 0.386629 0.351543 0.30807 0.264481 0.225498 0.195004 0.175868 0.168951 0.172418 0.181178 0.187304 0.183525 0.16865 0.148403 0.130389 0.119634 0.117598 0.122672 0.130627 0.135553 0.132402 0.120092 0.101856 0.0824223 0.0653333 0.0522866 0.0436956 0.0393995 0.0391122 0.0426086 0.0497402 0.0603698 0.074314 0.0913784 0.11145 0.134324 0.158845 0.181723 0.198205 0.20636 0.211248 0.223273 0.253541 0.312051 0.408356 0.548521 0.707228 0.749529 0.621031 0.468874 0.345723 0.254128 0.189215 0.145268 0.116982 0.100068 0.0914049 0.0887903 0.0904838 0.0947686 0.0997652 0.103654 0.105245 0.104529 0.102737 0.101825 0.103803 0.110432 0.123478 0.145379 0.180053 0.233653 0.315208 0.436587 0.605798 0.766199 0.692598 0.500306 0.348215 0.245851 0.181442 0.144339 0.126852 0.123681 0.13132 0.147744 0.172268 0.205042 0.245241 0.287359 0.318215 0.323418 0.302637 0.269614 0.237006 0.21012 0.189957 0.176611 0.170309 0.170939 0.177405 0.187524 0.198457 0.207479 0.213054 0.215889 0.218588 0.223034 0.227299 0.225585 0.213011 0.191002 0.166363 0.145922 0.133309 0.128985 0.131467 0.138706 0.149679 0.166189 0.19423 0.244376 0.33127 0.469666 0.643383 0.686103 0.553565 0.446308 0.410061 0.439484 0.513139 0.569637 0.538043 0.456316 0.384032 0.331694 0.291886 0.259725 0.234587 0.216327 0.204832 0.202237 0.213777 0.24653 0.307791 0.403363 0.532361 0.668408 0.734439 0.69829 0.637827 0.588847 0.534527 0.470597 0.42088 0.406028 0.434103 0.507013 0.616273 0.701567 0.644015 0.494791 0.358811 0.259535 0.192404 0.149121 0.122846 0.108924 0.104377 0.107062 0.114909 0.125569 0.136621 0.146252 0.153951 0.1606 0.167586 0.175246 0.181718 0.183621 0.178959 0.169873 0.162129 0.162036 0.173684 0.197095 0.226418 0.249753 0.255474 0.242445 0.220037 0.198894 0.186164 0.186283 0.202274 0.235765 0.285874 0.34775 0.413426 0.478228 0.547273 0.630071 0.719588 0.752306 0.657594 0.507006 0.373705 0.271932 0.197229 0.143097 0.104254 0.0767314 0.0575207 0.0443083 0.0353212 0.0292395 0.0251355 0.0224188 0.0207784 0.0201222 0.0205196 0.0221556 0.0252988 0.0302835 0.0374999 0.0473815 0.0603793 0.0769174 0.097351 0.121954 0.150875 0.183761 0.218885 0.2529 0.283717 0.315143 0.354872 0.401524 0.430223 0.408902 0.346381 0.277045 0.219741 0.177666 0.148554 0.129432 0.117942 0.112575 0.112548 0.117527 0.127209 0.140901 0.157191 0.17388 0.188263 0.197647 0.19986 0.193715 0.17959 0.159834 0.138247 0.118755 0.104356 0.0969219 0.0975824 0.107136 0.126129 0.15443 0.190308 0.229443 0.26497 0.289631 0.298772 0.291119 0.267719 0.2324 0.192157 0.154515 0.124515 0.104139 0.0933605 0.0912799 0.0968188 0.109059 0.127402 0.151646 0.182052 0.21945 0.265279 0.321094 0.386974 0.459326 0.53052 0.592155 0.637933 0.661479 0.655746 0.620362 0.558905 0.474881 0.385307 0.314006 0.275243 0.27429 0.314524 0.402815 0.55222 0.76459 0.811469 0.57889 0.393647 0.277099 0.208845 0.170987 0.149898 0.135902 0.123524 0.111147 0.0994276 0.0895118 0.0822041 0.0780429 0.0776715 0.0820977 0.0928069 0.111864 0.142064 0.18685 0.248829 0.32412 0.390719 0.410709 0.378619 0.332617 0.303528 0.303835 0.340126 0.415955 0.511962 0.541435 0.450537 0.333742 0.248249 0.197914 0.173244 0.163256 0.157891 0.149603 0.135293 0.116491 0.0969214 0.0797437 0.0664235 0.0569865 0.0506854 0.0465695 0.0438627 0.042185 0.0416584 0.042939 0.0472263 0.0563043 0.0726391 0.0994835 0.140804 0.200616 0.281109 0.379491 0.486036 0.586967 0.666213 0.697138 0.648004 0.534179 0.413341 0.320113 0.260481 0.228487 0.21461 0.208952 0.203616 0.194756 0.182702 0.170034 0.159401 0.152335 0.14898 0.148349 0.14887 0.149114 0.148425 0.147217 0.146828 0.148963 0.154745 0.163555 0.17226 0.1759 0.170272 0.154684 0.13226 0.107789 0.085322 0.0670617 0.0534696 0.0438923 0.0371983 0.0322404 0.0281268 0.0243244 0.0206286 0.0170554 0.0137189 0.0107391 0.00819398 0.00610711 0.00445671 
0.00839476 0.0131961 0.0207254 0.0325208 0.0509758 0.0797845 0.124531 0.193183 0.295071 0.431315 0.550425 0.524446 0.399143 0.287333 0.210718 0.16164 0.130093 0.108763 0.0932248 0.0810832 0.0710694 0.0624777 0.0549635 0.0485153 0.0434237 0.0401874 0.0393953 0.0416409 0.0474832 0.0574331 0.0719168 0.0911246 0.114537 0.13988 0.161843 0.172656 0.166932 0.147013 0.121107 0.096884 0.0782887 0.0661402 0.0596814 0.0577121 0.05926 0.0640239 0.0726943 0.0871097 0.110087 0.144565 0.19117 0.24293 0.279776 0.278673 0.241543 0.192141 0.148341 0.115403 0.0921712 0.0759774 0.0645748 0.0564735 0.0507184 0.0466541 0.0438411 0.0420603 0.0412865 0.0415892 0.0430237 0.0456035 0.0494015 0.0547258 0.0622389 0.0728936 0.0876648 0.107184 0.131466 0.159874 0.191238 0.223653 0.253549 0.275015 0.281856 0.272284 0.250636 0.223769 0.19745 0.175854 0.162315 0.159575 0.169296 0.190731 0.21819 0.239068 0.23919 0.216415 0.183256 0.153774 0.135245 0.128824 0.131876 0.139097 0.143554 0.139416 0.125405 0.105115 0.0837263 0.064996 0.050598 0.0407988 0.0352526 0.0334921 0.0351389 0.0399496 0.0477947 0.0586325 0.0725029 0.0894706 0.10933 0.130946 0.151696 0.168323 0.179879 0.190213 0.206801 0.237406 0.287923 0.361075 0.451532 0.531362 0.545225 0.478102 0.380604 0.291173 0.220916 0.169786 0.134693 0.112173 0.0993009 0.0938852 0.0942545 0.0988172 0.105657 0.112454 0.116941 0.117743 0.11505 0.110572 0.106792 0.106138 0.110622 0.12205 0.142557 0.175097 0.223541 0.291912 0.381307 0.47988 0.542421 0.511389 0.412201 0.308111 0.225991 0.168909 0.133034 0.113689 0.107012 0.110314 0.122085 0.141779 0.169157 0.202692 0.237069 0.262057 0.26767 0.253493 0.228751 0.203126 0.181733 0.16617 0.15667 0.153046 0.154638 0.160032 0.167126 0.173675 0.178068 0.17993 0.180204 0.180418 0.181281 0.181538 0.178387 0.169725 0.156324 0.141553 0.12915 0.121367 0.118591 0.12001 0.12473 0.132932 0.146799 0.170937 0.212033 0.276894 0.365452 0.451865 0.476799 0.43204 0.382019 0.367941 0.397275 0.455149 0.499528 0.490193 0.445961 0.401285 0.360754 0.316655 0.269797 0.228064 0.197275 0.179568 0.17638 0.190813 0.228506 0.298139 0.412463 0.588869 0.834196 0.975548 0.847028 0.757256 0.724025 0.662953 0.555022 0.464898 0.427459 0.448799 0.528533 0.65714 0.766534 0.70518 0.536465 0.384059 0.27221 0.196144 0.14706 0.117324 0.101398 0.0955487 0.0971798 0.104177 0.114501 0.126164 0.1376 0.148258 0.158869 0.170756 0.184051 0.195881 0.200778 0.194896 0.180565 0.16519 0.156109 0.157172 0.167905 0.183592 0.196528 0.199943 0.1927 0.179582 0.167426 0.162212 0.168649 0.190541 0.230483 0.288143 0.357159 0.424406 0.479324 0.525879 0.573979 0.617323 0.623522 0.566867 0.469817 0.368438 0.280148 0.209035 0.154237 0.113398 0.0838323 0.0629731 0.0485697 0.0387666 0.0321246 0.0276064 0.0245407 0.0225673 0.0215732 0.0216285 0.0229337 0.0257856 0.0305576 0.0376803 0.0475959 0.0606565 0.0769513 0.0961141 0.117261 0.139211 0.160876 0.181486 0.200701 0.219192 0.239089 0.26203 0.284396 0.294942 0.283102 0.251707 0.213723 0.179702 0.153735 0.135866 0.124733 0.118969 0.117759 0.120931 0.128706 0.141218 0.157967 0.177388 0.196817 0.213005 0.223025 0.224883 0.217634 0.201721 0.179602 0.15543 0.133572 0.117359 0.108914 0.109647 0.120763 0.14334 0.1778 0.222708 0.273374 0.321769 0.359286 0.380091 0.379981 0.354432 0.305327 0.24579 0.190837 0.148665 0.12101 0.106462 0.10271 0.107496 0.118972 0.1359 0.157797 0.184915 0.218115 0.258612 0.307242 0.362671 0.419246 0.467504 0.499486 0.51324 0.510386 0.492268 0.45986 0.414337 0.359106 0.303389 0.2596 0.237424 0.242492 0.278507 0.348723 0.451903 0.557733 0.568374 0.459037 0.334798 0.242737 0.183768 0.148698 0.12817 0.114944 0.10455 0.0951282 0.0865526 0.0793823 0.0742575 0.0718065 0.0727722 0.0781051 0.0889578 0.106641 0.132573 0.168008 0.212762 0.26177 0.300913 0.312533 0.295687 0.270236 0.257445 0.271231 0.322007 0.41763 0.542762 0.589784 0.480714 0.347864 0.254285 0.198794 0.169038 0.153245 0.142339 0.130694 0.116335 0.100114 0.0840921 0.0700744 0.0589502 0.0507442 0.0449714 0.0410061 0.0383571 0.036836 0.0366381 0.0383709 0.043074 0.0522692 0.0680456 0.0931259 0.130763 0.184182 0.255224 0.342187 0.437641 0.526747 0.586386 0.593248 0.543164 0.457367 0.366454 0.291483 0.239638 0.208995 0.193165 0.184387 0.176264 0.165864 0.153749 0.142138 0.133073 0.127631 0.125886 0.127134 0.130171 0.133651 0.136512 0.13841 0.139958 0.142542 0.147573 0.155385 0.164266 0.170376 0.169186 0.15819 0.138875 0.11584 0.0939418 0.0761718 0.0633203 0.0546437 0.0486959 0.043996 0.0394653 0.0346024 0.0294079 0.0241647 0.0192161 0.0148263 0.011134 0.00816396 0.0058624 
0.00843982 0.0132882 0.0209437 0.0330598 0.0522927 0.0829315 0.131932 0.210593 0.337133 0.539526 0.833351 0.721875 0.466764 0.305856 0.207921 0.148405 0.111717 0.0883484 0.0726982 0.0615826 0.0532406 0.0467304 0.041615 0.0378148 0.0355244 0.0351371 0.0371691 0.042187 0.050733 0.0632387 0.079919 0.100619 0.124463 0.149036 0.169274 0.177994 0.170405 0.149076 0.122112 0.0970115 0.077606 0.0646633 0.0574224 0.0547148 0.0556081 0.0597919 0.067818 0.0811708 0.102023 0.132356 0.171807 0.213817 0.243042 0.243755 0.217071 0.179097 0.143492 0.115203 0.0938905 0.0777442 0.0652827 0.0557062 0.0486537 0.043926 0.0413638 0.0408297 0.0421826 0.0451995 0.0494919 0.054525 0.0598275 0.0653398 0.0716647 0.0799748 0.091559 0.107242 0.126934 0.149467 0.172708 0.193875 0.209897 0.217942 0.216383 0.20589 0.189486 0.171265 0.155091 0.144263 0.141835 0.150888 0.174262 0.212902 0.261315 0.300867 0.305099 0.269654 0.219005 0.175826 0.148556 0.136809 0.136369 0.140995 0.143495 0.138156 0.123683 0.103356 0.0820023 0.0631871 0.0485243 0.0382595 0.0320132 0.029262 0.0295612 0.0326124 0.0382633 0.0464856 0.0573374 0.0708583 0.086817 0.104337 0.121755 0.137353 0.151042 0.165537 0.185529 0.215443 0.25741 0.309588 0.363601 0.40181 0.403446 0.365052 0.305414 0.244989 0.194253 0.155922 0.129171 0.112134 0.103061 0.100651 0.103828 0.111214 0.120631 0.129116 0.133739 0.132932 0.127333 0.119415 0.112327 0.108867 0.111146 0.120814 0.139484 0.168927 0.210683 0.264694 0.326426 0.382522 0.409768 0.390224 0.332909 0.263684 0.201641 0.154165 0.121839 0.102699 0.0943666 0.0949172 0.103121 0.118298 0.13974 0.1656 0.191586 0.210981 0.217876 0.211716 0.197395 0.180916 0.166274 0.155378 0.149018 0.147371 0.149923 0.155264 0.161235 0.165609 0.166998 0.1654 0.161984 0.158229 0.154931 0.151681 0.147254 0.140763 0.132656 0.12464 0.118638 0.115721 0.115748 0.117848 0.121391 0.126898 0.136426 0.153285 0.181108 0.221767 0.271131 0.314184 0.331169 0.321157 0.306288 0.307644 0.332146 0.371605 0.405503 0.417823 0.414529 0.405967 0.385226 0.341555 0.283127 0.228075 0.187337 0.163934 0.158342 0.172116 0.209587 0.279098 0.394879 0.57962 0.858878 1.04534 0.879248 0.808521 0.821405 0.765735 0.611342 0.487722 0.433018 0.444618 0.513751 0.618598 0.694751 0.655607 0.525816 0.386755 0.275154 0.19613 0.144292 0.112689 0.0956119 0.0889921 0.0899947 0.0964684 0.10653 0.118446 0.130887 0.143453 0.156972 0.172828 0.190994 0.207663 0.215341 0.208335 0.189249 0.167228 0.150716 0.143602 0.145382 0.15242 0.159529 0.162276 0.159245 0.152541 0.146464 0.145969 0.155903 0.180701 0.223732 0.285257 0.358477 0.427661 0.478701 0.514388 0.545201 0.569186 0.570322 0.535377 0.46872 0.386459 0.304044 0.231233 0.172132 0.126966 0.0939741 0.0707086 0.0547377 0.0439539 0.036685 0.0317131 0.0282477 0.0258689 0.0244508 0.0240813 0.0249951 0.0275307 0.0321068 0.0391975 0.049267 0.0626163 0.0791177 0.0979076 0.117289 0.135168 0.149988 0.161474 0.170592 0.178976 0.188161 0.19839 0.207251 0.209954 0.2028 0.18694 0.167559 0.149853 0.13663 0.128451 0.124726 0.124693 0.128064 0.135234 0.147037 0.16411 0.186089 0.210933 0.234793 0.252975 0.261866 0.260198 0.248503 0.228333 0.202575 0.175442 0.151244 0.133263 0.123692 0.12422 0.136563 0.16253 0.203408 0.258491 0.323113 0.388185 0.444157 0.485804 0.505358 0.4823 0.40948 0.316973 0.235995 0.17776 0.141595 0.123319 0.118534 0.123402 0.134785 0.150493 0.169602 0.192385 0.219794 0.252845 0.291831 0.334801 0.375944 0.406631 0.420594 0.418002 0.403069 0.379586 0.349584 0.314394 0.276502 0.240845 0.213845 0.201206 0.206766 0.232441 0.277404 0.333921 0.379023 0.378623 0.327207 0.257351 0.19653 0.153035 0.125034 0.107772 0.0966756 0.0885182 0.0816396 0.0756022 0.0706565 0.0673485 0.066364 0.0684998 0.0746157 0.0855012 0.101678 0.12321 0.149494 0.178752 0.206865 0.226783 0.232061 0.223961 0.21277 0.211363 0.230555 0.278592 0.358056 0.448339 0.47918 0.41196 0.316812 0.244058 0.199973 0.176242 0.162352 0.14992 0.134747 0.116748 0.0980236 0.0808143 0.0664774 0.0553931 0.0472748 0.041537 0.0375837 0.0349972 0.0336413 0.033704 0.0357085 0.0405252 0.0494077 0.0640496 0.0866192 0.119663 0.165708 0.226356 0.300752 0.383303 0.460568 0.510469 0.513603 0.471095 0.402242 0.328665 0.265259 0.218569 0.188496 0.170821 0.159694 0.150105 0.139696 0.12883 0.119181 0.112303 0.109013 0.109374 0.112833 0.118347 0.124553 0.130122 0.134293 0.137392 0.140902 0.146857 0.156607 0.169351 0.181074 0.185295 0.176961 0.156961 0.131639 0.10789 0.0896656 0.0776986 0.0706174 0.066126 0.0619805 0.0567212 0.0499659 0.0421829 0.0341867 0.0267119 0.0202205 0.0148964 0.010722 0.00756549 
0.00832316 0.0130477 0.0204874 0.0322389 0.0508646 0.0804845 0.127707 0.202992 0.322138 0.503938 0.717467 0.648328 0.437392 0.287241 0.192215 0.133292 0.0966751 0.0735423 0.0585018 0.0483609 0.0412891 0.0362903 0.0328968 0.0310005 0.0307579 0.0325231 0.0367854 0.0440895 0.0549138 0.06949 0.0875913 0.108364 0.130216 0.150546 0.165276 0.169389 0.160019 0.139685 0.114933 0.0919111 0.0739261 0.0617384 0.0547425 0.0519221 0.0524295 0.0559236 0.0627508 0.0739378 0.0908803 0.114518 0.143749 0.173351 0.193707 0.196198 0.181176 0.157149 0.132509 0.111134 0.0934252 0.0786227 0.0661876 0.0560919 0.04857 0.0438524 0.0420652 0.0432254 0.0472062 0.0536131 0.0616266 0.0699961 0.0774129 0.083248 0.0881697 0.0940322 0.103026 0.116652 0.134981 0.156292 0.177182 0.193399 0.201419 0.199943 0.190227 0.175196 0.158282 0.142648 0.130963 0.125644 0.129309 0.145144 0.176781 0.22664 0.290254 0.345037 0.352642 0.306217 0.242256 0.189832 0.156976 0.14148 0.137763 0.139107 0.138798 0.131994 0.117668 0.0984763 0.0784017 0.060527 0.0463483 0.0361548 0.0296299 0.0262808 0.0256587 0.0274393 0.0314337 0.0375688 0.0458425 0.0562328 0.068542 0.0822376 0.0964969 0.110704 0.125278 0.142097 0.16385 0.192535 0.227902 0.266331 0.300402 0.320084 0.317316 0.292315 0.254031 0.213414 0.177815 0.150205 0.130745 0.118503 0.112596 0.112593 0.118183 0.128364 0.140656 0.151077 0.155542 0.15215 0.142367 0.129964 0.119007 0.112625 0.112851 0.121026 0.138193 0.16511 0.201651 0.24548 0.290346 0.325324 0.337749 0.321 0.280558 0.229861 0.181206 0.141418 0.112612 0.0943596 0.0853333 0.0841851 0.0898727 0.101599 0.118418 0.138593 0.159035 0.175607 0.184835 0.185896 0.180771 0.172542 0.163893 0.156796 0.15271 0.152536 0.15623 0.162434 0.168627 0.172045 0.171011 0.16571 0.157794 0.149255 0.141434 0.13467 0.128626 0.122995 0.118069 0.114722 0.11382 0.115506 0.11893 0.12271 0.125965 0.129179 0.13423 0.143618 0.159355 0.181612 0.207167 0.229075 0.240634 0.242321 0.24263 0.250917 0.27103 0.299612 0.328833 0.353589 0.375208 0.391693 0.387001 0.346864 0.284068 0.223135 0.177749 0.151214 0.143332 0.154486 0.187349 0.24762 0.343951 0.483905 0.650931 0.750106 0.73605 0.729064 0.755931 0.711954 0.579489 0.467253 0.415051 0.422851 0.480937 0.565828 0.626272 0.603959 0.501983 0.376916 0.269705 0.191589 0.139714 0.107898 0.090575 0.083634 0.0841882 0.0901096 0.0996434 0.111272 0.123907 0.137316 0.152327 0.170157 0.190488 0.20908 0.217789 0.210364 0.189459 0.164656 0.144645 0.133378 0.130659 0.133753 0.138799 0.142211 0.142057 0.138878 0.135573 0.136556 0.146771 0.170915 0.212571 0.272312 0.344355 0.415328 0.47321 0.5192 0.560122 0.593458 0.607127 0.58847 0.532813 0.449018 0.355821 0.269955 0.19967 0.146319 0.107856 0.0811696 0.0631775 0.0512424 0.0432929 0.0378333 0.0339051 0.0310148 0.0290336 0.0280878 0.0284651 0.0305557 0.0348232 0.0417792 0.0519127 0.0655143 0.0823582 0.101319 0.120228 0.136395 0.147824 0.154233 0.156987 0.158122 0.159276 0.160901 0.16196 0.160534 0.15534 0.147029 0.137921 0.130554 0.126505 0.126136 0.129021 0.134638 0.143015 0.155036 0.172147 0.195499 0.224772 0.257075 0.286603 0.306234 0.311296 0.302212 0.282667 0.256433 0.22687 0.197558 0.171944 0.152734 0.142005 0.141784 0.154485 0.182874 0.22939 0.29448 0.373897 0.457255 0.533873 0.603145 0.660106 0.650191 0.535554 0.393535 0.281272 0.206742 0.163153 0.142426 0.137858 0.143922 0.155895 0.170268 0.185575 0.202401 0.222222 0.246179 0.274316 0.304659 0.332362 0.350858 0.355666 0.347219 0.329322 0.305853 0.279319 0.251362 0.223832 0.199425 0.181402 0.172755 0.175478 0.189977 0.21405 0.241031 0.258774 0.254838 0.227876 0.189428 0.152427 0.123496 0.103554 0.0907205 0.0824315 0.0765476 0.071773 0.0676437 0.0643067 0.0622842 0.0623103 0.0652158 0.0717814 0.0825002 0.0972648 0.115116 0.134255 0.152329 0.166691 0.174734 0.175215 0.170278 0.165727 0.168881 0.186265 0.221823 0.273072 0.32311 0.340508 0.312652 0.265646 0.227395 0.206786 0.199289 0.194505 0.182907 0.161713 0.134957 0.10841 0.0857663 0.0682173 0.0554312 0.0464764 0.040358 0.036274 0.0337207 0.0325197 0.0328083 0.0350173 0.0398596 0.0483401 0.0617823 0.0818405 0.110428 0.149456 0.200214 0.262178 0.330959 0.395667 0.43902 0.446007 0.415809 0.36132 0.299229 0.242663 0.198533 0.168008 0.148405 0.135412 0.125164 0.115646 0.106813 0.0996768 0.0952956 0.0942797 0.0967072 0.102154 0.1097 0.117995 0.125566 0.131446 0.135874 0.140592 0.148316 0.161385 0.179747 0.198802 0.209256 0.2027 0.179974 0.150672 0.124583 0.106622 0.0971277 0.0936081 0.0922417 0.0893375 0.0827645 0.0725664 0.0603021 0.047832 0.036511 0.0270091 0.0194711 0.0137383 0.00951969 
0.00809631 0.0125515 0.0194709 0.030232 0.046974 0.0729635 0.112993 0.173409 0.260084 0.368154 0.451949 0.431875 0.334061 0.236198 0.163593 0.114618 0.0826416 0.0618924 0.0483275 0.0393521 0.033397 0.0295816 0.0274892 0.0270296 0.0283577 0.0318169 0.037882 0.0470673 0.0597579 0.0759319 0.0948235 0.114729 0.133203 0.147542 0.155086 0.153564 0.14238 0.123961 0.102911 0.0835493 0.0683451 0.0579489 0.0519253 0.0494533 0.0498011 0.0526162 0.0580631 0.0667736 0.079534 0.0966297 0.116866 0.136704 0.150739 0.15456 0.148035 0.134997 0.119807 0.104934 0.0910281 0.0781086 0.0664218 0.0565849 0.0493272 0.0452591 0.0448117 0.0482541 0.0556317 0.066533 0.0797275 0.09298 0.103597 0.109936 0.112874 0.115693 0.122364 0.135738 0.156419 0.182091 0.207251 0.224376 0.227528 0.216249 0.195417 0.171431 0.149175 0.131506 0.120037 0.116104 0.121487 0.138807 0.171321 0.221173 0.283772 0.337233 0.345347 0.301816 0.241115 0.191244 0.160059 0.145142 0.140616 0.139815 0.136822 0.128029 0.113122 0.0944958 0.0754176 0.0584278 0.0448054 0.0348225 0.0282088 0.0245124 0.0232977 0.0242242 0.0270606 0.0316693 0.0379717 0.0458945 0.0553022 0.0659612 0.077632 0.090353 0.104788 0.122281 0.144324 0.17153 0.202553 0.233524 0.258529 0.27144 0.268754 0.251762 0.226007 0.198273 0.173693 0.154659 0.141336 0.132966 0.129154 0.130386 0.137445 0.150057 0.165508 0.178355 0.182579 0.175618 0.160287 0.142358 0.127104 0.117888 0.116488 0.123843 0.140509 0.166566 0.200899 0.239991 0.276943 0.30221 0.307246 0.289495 0.254217 0.211066 0.168987 0.133517 0.106893 0.0892767 0.0799032 0.0777877 0.0820279 0.0918058 0.106164 0.123668 0.142175 0.159049 0.171913 0.179488 0.181817 0.179901 0.175353 0.170261 0.166938 0.167275 0.171873 0.179385 0.186605 0.189759 0.186539 0.177307 0.164437 0.150697 0.138091 0.127579 0.119394 0.113568 0.110331 0.110114 0.113148 0.118901 0.125837 0.131926 0.135826 0.137832 0.139677 0.143423 0.150383 0.160476 0.172014 0.182235 0.189106 0.1934 0.198707 0.208978 0.225965 0.248511 0.274066 0.301194 0.329178 0.351717 0.352317 0.318808 0.262801 0.20659 0.163584 0.137629 0.128729 0.136724 0.162747 0.209342 0.279087 0.36979 0.464377 0.52983 0.556807 0.574011 0.586182 0.556084 0.481428 0.410997 0.377271 0.388568 0.441725 0.520779 0.58404 0.571306 0.476653 0.357786 0.256037 0.181907 0.132565 0.102191 0.0855484 0.0787335 0.0789943 0.0843297 0.0931549 0.104173 0.116503 0.129958 0.145107 0.162631 0.181761 0.198468 0.205803 0.198734 0.179629 0.156665 0.137532 0.126078 0.122625 0.125261 0.130851 0.135929 0.137837 0.13604 0.132782 0.132467 0.140264 0.160937 0.197995 0.25248 0.321218 0.396992 0.473992 0.552459 0.631478 0.700175 0.742386 0.741566 0.681668 0.569787 0.44166 0.327244 0.237336 0.171516 0.125513 0.0944833 0.0741269 0.0609664 0.0523538 0.0464133 0.0419674 0.0384371 0.0357049 0.0339606 0.0335686 0.034983 0.0387107 0.0452903 0.0552319 0.0688489 0.0859346 0.105349 0.124807 0.141324 0.152397 0.157173 0.156683 0.153068 0.148444 0.144017 0.139856 0.135403 0.13036 0.125287 0.121476 0.120302 0.122584 0.128363 0.137113 0.148314 0.162141 0.179836 0.203377 0.234347 0.272271 0.312954 0.347983 0.367311 0.365471 0.345831 0.316557 0.284128 0.252032 0.222437 0.197092 0.177516 0.165453 0.163425 0.174846 0.203642 0.253423 0.325711 0.416605 0.513952 0.604335 0.69102 0.779988 0.787045 0.62718 0.444959 0.312591 0.229204 0.182496 0.161767 0.158916 0.167171 0.180187 0.192819 0.203036 0.212251 0.223168 0.237579 0.255615 0.275546 0.293642 0.305159 0.306753 0.298295 0.28225 0.261745 0.239339 0.21689 0.195911 0.177872 0.164241 0.156312 0.154894 0.159819 0.169261 0.179154 0.183689 0.178024 0.161859 0.139782 0.117697 0.0995269 0.0864906 0.0779565 0.0725161 0.0687631 0.0657235 0.0630011 0.060732 0.0594492 0.059929 0.0630291 0.0694799 0.0795814 0.0928297 0.107665 0.121686 0.132468 0.138493 0.139516 0.136565 0.13201 0.129412 0.132746 0.145284 0.168145 0.198105 0.225651 0.238539 0.233531 0.221547 0.216926 0.226488 0.245739 0.259107 0.249385 0.21513 0.170631 0.129435 0.0971779 0.0741058 0.0584341 0.0481009 0.0414037 0.0371524 0.0346509 0.0336302 0.0341708 0.0366343 0.0416142 0.0499114 0.0625252 0.0806428 0.105587 0.138658 0.180734 0.231399 0.287393 0.340812 0.379293 0.390961 0.371838 0.328626 0.274535 0.222281 0.179524 0.148403 0.127325 0.113109 0.102738 0.094413 0.0877021 0.083012 0.0809441 0.0819083 0.0859847 0.0928565 0.101729 0.111321 0.120144 0.127151 0.132566 0.13831 0.147553 0.163304 0.186082 0.210952 0.226462 0.221456 0.196995 0.165746 0.139972 0.125379 0.121968 0.125924 0.130985 0.130662 0.121554 0.104976 0.085014 0.0654878 0.0485802 0.0350136 0.024666 0.0170549 0.0116097 
0.00785997 0.0119734 0.0182025 0.0276117 0.0417536 0.062787 0.0934079 0.136104 0.190579 0.247851 0.284687 0.277596 0.233182 0.178308 0.130629 0.0948407 0.0696997 0.0525549 0.0410192 0.0333549 0.0284329 0.0255979 0.0245474 0.0252449 0.0278621 0.0327316 0.0402913 0.0509829 0.0650545 0.0822175 0.101217 0.119622 0.134314 0.142669 0.143457 0.136807 0.123967 0.107321 0.0899169 0.0744314 0.0624143 0.0542594 0.0496018 0.0477705 0.0481441 0.050387 0.0545558 0.0610373 0.0702813 0.0823308 0.0962685 0.109909 0.120262 0.124928 0.123456 0.117286 0.108404 0.0981902 0.0872954 0.0761935 0.0656258 0.0566097 0.0501964 0.0472921 0.0486421 0.054866 0.0663636 0.0829293 0.103039 0.123196 0.138493 0.145445 0.145288 0.14383 0.147991 0.162772 0.189958 0.227069 0.265654 0.291339 0.291241 0.2656 0.226937 0.188116 0.156068 0.132919 0.118695 0.113183 0.116855 0.131135 0.15791 0.197658 0.245043 0.283276 0.289636 0.260786 0.218182 0.182312 0.160815 0.152362 0.151404 0.151141 0.146065 0.13396 0.116086 0.0956064 0.075684 0.0584211 0.0447286 0.0346792 0.0279247 0.0239903 0.0224274 0.0228691 0.0250327 0.0287035 0.0337142 0.0399313 0.0472536 0.0556436 0.0652134 0.0763624 0.0898764 0.106821 0.128105 0.153758 0.18222 0.210061 0.232586 0.245378 0.246157 0.235926 0.218637 0.199505 0.182867 0.170705 0.16258 0.157059 0.153737 0.154149 0.160678 0.174272 0.192233 0.207452 0.211336 0.200314 0.178928 0.155393 0.136216 0.124828 0.122644 0.130247 0.14794 0.17556 0.211573 0.251667 0.287823 0.309794 0.309909 0.287872 0.250595 0.207545 0.166456 0.131854 0.105583 0.0878523 0.0781045 0.0755393 0.0793544 0.0887749 0.102937 0.120714 0.140586 0.160677 0.178936 0.193369 0.202315 0.204952 0.202036 0.196173 0.191058 0.18997 0.194309 0.202677 0.210999 0.21424 0.209256 0.196499 0.179015 0.160283 0.142903 0.12839 0.11747 0.110475 0.107644 0.10916 0.114861 0.123778 0.133903 0.14272 0.148486 0.151226 0.152382 0.153536 0.155468 0.158089 0.160858 0.163308 0.165589 0.16881 0.174745 0.184872 0.199496 0.217713 0.238255 0.260212 0.28184 0.297077 0.294799 0.268251 0.225081 0.180351 0.144723 0.122332 0.113858 0.119161 0.138415 0.172056 0.219574 0.276999 0.334523 0.379883 0.409111 0.427272 0.433067 0.416624 0.380652 0.345559 0.330772 0.346049 0.392772 0.461049 0.517488 0.508281 0.426015 0.321826 0.232286 0.166635 0.122595 0.0952782 0.0802051 0.073984 0.0741991 0.0791048 0.087359 0.0979045 0.110014 0.123397 0.138123 0.154102 0.170069 0.182683 0.18718 0.180612 0.165031 0.146441 0.130822 0.121631 0.119659 0.123707 0.131102 0.138205 0.141544 0.13973 0.134791 0.131512 0.135458 0.151492 0.183216 0.232743 0.300648 0.387154 0.494744 0.626646 0.773799 0.903345 0.984721 1.00489 0.925036 0.747254 0.555271 0.397942 0.281979 0.200854 0.146131 0.110372 0.0876394 0.0733885 0.0642654 0.0579365 0.0529638 0.048672 0.0449702 0.042143 0.0406645 0.0410761 0.0439358 0.0498065 0.0592253 0.0725769 0.0898134 0.11005 0.131251 0.150361 0.164125 0.170329 0.168866 0.161833 0.15231 0.14272 0.134113 0.12664 0.120436 0.116128 0.114719 0.11715 0.123866 0.134652 0.148805 0.165683 0.185436 0.209469 0.240089 0.279123 0.325622 0.373473 0.411148 0.426395 0.414814 0.383929 0.346176 0.310008 0.278472 0.251805 0.229315 0.210534 0.196567 0.190834 0.198387 0.224607 0.274032 0.348628 0.444218 0.54669 0.637686 0.712653 0.771162 0.752967 0.61036 0.444846 0.320393 0.241226 0.197464 0.179311 0.178986 0.189435 0.203127 0.213347 0.217605 0.218565 0.220657 0.226673 0.237035 0.250253 0.263308 0.272444 0.274674 0.269097 0.256936 0.240589 0.222589 0.20498 0.189041 0.175321 0.163963 0.155125 0.149114 0.146008 0.145037 0.144284 0.141166 0.133732 0.121963 0.107843 0.0941009 0.0828072 0.0747791 0.06974 0.0667979 0.0649294 0.0633422 0.0616779 0.0600603 0.0590251 0.0593758 0.0619917 0.0675775 0.0763329 0.0875789 0.0995518 0.109742 0.115924 0.117258 0.114537 0.109596 0.104684 0.102128 0.104057 0.111916 0.125744 0.143377 0.160492 0.17305 0.181612 0.193071 0.217298 0.261414 0.321609 0.369966 0.362074 0.297926 0.22071 0.157148 0.112117 0.0824016 0.0635438 0.0518498 0.044699 0.0404159 0.0380734 0.0373153 0.0382025 0.0410861 0.0465096 0.0551394 0.0677098 0.0849688 0.107618 0.136238 0.171139 0.211907 0.256421 0.299523 0.332602 0.345845 0.333344 0.297841 0.249922 0.201582 0.160681 0.129898 0.108389 0.0937947 0.0837258 0.0765659 0.0716328 0.0689011 0.0686123 0.0709928 0.0760968 0.0836807 0.093069 0.103105 0.112381 0.119878 0.125785 0.131973 0.141594 0.157699 0.180922 0.206483 0.223091 0.219758 0.197808 0.170339 0.150248 0.144014 0.152141 0.169937 0.187388 0.19211 0.177834 0.149411 0.11664 0.0866263 0.0622135 0.0436274 0.0300377 0.0203734 0.0136443 
0.00775346 0.0115593 0.0171221 0.0251821 0.0367205 0.0529249 0.0749439 0.103151 0.135599 0.166007 0.183996 0.181467 0.160464 0.130884 0.101791 0.0775778 0.059105 0.0456706 0.0362114 0.0297992 0.0257771 0.0237581 0.0235882 0.0253065 0.0291058 0.0352875 0.0441943 0.0560998 0.0710096 0.0883294 0.106447 0.122564 0.133374 0.13661 0.132202 0.121877 0.108 0.0928912 0.0785802 0.0665631 0.0576088 0.0517878 0.0486894 0.0477019 0.0482708 0.0500916 0.0531958 0.0578876 0.0645183 0.0731456 0.083196 0.0933356 0.101758 0.106876 0.107982 0.105365 0.0998347 0.0922074 0.0831621 0.0734406 0.0640284 0.0561017 0.0508486 0.0493634 0.052675 0.0617998 0.0776266 0.100393 0.128539 0.157242 0.178566 0.186098 0.18153 0.174459 0.175791 0.193297 0.230911 0.287782 0.353534 0.401243 0.398588 0.347061 0.279044 0.218627 0.173428 0.142946 0.1245 0.115758 0.115586 0.124035 0.141576 0.167396 0.196752 0.21933 0.223999 0.209781 0.187826 0.170718 0.164716 0.16913 0.1779 0.18221 0.175295 0.156693 0.131264 0.104751 0.0809591 0.0615244 0.0466853 0.0360232 0.0289175 0.0247664 0.023062 0.0233904 0.0254028 0.0287838 0.0332389 0.0385184 0.0444773 0.051161 0.0588862 0.0682839 0.0802603 0.09582 0.115714 0.13995 0.167321 0.195215 0.219949 0.237619 0.245278 0.242247 0.231106 0.217105 0.20551 0.198651 0.195008 0.191311 0.186382 0.183007 0.185776 0.197259 0.215054 0.23082 0.23383 0.219572 0.193903 0.166817 0.145572 0.13354 0.131891 0.141125 0.161726 0.193942 0.236617 0.285021 0.328692 0.352963 0.347645 0.315453 0.268494 0.21876 0.173696 0.136719 0.108887 0.0901025 0.0797719 0.0771442 0.0814718 0.0920342 0.108072 0.128691 0.152783 0.178918 0.205109 0.228414 0.244939 0.251223 0.246904 0.236012 0.224941 0.21911 0.220801 0.228444 0.237098 0.240597 0.234945 0.220292 0.199738 0.176973 0.155046 0.136154 0.121709 0.112475 0.108785 0.110656 0.117668 0.128624 0.141372 0.153301 0.162526 0.16875 0.172792 0.175267 0.175931 0.174275 0.170578 0.166256 0.163327 0.163681 0.168511 0.177913 0.190776 0.205238 0.219575 0.232633 0.242896 0.246738 0.238781 0.216548 0.184544 0.151384 0.124155 0.106414 0.0992378 0.102675 0.116513 0.140267 0.172542 0.210093 0.247605 0.279571 0.303274 0.318517 0.324049 0.317925 0.303124 0.288974 0.285872 0.300773 0.335209 0.38148 0.415918 0.405906 0.347134 0.269799 0.200026 0.146982 0.110485 0.0874582 0.0746532 0.0694625 0.0699823 0.0748446 0.0830329 0.0937665 0.106448 0.120593 0.135635 0.150572 0.163598 0.172082 0.173384 0.166575 0.153722 0.139117 0.127111 0.120548 0.120413 0.12598 0.134886 0.14333 0.147222 0.14459 0.137444 0.130996 0.131184 0.143023 0.170462 0.217074 0.287275 0.388443 0.53329 0.737331 0.995164 1.21976 1.3212 1.33769 1.21354 0.936774 0.670313 0.468889 0.327171 0.231171 0.168209 0.128232 0.103615 0.0887059 0.079417 0.0729328 0.067527 0.0624085 0.0575171 0.0532668 0.0502935 0.0492743 0.050848 0.0556162 0.064165 0.0770212 0.0944654 0.116168 0.140703 0.165119 0.184932 0.195345 0.194018 0.18315 0.167857 0.152549 0.139243 0.12836 0.120124 0.115236 0.114715 0.119419 0.129658 0.14505 0.164691 0.187685 0.213921 0.244628 0.282103 0.328142 0.381089 0.432462 0.467379 0.473169 0.449774 0.409636 0.367563 0.332373 0.306273 0.287437 0.271841 0.255535 0.238402 0.225811 0.225902 0.246139 0.291858 0.365247 0.462303 0.567955 0.656308 0.704785 0.705356 0.647617 0.534035 0.409081 0.309746 0.244347 0.208019 0.193657 0.19498 0.205707 0.218205 0.225074 0.223713 0.217837 0.213232 0.21354 0.219515 0.229855 0.241864 0.252087 0.257382 0.256099 0.24862 0.236989 0.223964 0.211878 0.201694 0.192725 0.183427 0.172863 0.161505 0.150581 0.140828 0.131918 0.122847 0.112792 0.101777 0.0907256 0.080931 0.073411 0.0685345 0.0660035 0.0650658 0.064815 0.0644812 0.063653 0.0623861 0.061183 0.0608571 0.0623086 0.066241 0.0728291 0.0813959 0.0902889 0.0972687 0.100487 0.0994656 0.0952446 0.0896868 0.0847131 0.0819353 0.0825415 0.0871636 0.0956531 0.106966 0.119616 0.133104 0.149859 0.176364 0.222733 0.300755 0.416209 0.533288 0.526126 0.397609 0.272001 0.183198 0.126087 0.0909051 0.0698417 0.0575083 0.0504091 0.0464245 0.0444404 0.0440762 0.0454588 0.0490299 0.0553908 0.0651812 0.0789595 0.0970597 0.119443 0.145654 0.174989 0.206691 0.239606 0.270992 0.295343 0.305063 0.2943 0.263893 0.221953 0.178686 0.141226 0.11234 0.0917111 0.0776344 0.068237 0.0621145 0.0584946 0.0571074 0.0579571 0.0611256 0.0666238 0.0742466 0.0834223 0.093147 0.102177 0.109581 0.115472 0.12142 0.130079 0.143943 0.163357 0.184254 0.197866 0.196294 0.181075 0.162968 0.153593 0.160333 0.185663 0.225622 0.265262 0.2795 0.25466 0.205142 0.152829 0.108945 0.0757013 0.0517219 0.0348843 0.0232713 0.0153745 
0.00793617 0.0115903 0.0167189 0.0237869 0.033317 0.0458027 0.0614903 0.0799377 0.0993599 0.116182 0.125808 0.125133 0.114866 0.0988969 0.0815321 0.0656006 0.0523057 0.0418513 0.0340287 0.0285462 0.0251722 0.0237865 0.0243964 0.0271304 0.0322086 0.0398775 0.0503055 0.0634429 0.078849 0.0954823 0.111478 0.124151 0.130691 0.129595 0.121636 0.109281 0.095276 0.0817656 0.0701505 0.0611938 0.0551137 0.0516768 0.0503393 0.0504371 0.0514005 0.0529418 0.0551397 0.0583658 0.0630606 0.0694344 0.0772049 0.085494 0.0929781 0.098285 0.100457 0.0992108 0.094874 0.088122 0.0797848 0.0708111 0.0622851 0.0553763 0.0512585 0.0510932 0.0561008 0.0676251 0.0870111 0.114996 0.150212 0.186859 0.214014 0.221949 0.212809 0.200302 0.199236 0.22003 0.269568 0.351792 0.460986 0.555819 0.550332 0.449793 0.339025 0.253523 0.195265 0.15818 0.1359 0.123692 0.118855 0.120412 0.128117 0.140989 0.155899 0.167516 0.171175 0.167285 0.162068 0.163435 0.176553 0.201083 0.228841 0.244238 0.23441 0.202143 0.161191 0.122773 0.0914971 0.0678379 0.0507358 0.038891 0.0312063 0.0268605 0.0252531 0.025916 0.0284232 0.0323196 0.0371002 0.0422718 0.0475038 0.0528092 0.0586534 0.0659212 0.0757524 0.0893038 0.107476 0.130626 0.158316 0.189134 0.220534 0.248548 0.267751 0.273271 0.265385 0.251352 0.240238 0.236169 0.236082 0.233274 0.224674 0.214516 0.210087 0.215569 0.228921 0.241633 0.242756 0.227597 0.201838 0.175309 0.155139 0.144655 0.145127 0.157414 0.182764 0.222773 0.278182 0.345565 0.411038 0.447075 0.43181 0.376204 0.307568 0.243318 0.189558 0.147337 0.116242 0.0955364 0.0844116 0.08207 0.0877778 0.100852 0.120594 0.146244 0.177016 0.212042 0.249797 0.286588 0.314967 0.325724 0.315712 0.292688 0.269046 0.253622 0.249313 0.253933 0.261746 0.26591 0.261702 0.248214 0.227281 0.201829 0.175252 0.150975 0.131683 0.118879 0.113051 0.114047 0.121223 0.133311 0.14833 0.163984 0.178573 0.191549 0.202819 0.211318 0.214589 0.21062 0.200375 0.187923 0.178045 0.174062 0.17709 0.186045 0.19801 0.20927 0.21694 0.219906 0.21805 0.210732 0.196641 0.175655 0.150449 0.125555 0.105075 0.09147 0.0857287 0.0879932 0.0979698 0.114957 0.137586 0.163549 0.189767 0.213249 0.23207 0.245342 0.252449 0.253342 0.250003 0.246806 0.248873 0.259937 0.280317 0.304233 0.317955 0.306152 0.267192 0.215341 0.165815 0.126174 0.0978483 0.0795495 0.0693424 0.0654973 0.0667126 0.0720834 0.0809975 0.0930195 0.107734 0.124476 0.141958 0.158018 0.16992 0.175296 0.173198 0.164587 0.152094 0.139162 0.128971 0.123688 0.124176 0.129869 0.138591 0.146604 0.149734 0.145892 0.137072 0.128534 0.126238 0.135249 0.1599 0.205018 0.277851 0.390955 0.566142 0.838122 1.24742 1.65491 1.68858 1.60723 1.38211 1.05376 0.752832 0.525479 0.365905 0.258923 0.190007 0.147332 0.1219 0.10711 0.0982463 0.0920561 0.0865013 0.0806143 0.0743344 0.0682442 0.0632355 0.0602183 0.0599736 0.0631665 0.0704507 0.0825535 0.100229 0.123974 0.153354 0.185789 0.215124 0.232289 0.231033 0.21421 0.190917 0.168593 0.150089 0.135589 0.125058 0.119196 0.119153 0.12589 0.139744 0.160248 0.186243 0.216352 0.249802 0.287144 0.330115 0.380024 0.434447 0.483165 0.50914 0.501302 0.465946 0.419977 0.378461 0.349369 0.334269 0.329655 0.326908 0.315522 0.292848 0.268674 0.256995 0.268167 0.308239 0.380341 0.483657 0.607031 0.713912 0.742703 0.682407 0.580567 0.469613 0.369522 0.293284 0.243409 0.215671 0.204395 0.204811 0.21223 0.220421 0.222926 0.217569 0.208155 0.20056 0.198645 0.203426 0.213844 0.227415 0.240731 0.25035 0.254042 0.251747 0.245637 0.23916 0.235287 0.234519 0.233851 0.228345 0.215208 0.196237 0.175612 0.156382 0.139375 0.124116 0.11004 0.0971198 0.0858616 0.0769462 0.070836 0.0675435 0.0666015 0.0671843 0.0683138 0.0691005 0.0689746 0.0678492 0.0661521 0.0646962 0.0644193 0.0660614 0.0698428 0.0752151 0.0808298 0.0849195 0.0860849 0.0840275 0.0796392 0.0744447 0.0699551 0.0673327 0.0673229 0.0702614 0.0760867 0.0844711 0.0952755 0.109445 0.130165 0.163904 0.221253 0.317485 0.469866 0.660472 0.652838 0.454951 0.297476 0.196117 0.134227 0.0976357 0.0766888 0.0651074 0.0589083 0.0557159 0.0543496 0.0545246 0.0565709 0.0611668 0.0691254 0.0812265 0.0980264 0.119549 0.144857 0.171812 0.19762 0.220298 0.239571 0.255553 0.266296 0.267228 0.25401 0.226714 0.190823 0.153824 0.121321 0.095756 0.0771477 0.0643315 0.0558965 0.0506901 0.0479782 0.0473985 0.0488312 0.0522648 0.0576689 0.0648566 0.0733441 0.0822884 0.090641 0.0975875 0.10312 0.108347 0.11518 0.125334 0.138878 0.152933 0.162055 0.161985 0.154452 0.147284 0.150086 0.171029 0.215727 0.283871 0.357347 0.387986 0.343864 0.262512 0.186145 0.127763 0.0863303 0.0577742 0.0383597 0.02528 0.0165407 
0.00856577 0.0123458 0.0174703 0.0242053 0.0327401 0.0430968 0.0550074 0.067758 0.0800415 0.0899865 0.095622 0.0957657 0.0907019 0.0819632 0.0714439 0.060677 0.0506507 0.0419466 0.0349094 0.0297496 0.0266077 0.0256129 0.0269361 0.0308163 0.03753 0.0472807 0.060002 0.0751223 0.0914086 0.107024 0.119799 0.127606 0.128895 0.123443 0.112742 0.0993892 0.0859401 0.0741952 0.065124 0.0590614 0.0558799 0.0550907 0.0559369 0.0575515 0.0592043 0.0605638 0.0618241 0.0635929 0.066586 0.0712741 0.0776146 0.0849366 0.0920214 0.0974013 0.0998204 0.0986606 0.0941002 0.0869417 0.0782926 0.0693224 0.0611625 0.0548902 0.0515578 0.052269 0.058283 0.0710722 0.092174 0.122535 0.160878 0.201019 0.230756 0.238863 0.227735 0.21304 0.211424 0.234779 0.292262 0.392916 0.541949 0.701156 0.692248 0.529212 0.382054 0.280338 0.215381 0.175731 0.151964 0.13733 0.127975 0.122586 0.121147 0.123405 0.127928 0.132413 0.135348 0.137993 0.1449 0.162493 0.196763 0.249716 0.311577 0.350992 0.33413 0.272869 0.204115 0.147328 0.10561 0.0763706 0.056345 0.0429977 0.0346404 0.0302152 0.0290534 0.0306676 0.0345721 0.0401299 0.0464785 0.0526303 0.0577951 0.061797 0.0652987 0.0696499 0.076488 0.0873628 0.103534 0.125931 0.155182 0.191566 0.234403 0.280029 0.318558 0.335382 0.325118 0.301323 0.282481 0.276346 0.277693 0.274951 0.262035 0.244346 0.231566 0.228926 0.234706 0.241426 0.239978 0.226369 0.204722 0.182825 0.166824 0.159984 0.163956 0.180287 0.211433 0.261213 0.334412 0.433775 0.547535 0.619402 0.578988 0.470178 0.362712 0.276568 0.2108 0.16156 0.126178 0.103067 0.0911258 0.089472 0.0973771 0.114188 0.1392 0.171648 0.210999 0.257378 0.311123 0.369625 0.420595 0.440482 0.417008 0.369021 0.323024 0.292278 0.278679 0.278355 0.284727 0.290814 0.291367 0.283445 0.265611 0.238411 0.205739 0.173649 0.147268 0.129219 0.120071 0.119346 0.126123 0.139137 0.156742 0.177183 0.199183 0.222201 0.245404 0.265486 0.275753 0.270262 0.250689 0.226155 0.206172 0.196107 0.19696 0.206197 0.218466 0.227282 0.228147 0.220606 0.206937 0.189428 0.169297 0.147446 0.125412 0.105349 0.0893003 0.0786357 0.0739921 0.0754678 0.0827858 0.0953069 0.111935 0.131068 0.150768 0.169196 0.185047 0.197636 0.206706 0.212446 0.215781 0.218457 0.22253 0.229419 0.238694 0.246817 0.247161 0.233575 0.205967 0.170959 0.136563 0.107861 0.0866089 0.0725923 0.0648785 0.0625073 0.0647659 0.0712465 0.0818068 0.0964609 0.115127 0.137114 0.160375 0.181077 0.194562 0.197858 0.191534 0.178869 0.163748 0.14945 0.13839 0.132097 0.131103 0.134743 0.140937 0.14629 0.147168 0.141872 0.132288 0.123178 0.120017 0.127657 0.150585 0.194207 0.266819 0.38233 0.563892 0.847256 1.27179 1.71995 1.93551 1.7611 1.4236 1.09328 0.795513 0.561126 0.393443 0.281176 0.209949 0.166994 0.142371 0.128844 0.121314 0.116207 0.111113 0.10472 0.0968632 0.0883561 0.0805375 0.074738 0.0719792 0.0729981 0.0784846 0.0893437 0.106823 0.132338 0.166688 0.208077 0.248807 0.274241 0.272358 0.247412 0.214562 0.18483 0.161439 0.143881 0.131627 0.125313 0.126271 0.135709 0.154158 0.181162 0.215211 0.254081 0.295768 0.339528 0.385874 0.434771 0.482669 0.519498 0.53029 0.508152 0.463988 0.416275 0.378966 0.359215 0.358936 0.374184 0.390967 0.387427 0.355881 0.315032 0.288243 0.288635 0.322158 0.393258 0.507808 0.671037 0.855793 0.881438 0.71564 0.552337 0.428116 0.338606 0.27845 0.241754 0.221511 0.211584 0.208245 0.208984 0.210247 0.207875 0.200474 0.190962 0.184001 0.182917 0.188797 0.200882 0.216983 0.233844 0.247918 0.256702 0.260072 0.260806 0.263736 0.273329 0.289964 0.306365 0.309345 0.29139 0.258964 0.223793 0.192521 0.166125 0.143385 0.123335 0.105929 0.0916915 0.0811702 0.0745547 0.0715486 0.0714107 0.0730867 0.0753846 0.077184 0.0776712 0.0765529 0.0741468 0.0712652 0.0689134 0.06792 0.0686168 0.0706568 0.073056 0.0745372 0.0741086 0.0715598 0.0675258 0.0631178 0.059463 0.0574301 0.0575592 0.0600898 0.0650387 0.0723785 0.0824164 0.0964158 0.117379 0.150823 0.205335 0.29202 0.417805 0.547967 0.54312 0.407144 0.278269 0.189545 0.134277 0.101908 0.0841102 0.0750351 0.070771 0.0689368 0.0684444 0.0692673 0.0721167 0.0780901 0.088403 0.104218 0.126429 0.155131 0.188555 0.221861 0.247716 0.260709 0.261923 0.256694 0.248383 0.236035 0.216986 0.190654 0.159875 0.129138 0.102116 0.0805726 0.06463 0.0535153 0.0462084 0.041818 0.0397241 0.0395741 0.041211 0.044582 0.0496355 0.0562019 0.0638752 0.0719609 0.0795882 0.0860318 0.0911241 0.0954796 0.100279 0.106591 0.114459 0.122298 0.127428 0.128227 0.126553 0.128028 0.140316 0.171607 0.229785 0.318836 0.422294 0.470177 0.405744 0.297224 0.204139 0.137033 0.0911614 0.0603264 0.0397247 0.0260175 0.0169424 
0.0097742 0.0140714 0.0198074 0.0271391 0.0360214 0.0461028 0.0566897 0.0668342 0.075531 0.0819282 0.0854787 0.0860169 0.0837335 0.0790333 0.0723909 0.0643517 0.0556226 0.0470652 0.0395447 0.0337666 0.0302263 0.0292791 0.0312547 0.0365373 0.0455437 0.0585423 0.0752742 0.0944518 0.113468 0.128872 0.137725 0.138848 0.132905 0.12172 0.107679 0.0932291 0.0803673 0.070358 0.0637762 0.0606828 0.0607442 0.0632528 0.0671304 0.0710658 0.0738931 0.0750945 0.0750728 0.0749361 0.07594 0.0789544 0.084158 0.090941 0.0979719 0.103478 0.105784 0.103957 0.0981682 0.0895329 0.0795791 0.0697637 0.0612679 0.0550341 0.0519143 0.0528329 0.0589127 0.0714963 0.0919397 0.120927 0.156952 0.194073 0.221398 0.229426 0.220486 0.208469 0.208685 0.232599 0.289073 0.386057 0.525426 0.66555 0.660023 0.519249 0.384373 0.289419 0.229275 0.193443 0.1719 0.156728 0.143491 0.13141 0.12166 0.115263 0.11215 0.111624 0.113592 0.119819 0.134566 0.164538 0.218357 0.304365 0.419496 0.510056 0.474902 0.357528 0.249379 0.171714 0.119598 0.0851621 0.0624674 0.0477626 0.0388836 0.0346553 0.0344563 0.0378971 0.0445268 0.0535225 0.0634458 0.0723229 0.0783101 0.0807341 0.0806736 0.0805061 0.0828912 0.0900574 0.103701 0.125305 0.156614 0.199989 0.257885 0.329266 0.399671 0.433744 0.410375 0.360899 0.323078 0.308062 0.307102 0.303895 0.28923 0.268022 0.250286 0.241283 0.239836 0.240441 0.236745 0.225838 0.210102 0.194797 0.184681 0.182767 0.190989 0.211493 0.247847 0.306049 0.395568 0.530322 0.723962 0.910969 0.785299 0.572404 0.416714 0.308583 0.231586 0.175761 0.136326 0.111048 0.098632 0.0981621 0.108972 0.130476 0.161909 0.202262 0.250973 0.309427 0.381913 0.472162 0.567254 0.610388 0.555945 0.46098 0.381912 0.331891 0.30746 0.30164 0.307117 0.317433 0.327325 0.330995 0.32069 0.291564 0.248846 0.204454 0.167817 0.14277 0.129494 0.126838 0.133482 0.14817 0.169594 0.196434 0.227759 0.263311 0.302373 0.339861 0.362254 0.35472 0.319856 0.27697 0.242992 0.225104 0.22345 0.233587 0.247219 0.254298 0.248322 0.230163 0.205292 0.178706 0.153048 0.129403 0.108422 0.0908148 0.0772945 0.0683874 0.064344 0.065152 0.0705598 0.080057 0.0928296 0.107764 0.123578 0.139073 0.153403 0.166154 0.177242 0.186736 0.194787 0.201619 0.207437 0.21215 0.214929 0.213871 0.206372 0.19072 0.167901 0.141586 0.116104 0.0945455 0.0782857 0.0674947 0.0618188 0.0608562 0.0643968 0.0725125 0.0855648 0.104123 0.128665 0.158805 0.191898 0.221773 0.240118 0.24199 0.229918 0.210709 0.190154 0.171582 0.156832 0.146956 0.142169 0.141596 0.143193 0.144067 0.141469 0.134368 0.124496 0.115791 0.112874 0.120094 0.141721 0.182963 0.25142 0.358745 0.521822 0.76011 1.07694 1.41552 1.6746 1.63826 1.39931 1.10078 0.809524 0.574934 0.406912 0.295692 0.22671 0.186581 0.164856 0.154106 0.149239 0.146539 0.143045 0.136713 0.127031 0.115199 0.103402 0.0937306 0.0875712 0.0856778 0.0886399 0.0973858 0.113474 0.138993 0.175719 0.222689 0.271463 0.303131 0.30055 0.269298 0.229675 0.19516 0.168952 0.149976 0.137378 0.131813 0.134878 0.148196 0.172705 0.208098 0.252385 0.302007 0.353053 0.403059 0.451029 0.494579 0.527893 0.543059 0.532899 0.497569 0.448915 0.402837 0.371069 0.360296 0.373511 0.407751 0.445165 0.450674 0.409647 0.352665 0.312642 0.303607 0.33007 0.396291 0.511936 0.697618 0.989339 1.03832 0.724708 0.522466 0.393526 0.312697 0.264838 0.238664 0.22423 0.21422 0.205705 0.198629 0.192532 0.185822 0.177861 0.170347 0.166192 0.16769 0.175716 0.189736 0.207955 0.22751 0.245127 0.258452 0.267675 0.276611 0.29231 0.322523 0.370076 0.42236 0.444969 0.41465 0.354993 0.29706 0.250762 0.213686 0.181689 0.152939 0.127843 0.10759 0.0930083 0.0841399 0.0802992 0.0802971 0.0826752 0.0859042 0.0885682 0.0895763 0.0883998 0.0852193 0.0808387 0.0763559 0.072736 0.0704686 0.069423 0.0689365 0.0681212 0.0662876 0.0632792 0.0595266 0.0558272 0.0530386 0.0518599 0.0527419 0.0558801 0.0612645 0.0688223 0.0787167 0.0918234 0.110286 0.137903 0.17984 0.240386 0.315285 0.375593 0.372599 0.307587 0.230076 0.168857 0.128445 0.104884 0.0929168 0.0879814 0.0866258 0.08665 0.0872061 0.0887017 0.0924226 0.100064 0.113427 0.134342 0.164586 0.205283 0.254884 0.305117 0.338699 0.340251 0.314288 0.278585 0.245018 0.215635 0.188074 0.160398 0.132855 0.107161 0.0850481 0.0674015 0.054206 0.0448973 0.038739 0.0350695 0.0334091 0.0334709 0.0351197 0.0383082 0.0429944 0.049042 0.0561196 0.0636507 0.0708818 0.0771009 0.0819327 0.0855316 0.0885013 0.0915132 0.0947954 0.0978502 0.0998247 0.100622 0.102081 0.108294 0.125067 0.159239 0.217727 0.303383 0.399218 0.44237 0.385074 0.28517 0.197194 0.132844 0.088532 0.0586425 0.0386417 0.0253244 0.0165027 
0.011637 0.0169375 0.0240746 0.0332146 0.0441661 0.0561876 0.0679742 0.0780135 0.0852478 0.0895718 0.0916922 0.0924495 0.0921427 0.090297 0.0860333 0.078856 0.0692735 0.0587104 0.0488565 0.0410746 0.0362281 0.0348431 0.0373705 0.0443803 0.0565895 0.0746176 0.0983264 0.125699 0.15182 0.169678 0.174049 0.165292 0.148239 0.128182 0.108754 0.0920336 0.0791225 0.0705251 0.0663606 0.0664805 0.0704532 0.0773999 0.0857834 0.0934499 0.0982653 0.0992203 0.0971079 0.0940349 0.0922304 0.0931405 0.0971421 0.103581 0.110869 0.11673 0.118836 0.115788 0.107812 0.0965558 0.08419 0.0725685 0.0629317 0.0560428 0.052479 0.0528821 0.0580923 0.0691202 0.0868789 0.111525 0.141273 0.171045 0.192855 0.200516 0.196049 0.189514 0.192715 0.214967 0.26261 0.338177 0.433563 0.511998 0.5129 0.439121 0.350748 0.281011 0.235594 0.20947 0.193895 0.180287 0.164015 0.145685 0.128502 0.115003 0.106028 0.101535 0.101915 0.109089 0.127232 0.163332 0.227834 0.334681 0.494166 0.651436 0.587434 0.411335 0.27552 0.186124 0.128813 0.0918613 0.0678138 0.0524113 0.0434293 0.0398425 0.0412955 0.0477317 0.0589907 0.0742234 0.0911858 0.105986 0.114329 0.114261 0.107911 0.100075 0.0954462 0.0972146 0.10732 0.127395 0.159818 0.208662 0.279915 0.378175 0.49025 0.54989 0.499553 0.411142 0.348842 0.321472 0.315649 0.312962 0.30245 0.285937 0.270395 0.259874 0.254246 0.250704 0.245723 0.237447 0.227095 0.218091 0.214032 0.217444 0.230044 0.253966 0.293114 0.354206 0.447856 0.590809 0.809539 1.09829 0.877472 0.61626 0.443494 0.327051 0.244976 0.185638 0.143911 0.11759 0.105448 0.106679 0.12079 0.147357 0.185528 0.233753 0.290738 0.358318 0.444958 0.565654 0.72469 0.821574 0.702359 0.543248 0.432116 0.365998 0.332613 0.322282 0.327965 0.344842 0.368934 0.3918 0.395123 0.362581 0.303055 0.240669 0.19097 0.158048 0.140725 0.136773 0.144444 0.162576 0.190139 0.225806 0.268131 0.316523 0.371247 0.427881 0.465608 0.453964 0.396868 0.330872 0.281298 0.255241 0.250836 0.26151 0.276244 0.281609 0.269241 0.241622 0.207391 0.173641 0.14367 0.118316 0.0975036 0.0810325 0.0687956 0.0607507 0.0568445 0.0569553 0.060849 0.0681344 0.0782276 0.0903616 0.103678 0.117403 0.131032 0.144397 0.157552 0.170509 0.182996 0.194357 0.203579 0.209368 0.210248 0.20484 0.192453 0.173761 0.150989 0.127229 0.105345 0.0872156 0.0736583 0.0647994 0.0605143 0.0607441 0.065665 0.0757651 0.0918766 0.11514 0.146742 0.186996 0.233178 0.276534 0.303121 0.304254 0.28548 0.258636 0.231308 0.206415 0.185428 0.169469 0.158774 0.152293 0.147936 0.143252 0.136358 0.126896 0.116479 0.108226 0.105814 0.11289 0.13319 0.171179 0.232823 0.326123 0.46057 0.643535 0.870843 1.1156 1.3255 1.43024 1.3539 1.08166 0.790514 0.562572 0.403413 0.300632 0.23907 0.205235 0.18875 0.182587 0.182217 0.183997 0.184028 0.178735 0.166811 0.150209 0.132742 0.117806 0.107254 0.101668 0.101263 0.106718 0.119581 0.142099 0.176242 0.221175 0.268567 0.299807 0.298011 0.268248 0.230006 0.196484 0.17107 0.153014 0.141754 0.13823 0.144454 0.162654 0.194426 0.239771 0.296046 0.357717 0.418292 0.473738 0.522478 0.559456 0.574604 0.562914 0.528794 0.480752 0.429464 0.385834 0.358267 0.352377 0.371298 0.412406 0.457123 0.467169 0.425909 0.36649 0.323438 0.310239 0.330022 0.38479 0.479311 0.61906 0.777717 0.786235 0.618145 0.460383 0.351936 0.285162 0.24842 0.230316 0.219938 0.209397 0.196539 0.183362 0.171891 0.162502 0.155102 0.150394 0.149738 0.154302 0.164516 0.179918 0.199106 0.2198 0.239351 0.25596 0.270452 0.287862 0.317899 0.373753 0.467692 0.592714 0.666188 0.595652 0.480596 0.392771 0.33257 0.285759 0.242585 0.201005 0.163575 0.133379 0.11195 0.099091 0.093426 0.0929964 0.0956924 0.0995284 0.102795 0.10418 0.102947 0.0991162 0.0934497 0.0871303 0.0812777 0.0765469 0.072982 0.0701343 0.0673566 0.0641472 0.0604034 0.0564774 0.0530394 0.0508553 0.0505957 0.0527144 0.0573798 0.0644451 0.0735021 0.0841109 0.0962528 0.110868 0.130079 0.156517 0.191048 0.228478 0.254074 0.251347 0.220986 0.180531 0.145458 0.121714 0.108969 0.104409 0.104699 0.106893 0.109047 0.11067 0.112765 0.11734 0.126787 0.143574 0.170387 0.210458 0.267477 0.343355 0.429373 0.488923 0.474135 0.40111 0.320812 0.255745 0.206819 0.169089 0.138193 0.111873 0.0895077 0.0711254 0.0566995 0.0459172 0.0382558 0.033145 0.0300953 0.0287594 0.0289387 0.0305563 0.0336096 0.0381027 0.0439587 0.050924 0.0585012 0.0659653 0.0725033 0.077454 0.0805405 0.0819529 0.0822006 0.0818128 0.0811194 0.0803708 0.0802349 0.0823688 0.0896708 0.106109 0.136189 0.183558 0.246751 0.309402 0.334789 0.300888 0.23429 0.16855 0.116656 0.0791768 0.0531207 0.0353357 0.0233301 0.0152964 
0.0141321 0.0209706 0.0304337 0.0428866 0.0581426 0.0750096 0.0911011 0.103519 0.110514 0.112829 0.113146 0.114039 0.116177 0.117813 0.115815 0.107927 0.0946411 0.0788443 0.0638845 0.0521222 0.0447446 0.0422758 0.0451591 0.0541563 0.0704988 0.0956737 0.130508 0.172983 0.214869 0.241139 0.239728 0.214271 0.178943 0.145008 0.117219 0.0965404 0.0826358 0.0749673 0.0731083 0.0767527 0.0855184 0.0984979 0.113611 0.127279 0.135405 0.135856 0.130205 0.122531 0.116697 0.114829 0.11735 0.123441 0.1312 0.137688 0.139583 0.134716 0.123408 0.10819 0.0921934 0.0777831 0.0662234 0.058021 0.0534045 0.0526634 0.0562791 0.0648523 0.0788098 0.0978503 0.120173 0.14193 0.158013 0.165035 0.164615 0.163251 0.168956 0.188268 0.224812 0.277578 0.336953 0.381116 0.386461 0.353247 0.304815 0.262328 0.234702 0.220896 0.213427 0.203021 0.184969 0.161741 0.138881 0.120242 0.107035 0.0992586 0.0972998 0.102952 0.119971 0.15449 0.215332 0.312885 0.448889 0.565868 0.522817 0.384087 0.265443 0.183736 0.130006 0.0946462 0.0712217 0.0561228 0.0476398 0.0452326 0.0490962 0.0598704 0.0782114 0.10385 0.133854 0.160874 0.174705 0.16983 0.15132 0.129931 0.114164 0.10812 0.113236 0.130396 0.161508 0.210723 0.284993 0.391283 0.51905 0.590034 0.525602 0.420416 0.347885 0.314506 0.306906 0.30896 0.309886 0.306879 0.301055 0.293931 0.287078 0.281346 0.275966 0.269714 0.263099 0.258857 0.260228 0.269137 0.28622 0.312485 0.351063 0.40765 0.489349 0.601703 0.737119 0.824506 0.740876 0.575517 0.432496 0.32552 0.246415 0.188 0.146767 0.121159 0.110267 0.113534 0.130738 0.161686 0.20546 0.259757 0.321707 0.391528 0.477579 0.597473 0.761154 0.866259 0.736102 0.570278 0.456175 0.38693 0.349916 0.336941 0.343192 0.366574 0.405909 0.452273 0.474571 0.436995 0.355707 0.273748 0.211954 0.172749 0.15292 0.14923 0.15986 0.184171 0.221645 0.270375 0.326191 0.38472 0.445585 0.508159 0.550952 0.531581 0.455175 0.372375 0.31257 0.281194 0.274365 0.283907 0.297318 0.29975 0.282314 0.248517 0.208593 0.170624 0.13815 0.111779 0.0909805 0.0750277 0.0633489 0.0555673 0.0514371 0.0507619 0.0533223 0.0588207 0.0668468 0.0768855 0.0883858 0.100894 0.114201 0.128399 0.143763 0.160444 0.178111 0.195692 0.211304 0.22237 0.225971 0.219757 0.20342 0.179511 0.152381 0.126166 0.103546 0.0856856 0.0727669 0.0645952 0.0610176 0.0621398 0.0684065 0.0806211 0.0999556 0.127936 0.166259 0.215935 0.274669 0.33203 0.36852 0.37117 0.348991 0.318183 0.286071 0.254267 0.224883 0.200571 0.182282 0.168778 0.157698 0.146828 0.134983 0.122393 0.110637 0.102192 0.0998787 0.106582 0.125346 0.159692 0.213868 0.292651 0.400269 0.538094 0.701689 0.879652 1.05598 1.20485 1.20768 0.975091 0.717122 0.518124 0.381261 0.295037 0.245889 0.221506 0.212412 0.212674 0.218974 0.228007 0.234336 0.23153 0.216731 0.193375 0.168205 0.146612 0.130875 0.121033 0.11653 0.11751 0.125257 0.141775 0.168582 0.204423 0.241986 0.267116 0.267883 0.247179 0.218285 0.191458 0.17031 0.155194 0.146442 0.14558 0.15519 0.178258 0.217248 0.272606 0.340778 0.413431 0.480805 0.538102 0.58542 0.616383 0.615325 0.579328 0.524438 0.466056 0.41294 0.371026 0.345086 0.338761 0.353771 0.386437 0.420664 0.428721 0.399439 0.354915 0.321232 0.310533 0.325662 0.366143 0.429685 0.507459 0.568845 0.560492 0.479375 0.382078 0.304519 0.254058 0.226502 0.213432 0.205146 0.194423 0.179759 0.164073 0.150607 0.140845 0.135068 0.133414 0.136184 0.143612 0.155608 0.171642 0.190641 0.210963 0.230749 0.248982 0.267197 0.291277 0.332664 0.409157 0.546262 0.776768 1.0229 0.792449 0.604017 0.500452 0.439876 0.388945 0.331932 0.270546 0.21371 0.168379 0.136952 0.118447 0.11018 0.108919 0.111569 0.115574 0.11902 0.120544 0.119309 0.115168 0.108771 0.101333 0.0940934 0.0878201 0.082631 0.0781426 0.0737835 0.0691303 0.0641563 0.0593021 0.0553561 0.0532324 0.053759 0.0575177 0.0647032 0.0749669 0.0873088 0.100214 0.112233 0.122876 0.133134 0.144856 0.158882 0.172842 0.18081 0.177233 0.162658 0.143779 0.127834 0.118676 0.116644 0.119911 0.125758 0.131576 0.135732 0.138232 0.140777 0.146119 0.157267 0.177224 0.209402 0.258533 0.331732 0.438516 0.582514 0.710431 0.664494 0.507875 0.371511 0.274002 0.206362 0.158622 0.123657 0.0970986 0.07653 0.0606338 0.0485746 0.0396841 0.0333715 0.0291365 0.0266021 0.025529 0.0258099 0.0274474 0.0305161 0.0351047 0.0412305 0.0487299 0.0571496 0.0656929 0.0732962 0.0788776 0.0817 0.0816613 0.0793154 0.0756091 0.0715494 0.0680688 0.0661732 0.0672251 0.0731198 0.0861924 0.1087 0.141477 0.181087 0.21614 0.229193 0.211524 0.173288 0.130919 0.0941793 0.0657904 0.0451011 0.030502 0.0204062 0.0135261 
0.0170914 0.0259529 0.0386737 0.0561297 0.078489 0.104196 0.129046 0.147017 0.154217 0.152801 0.149525 0.150465 0.157163 0.16555 0.167729 0.15751 0.135869 0.10957 0.0853815 0.0670239 0.0556583 0.0513654 0.0542835 0.0652664 0.0862164 0.120093 0.170141 0.23684 0.309737 0.357229 0.346137 0.289579 0.22481 0.171333 0.132613 0.106706 0.0910875 0.0839354 0.0842373 0.0916059 0.105922 0.126573 0.151105 0.1739 0.187276 0.186755 0.175509 0.161309 0.150405 0.145302 0.145956 0.151221 0.159052 0.165949 0.16733 0.159872 0.144025 0.123604 0.102997 0.085093 0.0710642 0.0610611 0.0549202 0.0525697 0.0541423 0.0598677 0.0697938 0.0833772 0.0990594 0.11417 0.125677 0.131892 0.134036 0.136114 0.143176 0.159378 0.18657 0.222906 0.261319 0.289937 0.298105 0.28522 0.261391 0.239168 0.226331 0.223235 0.223182 0.216628 0.199012 0.174234 0.149338 0.128707 0.113379 0.103091 0.0981237 0.100134 0.112262 0.138944 0.185231 0.253895 0.335777 0.39232 0.375471 0.303539 0.226765 0.166334 0.123115 0.0928895 0.0719475 0.0581781 0.0508167 0.0500668 0.0569259 0.0731452 0.101015 0.142299 0.19499 0.246972 0.273581 0.258056 0.21487 0.169949 0.137542 0.121085 0.119821 0.1326 0.159551 0.202882 0.266669 0.352969 0.447006 0.494411 0.453767 0.377624 0.319931 0.293256 0.291803 0.305589 0.325631 0.344245 0.354261 0.352913 0.345079 0.337573 0.332389 0.327549 0.322569 0.321012 0.327319 0.342837 0.365671 0.393939 0.428951 0.475064 0.535566 0.606146 0.667187 0.680154 0.617711 0.508849 0.399077 0.307707 0.236299 0.182412 0.144339 0.121191 0.112392 0.117634 0.136931 0.170263 0.216654 0.273112 0.33498 0.399321 0.469675 0.554904 0.649734 0.69466 0.633782 0.532506 0.448341 0.390508 0.356105 0.342499 0.348331 0.373933 0.420124 0.478681 0.512348 0.472779 0.381047 0.291073 0.225242 0.184678 0.165368 0.164134 0.179992 0.213808 0.266718 0.336651 0.413326 0.479252 0.526448 0.562483 0.579795 0.547715 0.470558 0.390014 0.331931 0.301246 0.293717 0.300688 0.309787 0.307467 0.286283 0.249889 0.208012 0.168583 0.135229 0.108548 0.0878327 0.0721075 0.060565 0.0526567 0.0480393 0.0464818 0.047783 0.0517132 0.0579871 0.0662744 0.0762616 0.0877664 0.100868 0.11597 0.1337 0.154595 0.17865 0.204865 0.230896 0.252791 0.264905 0.261345 0.240239 0.206754 0.169736 0.13613 0.10906 0.0889273 0.0750083 0.0665102 0.0630452 0.0647475 0.0722291 0.086493 0.108845 0.140799 0.183897 0.23901 0.303932 0.368305 0.411965 0.421515 0.406869 0.382796 0.352 0.314089 0.274622 0.240466 0.213915 0.193059 0.174791 0.157012 0.139281 0.122487 0.108293 0.0986882 0.0957492 0.101608 0.118577 0.149284 0.196589 0.263018 0.349529 0.454037 0.571161 0.694087 0.814506 0.907884 0.903107 0.767188 0.592734 0.446521 0.343518 0.279862 0.246406 0.233384 0.232988 0.240947 0.255649 0.274433 0.289846 0.291113 0.272881 0.241068 0.206803 0.177967 0.157008 0.142932 0.134022 0.129724 0.131075 0.139875 0.157222 0.181747 0.207964 0.226867 0.231295 0.221902 0.205339 0.187852 0.172664 0.161232 0.154986 0.156177 0.167977 0.194148 0.238092 0.30078 0.377569 0.456574 0.524171 0.575705 0.614893 0.637128 0.625114 0.577039 0.513843 0.453022 0.401439 0.361801 0.336201 0.326327 0.332355 0.350404 0.369461 0.374293 0.359138 0.334617 0.315843 0.311946 0.325567 0.354832 0.393795 0.431124 0.449015 0.430819 0.37919 0.315898 0.260857 0.222482 0.20032 0.188901 0.180827 0.170423 0.15658 0.141932 0.129683 0.121673 0.118437 0.119906 0.125804 0.13571 0.149072 0.165231 0.183367 0.20241 0.221248 0.239592 0.259437 0.286612 0.331932 0.411987 0.549525 0.765815 0.956535 0.815458 0.673957 0.608513 0.577234 0.532449 0.455467 0.362316 0.276239 0.209903 0.165605 0.140299 0.129081 0.126848 0.129169 0.132831 0.135889 0.137217 0.136075 0.13218 0.126002 0.118693 0.111506 0.105178 0.0997326 0.0946596 0.0892621 0.0830516 0.0760998 0.0691655 0.0635041 0.0605109 0.0614205 0.06712 0.0779586 0.0934205 0.111706 0.129619 0.143406 0.150639 0.151755 0.149544 0.146873 0.144628 0.14155 0.136109 0.128738 0.122097 0.119272 0.121939 0.12971 0.140516 0.151547 0.160365 0.165863 0.168791 0.171581 0.177519 0.189917 0.211938 0.247208 0.300991 0.381896 0.50385 0.684014 0.8877 0.803371 0.577261 0.406852 0.289402 0.208956 0.153526 0.114853 0.0874097 0.0676284 0.0532452 0.0427931 0.0352747 0.0299866 0.0264399 0.0243225 0.023477 0.0238815 0.0256294 0.0288994 0.0339042 0.0407995 0.0495424 0.0597095 0.0703372 0.0799224 0.0867396 0.0894679 0.0877962 0.0825614 0.0753278 0.0677736 0.0613093 0.0570534 0.0560195 0.0592818 0.0679349 0.0827038 0.103049 0.125812 0.144391 0.150883 0.141699 0.120678 0.0952688 0.0713064 0.0514692 0.0362231 0.0250228 0.0170351 0.0114586 
0.0201681 0.031321 0.0479522 0.0718687 0.10427 0.143869 0.184025 0.212315 0.219143 0.209439 0.198684 0.199537 0.215347 0.238403 0.250662 0.235859 0.197191 0.15179 0.112845 0.085048 0.0683909 0.0616688 0.0642333 0.0767755 0.101773 0.14384 0.209724 0.306231 0.428722 0.522704 0.491968 0.380777 0.277137 0.202462 0.152986 0.122034 0.104657 0.0978626 0.100134 0.111049 0.130903 0.159794 0.195476 0.230209 0.2509 0.248959 0.230504 0.209267 0.194055 0.186475 0.184884 0.187685 0.193434 0.198886 0.198455 0.187486 0.166471 0.140578 0.115365 0.0940251 0.0774663 0.0654428 0.0574534 0.0531586 0.0524423 0.0552746 0.061472 0.0704234 0.0808943 0.0911083 0.0993029 0.104665 0.108062 0.111932 0.119348 0.13283 0.153318 0.179274 0.206164 0.227267 0.236796 0.233876 0.223577 0.213692 0.21006 0.213198 0.217448 0.214428 0.200332 0.179148 0.157499 0.139078 0.124226 0.112329 0.103813 0.100585 0.105469 0.121413 0.150412 0.191144 0.234569 0.261737 0.256096 0.222617 0.180054 0.141426 0.110591 0.0870886 0.069766 0.0580905 0.0523186 0.0534532 0.0633755 0.0851834 0.123541 0.184367 0.27146 0.3726 0.431191 0.388965 0.295974 0.214619 0.161154 0.133104 0.12504 0.132698 0.153686 0.187369 0.233879 0.290536 0.344273 0.36903 0.350819 0.310861 0.278254 0.266859 0.278716 0.311061 0.358132 0.40755 0.439303 0.442385 0.429552 0.418907 0.414864 0.411306 0.405396 0.404118 0.415996 0.441861 0.474796 0.506941 0.536594 0.568496 0.605838 0.640731 0.653173 0.623746 0.551389 0.456378 0.362538 0.282529 0.219053 0.171205 0.137869 0.118297 0.111987 0.118702 0.138479 0.17126 0.215951 0.269227 0.325443 0.379187 0.429253 0.478092 0.521269 0.538096 0.514138 0.466443 0.417726 0.377943 0.35088 0.338807 0.342984 0.364466 0.403208 0.450207 0.474432 0.440716 0.364275 0.286759 0.228805 0.193311 0.178012 0.181304 0.204102 0.250076 0.324487 0.429249 0.548012 0.628264 0.634063 0.605641 0.571136 0.520491 0.453015 0.38838 0.342462 0.319182 0.31461 0.320148 0.324302 0.316086 0.290668 0.252088 0.209062 0.168897 0.135113 0.108285 0.0875811 0.0718585 0.0601637 0.0518596 0.0465663 0.0440505 0.0441318 0.0466267 0.0513322 0.0580488 0.0666474 0.0771811 0.0900143 0.105903 0.125932 0.151241 0.182549 0.219577 0.26044 0.300532 0.33017 0.334641 0.305861 0.25465 0.200049 0.153908 0.119353 0.0951907 0.079225 0.0697545 0.0659932 0.0680113 0.0765183 0.0926223 0.117571 0.152448 0.19783 0.253259 0.315761 0.376757 0.422011 0.443556 0.448815 0.444096 0.422227 0.380014 0.330687 0.288107 0.255323 0.228231 0.202325 0.176081 0.150603 0.127916 0.109897 0.0980528 0.0936965 0.0981835 0.113087 0.140229 0.181428 0.237737 0.308092 0.387999 0.470094 0.547216 0.61257 0.651015 0.635764 0.560222 0.458102 0.365391 0.298162 0.258277 0.240988 0.23939 0.247633 0.263176 0.286076 0.314473 0.339221 0.345092 0.323927 0.284386 0.242156 0.207394 0.182439 0.165006 0.152049 0.142393 0.137132 0.138252 0.146915 0.162216 0.180639 0.196878 0.206457 0.208159 0.20365 0.195423 0.185826 0.177201 0.172076 0.173333 0.184521 0.209944 0.253778 0.317509 0.395659 0.473215 0.533175 0.571495 0.595474 0.604896 0.588187 0.544409 0.489469 0.437356 0.393497 0.359392 0.335725 0.322847 0.320356 0.325911 0.333988 0.337568 0.333514 0.325483 0.320497 0.324335 0.33931 0.363153 0.388471 0.404146 0.399729 0.371375 0.325174 0.273698 0.228406 0.195137 0.174094 0.161615 0.152458 0.142543 0.130899 0.11927 0.110108 0.105088 0.104849 0.109308 0.117935 0.12992 0.144373 0.160517 0.177722 0.195352 0.212852 0.230403 0.250037 0.276659 0.318488 0.386309 0.489257 0.618157 0.710396 0.710631 0.692279 0.712865 0.746056 0.718522 0.608136 0.467106 0.342571 0.251595 0.193506 0.16148 0.147621 0.144598 0.146445 0.14929 0.151385 0.15217 0.151272 0.148392 0.143816 0.138523 0.13358 0.129459 0.125861 0.121911 0.116462 0.108636 0.098562 0.0876968 0.0783616 0.0729384 0.073372 0.0810443 0.0966546 0.119718 0.14759 0.17464 0.193266 0.197837 0.188697 0.17151 0.152846 0.136814 0.124704 0.116461 0.112246 0.112952 0.119575 0.132159 0.149049 0.167015 0.182446 0.193023 0.198656 0.201278 0.20399 0.210155 0.222865 0.244993 0.279762 0.331591 0.406942 0.513956 0.653439 0.770592 0.723203 0.563233 0.411883 0.295011 0.210176 0.150562 0.109409 0.0811672 0.061737 0.0482802 0.0388987 0.0323429 0.027804 0.0247802 0.0229963 0.0223551 0.0229107 0.0248517 0.0284815 0.034174 0.0422756 0.0529209 0.0657445 0.0795516 0.0921799 0.100919 0.103609 0.0997976 0.0909515 0.0795866 0.0681539 0.0584352 0.0515155 0.0480317 0.0484066 0.0528987 0.061395 0.0729545 0.0853033 0.094851 0.0979362 0.0929506 0.0813754 0.0665444 0.0516043 0.0384597 0.0278243 0.019677 0.0136668 0.00935345 
0.0228586 0.0361545 0.0566351 0.087368 0.131403 0.189181 0.252348 0.297676 0.302206 0.276425 0.252743 0.253464 0.285082 0.337358 0.373755 0.350146 0.278132 0.201801 0.142935 0.10406 0.0817794 0.0725671 0.0745079 0.0877963 0.115041 0.161711 0.236702 0.351921 0.513514 0.661504 0.606965 0.446799 0.318292 0.231899 0.17646 0.142485 0.124054 0.117763 0.12179 0.135521 0.159429 0.19437 0.238962 0.284411 0.312395 0.309653 0.286285 0.262639 0.248567 0.242147 0.238069 0.234494 0.232692 0.23181 0.226507 0.21115 0.185849 0.156219 0.128113 0.104519 0.0859586 0.0719144 0.0617825 0.055194 0.0519769 0.0519888 0.0549329 0.0602053 0.0668368 0.0736227 0.0794966 0.0840407 0.0878328 0.0923537 0.0994614 0.110679 0.126513 0.145902 0.165989 0.182679 0.19236 0.194131 0.19077 0.187249 0.18767 0.192518 0.197811 0.197708 0.189707 0.176733 0.163274 0.151113 0.139225 0.126514 0.113968 0.104453 0.101154 0.106317 0.120453 0.141354 0.163002 0.176485 0.175207 0.16024 0.138312 0.11566 0.0953628 0.0783394 0.0649317 0.0557164 0.0517256 0.0545837 0.0668605 0.0927402 0.139022 0.216313 0.339149 0.515463 0.656517 0.542861 0.369382 0.248927 0.177323 0.140224 0.126769 0.129789 0.14471 0.168605 0.199106 0.232339 0.260378 0.272743 0.265764 0.248915 0.237187 0.241869 0.269337 0.323 0.401878 0.490869 0.550805 0.554093 0.529955 0.514817 0.513833 0.512031 0.502352 0.499568 0.52039 0.565267 0.618731 0.661123 0.68486 0.699392 0.715309 0.723983 0.699336 0.628983 0.529349 0.425106 0.332471 0.257423 0.19987 0.157848 0.129589 0.113895 0.109993 0.117434 0.135999 0.165343 0.204203 0.249381 0.295498 0.336739 0.370045 0.396069 0.414966 0.422641 0.415915 0.398344 0.376174 0.354479 0.337865 0.330038 0.33284 0.34668 0.369937 0.394544 0.402028 0.375938 0.324068 0.269173 0.226406 0.200427 0.191574 0.200461 0.23027 0.28801 0.385208 0.536321 0.741514 0.880334 0.785262 0.655242 0.561766 0.490212 0.42951 0.381987 0.352803 0.342575 0.346372 0.354801 0.356288 0.341555 0.308723 0.263986 0.216651 0.173798 0.138537 0.111006 0.089974 0.0739853 0.0618989 0.0530011 0.0469044 0.043394 0.0423106 0.0434948 0.0467858 0.0520635 0.0593298 0.0688252 0.0811624 0.0974267 0.119165 0.148193 0.18621 0.234341 0.292683 0.358612 0.419461 0.44226 0.399699 0.317457 0.236607 0.174198 0.130802 0.10211 0.0838615 0.0732522 0.0690364 0.0711872 0.0804773 0.0980722 0.125074 0.161937 0.207869 0.260511 0.315871 0.36808 0.410773 0.442713 0.468868 0.486569 0.477682 0.435996 0.383949 0.341703 0.310273 0.280462 0.245698 0.207225 0.170229 0.138928 0.115347 0.100171 0.0936928 0.0963598 0.108955 0.132525 0.167995 0.215337 0.272216 0.332767 0.388501 0.432234 0.460129 0.467627 0.448152 0.40256 0.344649 0.291542 0.253953 0.234878 0.232001 0.240498 0.25603 0.277172 0.304935 0.338129 0.367342 0.375802 0.354078 0.311647 0.266118 0.2289 0.202318 0.18312 0.167208 0.153091 0.142282 0.137348 0.139956 0.150036 0.165788 0.184223 0.202005 0.216024 0.223664 0.223741 0.217782 0.209525 0.202918 0.201167 0.207601 0.226618 0.262894 0.318313 0.387281 0.454163 0.50155 0.525945 0.535878 0.535187 0.519689 0.489298 0.452347 0.417188 0.387692 0.364728 0.347656 0.33532 0.327353 0.324346 0.326223 0.331125 0.336527 0.341255 0.346738 0.356629 0.373998 0.39721 0.41762 0.422405 0.403049 0.361773 0.308776 0.255399 0.209744 0.175423 0.152131 0.136964 0.126071 0.116434 0.107038 0.0987075 0.0929839 0.091127 0.0937317 0.10074 0.111547 0.125168 0.14053 0.156795 0.173449 0.190121 0.206559 0.223121 0.241544 0.265466 0.300256 0.351629 0.421752 0.502036 0.571688 0.623674 0.687292 0.792 0.90579 0.901516 0.747242 0.554845 0.394758 0.283331 0.214683 0.177906 0.162415 0.158986 0.160348 0.162127 0.162957 0.163069 0.162704 0.161787 0.160541 0.159705 0.159927 0.161146 0.162553 0.162661 0.159223 0.150057 0.13503 0.117092 0.100847 0.0904656 0.0888636 0.0979627 0.118955 0.151745 0.193154 0.234539 0.262169 0.264763 0.242977 0.208016 0.172041 0.142375 0.121615 0.109915 0.106921 0.112551 0.126708 0.14831 0.174249 0.199366 0.218458 0.229301 0.233571 0.23497 0.237105 0.242765 0.254253 0.27391 0.304384 0.348668 0.409717 0.488156 0.573754 0.629352 0.606301 0.512613 0.396658 0.291056 0.207756 0.147182 0.105162 0.076737 0.0577038 0.0449538 0.0363504 0.0304938 0.0265081 0.0238825 0.0223661 0.0219067 0.0226228 0.0247955 0.0288618 0.0353826 0.0449445 0.0579346 0.0741255 0.0921009 0.108844 0.120218 0.122825 0.116132 0.102732 0.0865453 0.0709136 0.057874 0.0483338 0.0425211 0.040339 0.0415096 0.0455143 0.0514062 0.0576581 0.062307 0.0635638 0.0606351 0.0540917 0.0454367 0.0362941 0.0278427 0.0206859 0.014981 0.0106274 0.00741152 
0.0246142 0.0393645 0.0625576 0.0983616 0.151771 0.226013 0.313552 0.37964 0.379829 0.333233 0.29517 0.296245 0.346885 0.441928 0.526045 0.485916 0.359664 0.246292 0.168415 0.120541 0.0942648 0.0834577 0.0848746 0.0980247 0.125093 0.170985 0.243224 0.350121 0.489496 0.602874 0.570688 0.448488 0.33781 0.257984 0.203955 0.169616 0.15103 0.145627 0.151407 0.166955 0.191967 0.227238 0.272214 0.31899 0.348897 0.348328 0.32998 0.316839 0.316836 0.320275 0.313498 0.295523 0.276062 0.260712 0.246006 0.225784 0.198826 0.169247 0.141581 0.117867 0.0981706 0.0820213 0.0691809 0.0596755 0.0535611 0.0507338 0.0508429 0.0532715 0.0571812 0.0616524 0.0659358 0.0697411 0.0734118 0.0778547 0.0842266 0.0934915 0.10597 0.120972 0.136643 0.150305 0.159471 0.163252 0.163128 0.162229 0.163407 0.167342 0.172003 0.17434 0.173235 0.170388 0.167686 0.164289 0.157041 0.144014 0.127148 0.111001 0.0997637 0.0956345 0.0986331 0.106765 0.116266 0.122619 0.12263 0.116084 0.105157 0.0924266 0.0796581 0.0679126 0.0580985 0.051318 0.0489935 0.0530389 0.0662705 0.0931458 0.140891 0.221024 0.350557 0.545493 0.721836 0.576312 0.381743 0.253624 0.178543 0.139216 0.123531 0.123453 0.133485 0.149647 0.16873 0.187444 0.201758 0.208019 0.206171 0.201665 0.203319 0.220107 0.260102 0.330545 0.434793 0.558346 0.64643 0.652392 0.62093 0.603142 0.60471 0.603416 0.589131 0.587442 0.625393 0.704673 0.799593 0.867247 0.883766 0.873072 0.871554 0.873237 0.81723 0.686302 0.538058 0.409939 0.309988 0.235673 0.182168 0.145174 0.121642 0.109594 0.107746 0.115222 0.13135 0.155371 0.185903 0.220268 0.254294 0.283443 0.305077 0.319774 0.329682 0.335921 0.338481 0.337478 0.333523 0.328207 0.324221 0.323797 0.327482 0.334562 0.343212 0.348826 0.343461 0.321597 0.287478 0.252067 0.224405 0.208796 0.207036 0.221265 0.256104 0.320524 0.429808 0.607887 0.891013 1.23247 0.896417 0.687712 0.556654 0.47092 0.414485 0.381748 0.370931 0.378715 0.397525 0.415182 0.417477 0.394759 0.348692 0.290741 0.233446 0.184354 0.14569 0.11649 0.0946401 0.0781022 0.0654305 0.0558087 0.0488531 0.0443796 0.0422453 0.0422903 0.0443541 0.048342 0.0543238 0.0626573 0.0741214 0.090024 0.112231 0.143064 0.185076 0.240921 0.313586 0.40551 0.507336 0.562004 0.497695 0.374041 0.265845 0.189286 0.139064 0.107139 0.0873238 0.0759209 0.0713466 0.0735177 0.0832636 0.101793 0.130083 0.168062 0.213777 0.263268 0.311751 0.355413 0.393017 0.427196 0.461511 0.489522 0.491092 0.460957 0.424255 0.401543 0.387662 0.361806 0.313561 0.254047 0.198688 0.154943 0.123944 0.104549 0.0955019 0.096119 0.106323 0.126365 0.156295 0.195117 0.239663 0.283824 0.319768 0.341783 0.34876 0.341861 0.322165 0.292657 0.26013 0.232857 0.216907 0.214427 0.223811 0.241033 0.26206 0.285407 0.312225 0.342156 0.367657 0.374672 0.354875 0.315716 0.272789 0.237214 0.211523 0.192284 0.175059 0.158415 0.144387 0.136187 0.136168 0.145293 0.16339 0.189325 0.220484 0.251502 0.274161 0.281869 0.275891 0.263867 0.252403 0.244188 0.241029 0.247004 0.267518 0.305124 0.355064 0.404117 0.438064 0.453522 0.456918 0.453283 0.44298 0.426911 0.409154 0.394261 0.384799 0.380517 0.377798 0.371488 0.360407 0.350138 0.348137 0.357391 0.374366 0.391501 0.404051 0.415466 0.432674 0.456305 0.476024 0.474899 0.442879 0.386068 0.319533 0.256367 0.203896 0.164393 0.136771 0.118162 0.105278 0.0955487 0.0877766 0.0820556 0.0791588 0.0798922 0.0847111 0.0935664 0.10588 0.12066 0.136813 0.153491 0.170208 0.186648 0.202619 0.218426 0.235407 0.256094 0.283848 0.321818 0.37096 0.428212 0.489192 0.558051 0.652789 0.789028 0.930492 0.941728 0.784298 0.580932 0.411878 0.295129 0.223786 0.185931 0.170215 0.166741 0.1677 0.16858 0.168422 0.168194 0.168856 0.170843 0.174579 0.180636 0.189131 0.199379 0.210202 0.21948 0.222567 0.213348 0.190261 0.159747 0.131405 0.112352 0.106362 0.115469 0.141164 0.183994 0.240913 0.300499 0.340988 0.342347 0.305815 0.250975 0.197032 0.154187 0.125381 0.110225 0.107655 0.116957 0.137501 0.167542 0.202621 0.235156 0.257571 0.267622 0.269424 0.268906 0.269894 0.273939 0.282175 0.296624 0.319866 0.353969 0.399453 0.453641 0.507053 0.539601 0.527743 0.465668 0.373403 0.279096 0.20025 0.141451 0.100389 0.0727618 0.0545228 0.0425433 0.0346299 0.0293425 0.0257933 0.0234821 0.0221815 0.0218735 0.0227273 0.0251034 0.0295626 0.0368512 0.0478128 0.0631395 0.0828429 0.10539 0.126861 0.141341 0.143765 0.133583 0.115032 0.0938108 0.0741514 0.0581651 0.0464405 0.0387769 0.034661 0.0334739 0.0345121 0.0369231 0.0396673 0.0416185 0.0418378 0.0398935 0.0359944 0.0308241 0.0252056 0.0198192 0.0150843 0.0111751 0.00809572 0.00575589 
0.0250269 0.0400987 0.0638954 0.100851 0.15647 0.23485 0.329147 0.401668 0.400494 0.347864 0.306466 0.308975 0.367796 0.483195 0.597793 0.546944 0.391948 0.264227 0.180666 0.130974 0.104516 0.094012 0.095507 0.107976 0.132952 0.173978 0.235356 0.318654 0.413133 0.481038 0.478616 0.420781 0.350932 0.289436 0.240987 0.207022 0.188361 0.184426 0.192803 0.209942 0.232929 0.261065 0.294454 0.328562 0.351438 0.355948 0.354952 0.369299 0.403966 0.434624 0.424025 0.375442 0.32323 0.284508 0.256736 0.232211 0.207119 0.182224 0.15905 0.137662 0.117426 0.0983877 0.0814755 0.0677876 0.0579672 0.0520495 0.0495931 0.0498576 0.0519534 0.0549912 0.0582648 0.0614384 0.0646577 0.0685044 0.073785 0.0812183 0.0911015 0.103027 0.115749 0.127361 0.13594 0.140501 0.141659 0.141365 0.141761 0.143939 0.147561 0.151761 0.156523 0.162747 0.170266 0.175723 0.173521 0.160616 0.139991 0.118136 0.100423 0.0892494 0.0845285 0.0846058 0.0869742 0.0890015 0.0887771 0.085656 0.0800706 0.0728838 0.0649411 0.0570583 0.0501882 0.0455181 0.0445068 0.0490102 0.0616005 0.0860848 0.128108 0.195311 0.294721 0.417721 0.494432 0.436547 0.320345 0.225052 0.16359 0.129666 0.115305 0.114017 0.120797 0.131747 0.143827 0.154622 0.162232 0.165743 0.166341 0.167988 0.176894 0.200486 0.246834 0.323938 0.435718 0.568359 0.671942 0.701362 0.684336 0.664907 0.657487 0.648832 0.633741 0.642447 0.70811 0.840012 1.01146 1.13643 1.13665 1.07456 1.05234 1.09559 1.02278 0.773587 0.55531 0.399077 0.290928 0.216924 0.167075 0.134701 0.115504 0.106741 0.10657 0.113628 0.126763 0.144852 0.166547 0.18993 0.212391 0.231241 0.245063 0.254639 0.262256 0.270005 0.278748 0.288237 0.297902 0.307719 0.318046 0.328262 0.336216 0.339663 0.337612 0.329575 0.314592 0.292737 0.26729 0.243787 0.227096 0.220135 0.224746 0.243254 0.280112 0.343683 0.447149 0.605079 0.811323 0.941768 0.841421 0.680493 0.550259 0.46132 0.409876 0.390953 0.40008 0.430921 0.472123 0.505804 0.51128 0.476638 0.409437 0.330538 0.257834 0.199312 0.155571 0.123888 0.100833 0.0835521 0.0701962 0.059824 0.052064 0.0467682 0.0438001 0.04297 0.0440729 0.0469807 0.0517606 0.0588018 0.0689371 0.0835351 0.104532 0.134374 0.175901 0.232411 0.308186 0.408015 0.525457 0.595735 0.523523 0.386234 0.271093 0.191783 0.14063 0.10845 0.0885595 0.0770799 0.072405 0.0744991 0.084253 0.102905 0.131373 0.169338 0.214321 0.261608 0.305893 0.343728 0.375024 0.402906 0.430339 0.453067 0.459759 0.451169 0.448956 0.471067 0.503609 0.493381 0.415745 0.316575 0.233218 0.173485 0.13406 0.110272 0.0987037 0.097401 0.10544 0.122327 0.147275 0.178385 0.211914 0.242225 0.26331 0.271706 0.268115 0.255746 0.238007 0.218328 0.200865 0.190107 0.189557 0.200479 0.221162 0.247031 0.272487 0.294405 0.313919 0.332814 0.347569 0.349097 0.331194 0.298207 0.26149 0.230295 0.207153 0.189181 0.172448 0.155856 0.141683 0.133461 0.13417 0.145927 0.170411 0.208827 0.26025 0.317345 0.362519 0.37743 0.364471 0.342396 0.322953 0.305744 0.288303 0.274501 0.272184 0.285755 0.312057 0.341318 0.363222 0.374085 0.376807 0.375174 0.371284 0.367148 0.366015 0.371746 0.387292 0.411839 0.43616 0.443516 0.427342 0.404207 0.396398 0.413869 0.450266 0.485135 0.500894 0.504536 0.5143 0.534725 0.552617 0.546333 0.50304 0.430389 0.347499 0.270584 0.207854 0.161015 0.128161 0.105979 0.0911203 0.0809978 0.0741383 0.0701005 0.0690984 0.0715624 0.077796 0.0877581 0.100966 0.116561 0.133562 0.151143 0.16871 0.185747 0.201847 0.217108 0.23254 0.250027 0.271916 0.300399 0.336697 0.380686 0.432673 0.497201 0.583454 0.693472 0.792748 0.801039 0.690574 0.530502 0.387256 0.283896 0.219087 0.184208 0.169637 0.166389 0.167165 0.167761 0.167476 0.167656 0.169863 0.175233 0.184705 0.198937 0.217724 0.240158 0.265636 0.292397 0.311479 0.305961 0.269064 0.21647 0.168645 0.136518 0.123455 0.130366 0.158233 0.207884 0.276696 0.351683 0.404358 0.40583 0.357265 0.286112 0.217893 0.164998 0.130275 0.112639 0.110422 0.122543 0.148194 0.185373 0.228677 0.26833 0.294229 0.303806 0.303396 0.300925 0.300178 0.301221 0.304092 0.311109 0.325637 0.349596 0.382116 0.419296 0.453978 0.474576 0.465643 0.417583 0.340451 0.257521 0.186136 0.132032 0.0939558 0.0683129 0.0514614 0.0404877 0.0333111 0.0285585 0.0253894 0.0233396 0.0222105 0.0220106 0.0229433 0.0254236 0.0301022 0.0378659 0.0497643 0.0667594 0.0891242 0.115341 0.140809 0.157981 0.160129 0.146734 0.123758 0.0985496 0.0759798 0.0580515 0.044984 0.0362019 0.0308917 0.0282338 0.0274529 0.0277975 0.028524 0.0289405 0.0285155 0.0269948 0.0244448 0.0211789 0.0176117 0.0141206 0.010969 0.00829318 0.00612699 0.00443826 
0.0239994 0.0381527 0.0602035 0.0938251 0.143104 0.209869 0.285895 0.341936 0.345026 0.309916 0.280675 0.285035 0.332953 0.417493 0.487613 0.454797 0.347291 0.246463 0.176389 0.134099 0.11212 0.10427 0.106804 0.118575 0.140745 0.175874 0.226121 0.290099 0.358316 0.411472 0.431916 0.419861 0.386837 0.342591 0.296488 0.25922 0.238717 0.237168 0.250917 0.27192 0.291544 0.306 0.317468 0.328245 0.336759 0.344248 0.36357 0.414418 0.505823 0.59719 0.577947 0.46777 0.367783 0.302165 0.262061 0.235869 0.216651 0.20128 0.187026 0.170364 0.149173 0.124795 0.100868 0.080659 0.0657489 0.0562317 0.0513704 0.0500866 0.0512155 0.0536491 0.0564798 0.0591686 0.0616714 0.0644265 0.0681705 0.0736417 0.081266 0.0908975 0.10167 0.112072 0.120362 0.125316 0.126902 0.126363 0.125537 0.125955 0.12846 0.13355 0.141899 0.153985 0.168413 0.180207 0.182108 0.170221 0.148077 0.123272 0.101833 0.0863159 0.076711 0.0717165 0.0695604 0.0685126 0.067249 0.065035 0.061664 0.0572608 0.0521517 0.0468668 0.0421849 0.0391336 0.0389761 0.0432672 0.0540175 0.0738974 0.10623 0.154076 0.216676 0.280833 0.314234 0.292549 0.236476 0.180057 0.138799 0.114381 0.103675 0.102677 0.107659 0.115463 0.123635 0.130482 0.1351 0.137574 0.139408 0.143868 0.155898 0.181776 0.228727 0.303925 0.410839 0.540246 0.661485 0.73598 0.744949 0.709145 0.66961 0.640485 0.626149 0.650402 0.744194 0.929571 1.20384 1.43931 1.40809 1.24704 1.1616 1.23691 1.16821 0.797176 0.542658 0.377118 0.26928 0.199171 0.15433 0.126936 0.112019 0.106323 0.107565 0.113972 0.124051 0.136509 0.150221 0.164107 0.177003 0.187868 0.196405 0.203561 0.211242 0.221374 0.235109 0.252698 0.273896 0.298239 0.324316 0.348316 0.364216 0.367329 0.357711 0.33892 0.314837 0.288891 0.264698 0.245856 0.23508 0.233985 0.243631 0.265302 0.301742 0.359043 0.446861 0.57153 0.71497 0.808409 0.782547 0.669041 0.546569 0.457842 0.411993 0.406712 0.437293 0.496153 0.567981 0.624634 0.631992 0.576679 0.47962 0.37468 0.284264 0.215333 0.166079 0.131707 0.107361 0.0893291 0.0753483 0.0643603 0.0560132 0.0501931 0.0467536 0.045445 0.0459716 0.0481118 0.0518564 0.0575392 0.0659365 0.0783229 0.0964648 0.12254 0.159003 0.208518 0.273872 0.35606 0.443404 0.488103 0.43982 0.339861 0.247382 0.179908 0.1349 0.105917 0.0876283 0.0768399 0.0722977 0.0741434 0.0833401 0.101134 0.128432 0.164968 0.208447 0.254384 0.297283 0.332535 0.358136 0.375825 0.389488 0.400623 0.408699 0.420935 0.457692 0.542311 0.670478 0.705126 0.5466 0.380612 0.264262 0.189415 0.143106 0.116076 0.102738 0.100063 0.106499 0.121013 0.142165 0.167277 0.192101 0.211538 0.221479 0.220726 0.211346 0.197123 0.181799 0.168591 0.160539 0.160652 0.171445 0.193975 0.226393 0.262529 0.292832 0.3104 0.316969 0.319004 0.318633 0.311645 0.293641 0.266249 0.236356 0.210422 0.190506 0.174624 0.159916 0.145726 0.134178 0.12867 0.132564 0.149097 0.181965 0.23549 0.312644 0.407175 0.48799 0.509003 0.476845 0.437526 0.409645 0.383771 0.348543 0.309128 0.279505 0.267382 0.270964 0.282728 0.294687 0.302579 0.306335 0.307825 0.309381 0.314027 0.32603 0.351035 0.395378 0.462087 0.537226 0.572755 0.537239 0.481495 0.459634 0.489092 0.55992 0.627634 0.640118 0.619796 0.613473 0.626756 0.638974 0.625398 0.571762 0.484075 0.383828 0.291553 0.217443 0.162896 0.125018 0.0997164 0.0832028 0.0726123 0.0661613 0.0630279 0.0630633 0.0664525 0.0734075 0.0839385 0.0977324 0.114176 0.132505 0.15193 0.171572 0.190336 0.207147 0.221652 0.234771 0.248465 0.265016 0.286406 0.313877 0.347816 0.388603 0.438089 0.498675 0.565936 0.616838 0.614173 0.544765 0.438818 0.335683 0.256031 0.20368 0.174636 0.162316 0.159715 0.160826 0.162045 0.162674 0.163971 0.1678 0.175979 0.190157 0.21141 0.239736 0.274923 0.318785 0.373044 0.424579 0.43125 0.369742 0.281336 0.206903 0.158872 0.137099 0.139613 0.165763 0.215607 0.286218 0.364307 0.420465 0.423737 0.373446 0.297933 0.225094 0.168741 0.132051 0.113864 0.112408 0.126584 0.15564 0.197589 0.24671 0.292208 0.322419 0.333749 0.332773 0.328283 0.324365 0.320479 0.316277 0.314891 0.320837 0.336162 0.358825 0.383553 0.403822 0.412221 0.3992 0.357869 0.294426 0.225628 0.165274 0.118718 0.0855233 0.0629881 0.0481252 0.038439 0.0321032 0.0279006 0.0250881 0.0232622 0.0222599 0.0221107 0.0230342 0.0254666 0.0300921 0.037851 0.0498725 0.0672282 0.0903141 0.11766 0.144442 0.162459 0.164282 0.149463 0.124782 0.098272 0.074963 0.056692 0.0434349 0.0344079 0.0286518 0.0252682 0.0234833 0.0226408 0.0221861 0.0216701 0.0207775 0.0193579 0.0174296 0.0151404 0.0127004 0.0103134 0.00813359 0.00625062 0.00469584 0.00345869 
0.0217841 0.0340712 0.05269 0.0800469 0.118173 0.166439 0.217193 0.253356 0.26024 0.245319 0.231604 0.236956 0.26698 0.312204 0.342615 0.325451 0.269096 0.207661 0.160715 0.131692 0.1176 0.114322 0.118843 0.130272 0.149953 0.180471 0.223787 0.279008 0.340639 0.399232 0.445394 0.471942 0.470233 0.434783 0.378907 0.328544 0.302039 0.304383 0.329367 0.360988 0.37917 0.374477 0.355255 0.335401 0.323668 0.32677 0.356673 0.432149 0.571959 0.746183 0.711284 0.526927 0.390448 0.308897 0.263908 0.241384 0.233153 0.233454 0.234387 0.225535 0.201082 0.16568 0.129199 0.0987707 0.0768918 0.0631802 0.0561413 0.0540465 0.0552074 0.058035 0.0611416 0.0635722 0.0650553 0.0660584 0.0675449 0.0705541 0.0758046 0.083421 0.0927845 0.102544 0.110915 0.11634 0.118267 0.117481 0.115671 0.114653 0.11591 0.120632 0.129806 0.143668 0.16031 0.17442 0.178741 0.169338 0.149277 0.125539 0.103802 0.0866303 0.0743074 0.0660288 0.0606436 0.0570204 0.0542256 0.0515955 0.0487304 0.0454592 0.0418308 0.0381365 0.0349221 0.0329623 0.033225 0.0368687 0.0452753 0.0600314 0.0826382 0.113534 0.149938 0.183135 0.199688 0.1918 0.166174 0.136563 0.112599 0.0976207 0.0911721 0.0912429 0.0954209 0.101443 0.107509 0.112446 0.115797 0.117941 0.120353 0.125824 0.138497 0.163727 0.207853 0.277628 0.378606 0.512228 0.672024 0.82441 0.85836 0.760522 0.661924 0.602602 0.583524 0.61518 0.718644 0.916926 1.21849 1.5189 1.54025 1.28683 1.10406 1.03434 0.912879 0.681968 0.479038 0.336324 0.241763 0.181013 0.143499 0.122033 0.111729 0.109135 0.111669 0.117303 0.124434 0.131887 0.138961 0.145369 0.151059 0.156137 0.161058 0.166873 0.175155 0.187589 0.205548 0.229936 0.261248 0.299265 0.341651 0.381762 0.408923 0.41486 0.400371 0.372596 0.338863 0.305102 0.276254 0.255976 0.246293 0.247937 0.260869 0.28458 0.319165 0.368125 0.439927 0.542876 0.671226 0.782103 0.786697 0.673524 0.543814 0.454049 0.414134 0.421757 0.4733 0.56313 0.675597 0.76741 0.771442 0.677873 0.542339 0.411518 0.305836 0.228427 0.174723 0.138162 0.112776 0.0941967 0.0798436 0.0685739 0.0600537 0.0541899 0.0508091 0.0495765 0.0500656 0.0519021 0.0549274 0.059338 0.0657679 0.0753011 0.0894081 0.109803 0.138223 0.176124 0.224011 0.279174 0.329842 0.35119 0.3252 0.267792 0.207616 0.159314 0.124863 0.101465 0.0859407 0.076278 0.071851 0.0731002 0.0810859 0.097045 0.121899 0.155622 0.19657 0.241147 0.284012 0.318813 0.340342 0.348475 0.349028 0.349256 0.355825 0.379324 0.439124 0.564299 0.790147 0.927816 0.62169 0.40837 0.276686 0.196519 0.148417 0.120779 0.107069 0.103852 0.109377 0.122426 0.141212 0.162468 0.181362 0.192927 0.194442 0.186713 0.173156 0.157867 0.144346 0.135339 0.133268 0.140601 0.159746 0.192215 0.236517 0.284687 0.321143 0.332602 0.322469 0.304817 0.288018 0.271418 0.251589 0.228061 0.20399 0.183018 0.16647 0.153201 0.141495 0.131108 0.123788 0.122481 0.130592 0.152102 0.192276 0.258217 0.357519 0.489272 0.612986 0.638477 0.580127 0.524644 0.493122 0.462317 0.408821 0.342166 0.286033 0.251456 0.236822 0.235228 0.239491 0.244742 0.249015 0.252641 0.257697 0.267917 0.288963 0.32913 0.400436 0.518183 0.6859 0.795717 0.685673 0.559343 0.51306 0.553172 0.668185 0.79014 0.789877 0.734 0.71662 0.72861 0.732961 0.707041 0.640805 0.536893 0.418691 0.311737 0.2277 0.16703 0.125555 0.098263 0.0808137 0.069989 0.0637275 0.0609654 0.061375 0.0650585 0.0722566 0.0831233 0.0976075 0.115455 0.136253 0.159327 0.183348 0.205999 0.224531 0.237503 0.246194 0.253963 0.264286 0.279412 0.300036 0.325538 0.354792 0.387149 0.421838 0.454357 0.472621 0.461141 0.415153 0.347713 0.278816 0.22241 0.183571 0.161443 0.152247 0.151144 0.153587 0.156518 0.158933 0.161575 0.166249 0.175293 0.191086 0.215356 0.248794 0.292583 0.35186 0.434594 0.530115 0.559579 0.462637 0.333335 0.23469 0.173684 0.144408 0.141546 0.162384 0.205419 0.266665 0.333709 0.382214 0.38719 0.345972 0.280235 0.214555 0.162687 0.128706 0.112286 0.112245 0.127885 0.158785 0.203331 0.256333 0.307499 0.344527 0.360908 0.360104 0.350884 0.339592 0.327486 0.314977 0.305679 0.304412 0.312892 0.327939 0.342867 0.350943 0.347413 0.328271 0.291334 0.241037 0.187597 0.140109 0.102731 0.0755918 0.056909 0.0444616 0.0362809 0.0308781 0.0272463 0.0247728 0.0231321 0.0222041 0.0220359 0.0228474 0.0250607 0.0293305 0.036545 0.0477523 0.0639133 0.0853145 0.110482 0.134903 0.151152 0.15266 0.13908 0.11648 0.0921414 0.0707068 0.0538974 0.0416776 0.0332764 0.0277515 0.0242323 0.0220001 0.0204965 0.0193069 0.0181424 0.0168271 0.0152883 0.0135418 0.011667 0.00977297 0.00796666 0.00633089 0.00491502 0.00373633 0.00278733 
0.0188646 0.028852 0.0434392 0.0639031 0.0908235 0.122681 0.154192 0.176867 0.1849 0.181864 0.178378 0.183725 0.200414 0.222084 0.234675 0.22621 0.199319 0.16747 0.141861 0.126749 0.121543 0.12365 0.1307 0.142224 0.160221 0.188189 0.229282 0.28466 0.352735 0.429648 0.509869 0.582104 0.616528 0.577448 0.4888 0.40986 0.371775 0.379863 0.424394 0.478512 0.50091 0.470788 0.411266 0.35453 0.317564 0.307747 0.332492 0.402556 0.524621 0.65546 0.633531 0.492367 0.373869 0.300219 0.26181 0.249497 0.258245 0.282987 0.310392 0.31544 0.28182 0.223875 0.166053 0.120881 0.090322 0.0722006 0.0635767 0.0617653 0.0643579 0.0690177 0.0734929 0.0760432 0.0760516 0.0742501 0.0722608 0.0717976 0.0740516 0.0794157 0.0874099 0.0967164 0.105431 0.111689 0.114503 0.114234 0.112294 0.110449 0.110367 0.113521 0.121059 0.133203 0.148159 0.16139 0.166997 0.161581 0.146859 0.127689 0.108449 0.091521 0.0776783 0.0668442 0.0585855 0.0523472 0.0475617 0.0437095 0.0403624 0.037224 0.0341756 0.0313134 0.0289568 0.0276218 0.0279777 0.0308095 0.0369768 0.0473047 0.0622851 0.0814459 0.102431 0.120498 0.129971 0.128008 0.1171 0.102995 0.0907892 0.083105 0.0803702 0.0817029 0.0856444 0.0906636 0.0954966 0.0993466 0.101989 0.103887 0.106376 0.111844 0.123785 0.146755 0.186357 0.249306 0.343772 0.480896 0.6786 0.954483 1.03053 0.791304 0.633085 0.5501 0.523573 0.55077 0.640094 0.801233 1.02612 1.2453 1.29216 1.10793 0.922426 0.794787 0.670867 0.525314 0.388805 0.283387 0.21015 0.162821 0.134677 0.120224 0.115145 0.115957 0.119835 0.124616 0.12886 0.131842 0.133492 0.134239 0.134769 0.135835 0.138274 0.143161 0.151872 0.165984 0.187093 0.216686 0.255975 0.305233 0.361897 0.417547 0.457687 0.470429 0.456152 0.423198 0.380228 0.335649 0.297329 0.270617 0.257746 0.25878 0.272452 0.296276 0.327608 0.36753 0.424157 0.509116 0.626367 0.745701 0.762918 0.649199 0.522764 0.440084 0.40881 0.427296 0.494562 0.610256 0.767331 0.915704 0.912257 0.757201 0.581437 0.431969 0.317575 0.23569 0.17958 0.141772 0.115813 0.097041 0.0827274 0.0716796 0.0635641 0.0582875 0.0556409 0.0551964 0.0563713 0.0585838 0.0614441 0.0649198 0.0694285 0.0758323 0.0853273 0.0992313 0.118683 0.144231 0.175147 0.208062 0.235178 0.245386 0.232563 0.202908 0.16881 0.138869 0.115708 0.0985904 0.0860694 0.0773405 0.0725516 0.0725689 0.0786053 0.0918842 0.113317 0.143109 0.180291 0.222204 0.263882 0.297782 0.316265 0.317801 0.309563 0.302104 0.304954 0.328131 0.38492 0.48968 0.633369 0.679577 0.531324 0.372931 0.262329 0.19193 0.14889 0.123928 0.111449 0.108477 0.113541 0.125601 0.142878 0.161788 0.176909 0.183014 0.178215 0.164978 0.148005 0.131704 0.119229 0.112783 0.114306 0.125975 0.150287 0.189308 0.242193 0.299967 0.341577 0.346992 0.321687 0.287455 0.257485 0.233127 0.211379 0.19041 0.17081 0.154062 0.140792 0.130426 0.122125 0.115937 0.113212 0.116309 0.128319 0.153296 0.196904 0.266838 0.371324 0.509811 0.641403 0.674401 0.621633 0.569702 0.54018 0.506454 0.440394 0.356024 0.283296 0.234704 0.208534 0.198211 0.196994 0.19977 0.203632 0.207996 0.214582 0.227339 0.252575 0.299869 0.384256 0.530142 0.777507 1.11635 0.770351 0.585873 0.524574 0.564369 0.6888 0.827171 0.834512 0.790707 0.797764 0.82812 0.821861 0.772144 0.687832 0.568729 0.43768 0.322267 0.233585 0.170676 0.128334 0.100926 0.0837226 0.0732282 0.0671844 0.0644285 0.0646498 0.0680738 0.0751467 0.0863015 0.101865 0.122095 0.147201 0.176984 0.209752 0.240962 0.263797 0.273785 0.27355 0.270798 0.272357 0.281176 0.296615 0.315785 0.335231 0.352544 0.366484 0.374988 0.373326 0.355952 0.321737 0.276718 0.230699 0.191911 0.164542 0.14913 0.143837 0.145578 0.150952 0.157057 0.162109 0.165854 0.169726 0.176513 0.189425 0.210974 0.242642 0.286537 0.348574 0.437187 0.541844 0.577509 0.47608 0.341709 0.239933 0.176347 0.143972 0.136582 0.150376 0.182573 0.228468 0.27769 0.313065 0.317986 0.289538 0.241033 0.190107 0.148448 0.120765 0.107973 0.10994 0.126775 0.158835 0.205647 0.263872 0.325097 0.375568 0.400965 0.397041 0.374485 0.347244 0.321749 0.299653 0.28354 0.276673 0.279551 0.28815 0.295308 0.294602 0.283178 0.260753 0.228364 0.189466 0.149741 0.114387 0.0861088 0.0652003 0.0505771 0.0407006 0.034116 0.0296817 0.0266153 0.0244461 0.0229365 0.0220153 0.0217484 0.0223458 0.0241882 0.027848 0.0340767 0.0437156 0.0574566 0.0753347 0.0958964 0.115386 0.128139 0.129407 0.118954 0.101174 0.0816105 0.0640812 0.050178 0.0400011 0.0329457 0.0281973 0.0249793 0.02266 0.020784 0.0190617 0.0173377 0.0155524 0.0137084 0.0118454 0.0100208 0.00829529 0.00672086 0.00533337 0.00415 0.00317064 0.00238193 
0.0157617 0.0234964 0.0343507 0.0488799 0.0670104 0.0873734 0.106885 0.121588 0.129215 0.131431 0.132889 0.137846 0.147301 0.158009 0.163964 0.160713 0.149364 0.135595 0.125215 0.121257 0.123725 0.130703 0.140191 0.152138 0.169381 0.196721 0.239109 0.300343 0.382538 0.485639 0.605884 0.730732 0.811815 0.751933 0.603066 0.484871 0.432752 0.44694 0.514954 0.600975 0.634207 0.574264 0.470077 0.376205 0.313773 0.286827 0.295797 0.340393 0.411753 0.472722 0.466255 0.400031 0.328832 0.27921 0.255312 0.257123 0.286554 0.344605 0.416869 0.449458 0.39339 0.29372 0.205286 0.142792 0.103566 0.0819059 0.0729588 0.073059 0.0790911 0.0877554 0.095362 0.0986763 0.09645 0.0901091 0.0826989 0.0771635 0.0753412 0.0778213 0.0841284 0.0929095 0.102198 0.109966 0.114868 0.11669 0.116153 0.114456 0.113061 0.113637 0.117734 0.126047 0.137521 0.148986 0.156191 0.15614 0.148702 0.135928 0.120353 0.104059 0.0885189 0.0746641 0.0629635 0.0535054 0.046094 0.0403563 0.0358552 0.0321964 0.0291152 0.0265305 0.0245581 0.0234867 0.0237338 0.0257926 0.0301638 0.0372394 0.0470883 0.0591301 0.0718163 0.0826818 0.0891876 0.0901479 0.0865597 0.0809546 0.0759549 0.0732542 0.0733846 0.0759509 0.0800116 0.084471 0.0884132 0.09132 0.093173 0.094522 0.0965911 0.101398 0.11182 0.131623 0.165565 0.219703 0.302096 0.424033 0.599624 0.819472 0.874865 0.703972 0.563457 0.484235 0.456057 0.473766 0.537601 0.645692 0.781236 0.896156 0.916931 0.827614 0.704012 0.593027 0.491493 0.392318 0.302342 0.23037 0.178989 0.146199 0.128401 0.121797 0.122676 0.127458 0.132962 0.136914 0.138273 0.137103 0.134175 0.13058 0.12744 0.125758 0.126448 0.130501 0.139148 0.153917 0.176588 0.209054 0.252982 0.30894 0.374367 0.440589 0.492605 0.51743 0.512709 0.482131 0.431964 0.374267 0.322774 0.286077 0.266793 0.264044 0.275153 0.295962 0.321947 0.352326 0.39362 0.455936 0.5414 0.623442 0.635798 0.562301 0.471944 0.411013 0.392065 0.417691 0.490007 0.611931 0.781598 0.952758 0.946267 0.768045 0.583221 0.43224 0.318027 0.236211 0.179916 0.141892 0.115881 0.0973214 0.0835093 0.0732352 0.0661443 0.0621311 0.0609654 0.0621511 0.0649526 0.0685325 0.0721568 0.075411 0.0783719 0.0816697 0.0863727 0.0936864 0.104551 0.119229 0.136861 0.154971 0.169299 0.1751 0.170264 0.157304 0.14127 0.126066 0.112981 0.101604 0.0913897 0.0825947 0.0763159 0.0740509 0.0772667 0.0871627 0.104539 0.129625 0.161762 0.198817 0.236246 0.266569 0.281916 0.280354 0.268733 0.257661 0.256361 0.272197 0.311063 0.372834 0.436219 0.448632 0.388218 0.302547 0.230022 0.178934 0.145947 0.126197 0.11613 0.113774 0.118245 0.128916 0.144291 0.160842 0.172922 0.175149 0.166119 0.149334 0.130293 0.113523 0.101822 0.0969015 0.100245 0.113671 0.139432 0.179484 0.23295 0.290685 0.330931 0.332751 0.301913 0.261501 0.226102 0.19841 0.176229 0.157394 0.141225 0.127953 0.117743 0.110342 0.105441 0.103247 0.104748 0.111687 0.126535 0.152752 0.195178 0.25987 0.351641 0.465289 0.56854 0.610869 0.593336 0.559948 0.530314 0.490394 0.422366 0.338994 0.265655 0.214027 0.183475 0.168736 0.164028 0.164602 0.167386 0.171405 0.177994 0.190733 0.215367 0.260179 0.336781 0.459159 0.627643 0.737209 0.642952 0.526935 0.482281 0.513308 0.602877 0.699363 0.740545 0.761659 0.818686 0.877956 0.858138 0.778836 0.677793 0.555354 0.427438 0.316584 0.232028 0.172535 0.133053 0.108059 0.092762 0.0834912 0.0778468 0.0747054 0.0740184 0.076422 0.0828132 0.0940693 0.11101 0.134593 0.166124 0.206866 0.255896 0.305653 0.339581 0.343781 0.325021 0.303133 0.291867 0.29456 0.307691 0.324226 0.33687 0.341522 0.338269 0.328756 0.313295 0.290919 0.26173 0.228536 0.196081 0.168976 0.150206 0.140804 0.140175 0.146524 0.157162 0.168746 0.177861 0.182412 0.183178 0.183818 0.188962 0.202188 0.225522 0.260754 0.311078 0.378059 0.44585 0.462786 0.398428 0.302769 0.22179 0.167143 0.136886 0.126972 0.134068 0.155121 0.185645 0.217857 0.240775 0.244546 0.227004 0.195298 0.160299 0.130543 0.110552 0.102183 0.106388 0.124302 0.15756 0.207873 0.275667 0.356834 0.435523 0.478414 0.46168 0.408091 0.352181 0.307388 0.274326 0.252131 0.240738 0.23869 0.241549 0.242848 0.237264 0.223081 0.20146 0.174587 0.145197 0.11646 0.0911306 0.0707311 0.0554637 0.0446518 0.037252 0.0322233 0.0287234 0.0261742 0.0242425 0.0227824 0.0217798 0.0213251 0.021617 0.0229812 0.0258802 0.0308876 0.0385926 0.049387 0.0630793 0.0783631 0.0924458 0.101543 0.102692 0.095751 0.0834648 0.0695289 0.0567496 0.0464821 0.038943 0.0337128 0.0301241 0.0275034 0.0253072 0.0231832 0.0209687 0.0186449 0.0162736 0.0139425 0.0117315 0.00969972 0.007884 0.00630201 0.00495609 0.00383669 0.00292566 0.0021993 
0.012879 0.0187047 0.0265745 0.0366819 0.0487846 0.061942 0.0744941 0.0846136 0.0913739 0.0955098 0.0989963 0.103663 0.109895 0.116244 0.120278 0.120395 0.117277 0.113624 0.112495 0.11573 0.123264 0.133478 0.144677 0.15721 0.174601 0.202757 0.248382 0.318089 0.417981 0.551155 0.709083 0.861042 0.945305 0.854049 0.666426 0.526532 0.46632 0.482718 0.562191 0.665134 0.705141 0.629105 0.499505 0.38348 0.304389 0.263619 0.256612 0.276752 0.311994 0.340823 0.341885 0.31572 0.281308 0.254949 0.245329 0.259015 0.304665 0.392295 0.517755 0.595549 0.499612 0.348445 0.232587 0.157537 0.113178 0.0904249 0.083122 0.0872021 0.0992522 0.114983 0.128456 0.133591 0.127879 0.114301 0.0987162 0.0860677 0.0789071 0.0778011 0.0820867 0.0903434 0.100691 0.11117 0.120175 0.126631 0.129858 0.12966 0.126877 0.123653 0.122709 0.126044 0.13394 0.144734 0.155413 0.16273 0.164153 0.158423 0.145952 0.128752 0.109555 0.0907796 0.0740372 0.0601163 0.0491474 0.0408205 0.034607 0.0299513 0.0264056 0.0237023 0.02177 0.0207101 0.0207492 0.0221807 0.0252941 0.0302785 0.0370865 0.0452746 0.0539027 0.0616447 0.067219 0.0699897 0.0703278 0.0694306 0.0687459 0.0693915 0.0718177 0.07575 0.0803678 0.0846583 0.0878252 0.0895764 0.0901893 0.0904347 0.0915202 0.0951269 0.103499 0.119545 0.146948 0.190294 0.255024 0.346236 0.46228 0.572975 0.604342 0.543497 0.465038 0.410597 0.388425 0.398553 0.439152 0.504066 0.577591 0.631799 0.637127 0.589072 0.513256 0.434111 0.35976 0.29153 0.232159 0.185125 0.152116 0.132696 0.12509 0.126701 0.134201 0.14368 0.151363 0.154761 0.153376 0.14833 0.141413 0.134351 0.128512 0.124892 0.124256 0.127377 0.135282 0.149413 0.171643 0.204086 0.248583 0.305674 0.37283 0.442558 0.503134 0.544085 0.558688 0.5391 0.484191 0.41207 0.346008 0.298441 0.271667 0.263265 0.269027 0.283735 0.302324 0.323141 0.35028 0.389807 0.440468 0.484162 0.491333 0.456131 0.407062 0.372412 0.366088 0.394117 0.460109 0.565227 0.69988 0.815948 0.816486 0.698432 0.549206 0.415001 0.308797 0.230789 0.176188 0.138884 0.113316 0.0953313 0.0823956 0.0733268 0.0677541 0.0655806 0.0666115 0.0703627 0.0760057 0.0824204 0.0883491 0.0926745 0.094823 0.0951213 0.0947803 0.0953905 0.0982414 0.103844 0.11174 0.120526 0.128148 0.132705 0.133562 0.131755 0.128968 0.125937 0.121846 0.115279 0.105853 0.0949744 0.0851867 0.0790229 0.0783453 0.0842692 0.0973016 0.117388 0.143724 0.174242 0.204839 0.229187 0.241014 0.238802 0.2278 0.216451 0.212125 0.219669 0.240842 0.27176 0.298954 0.303011 0.277296 0.235863 0.195623 0.164342 0.142763 0.129165 0.121837 0.119846 0.122947 0.130993 0.142927 0.155684 0.164125 0.163358 0.152332 0.134654 0.115691 0.0996826 0.0890697 0.0851935 0.0891373 0.10223 0.126058 0.161683 0.207394 0.254697 0.286458 0.287619 0.262056 0.226732 0.194075 0.167816 0.147189 0.130644 0.117293 0.106914 0.0994868 0.0949424 0.0932503 0.0946512 0.0998057 0.109836 0.126413 0.151992 0.190023 0.244451 0.317265 0.402782 0.481577 0.528084 0.534393 0.513851 0.480184 0.433713 0.370627 0.299799 0.236748 0.190158 0.160602 0.144675 0.138014 0.136724 0.138091 0.141103 0.146703 0.157694 0.178409 0.214364 0.271283 0.350947 0.438282 0.487002 0.46739 0.424747 0.408579 0.434105 0.493072 0.560887 0.617434 0.674848 0.750166 0.808844 0.786838 0.70551 0.606706 0.498202 0.389894 0.296141 0.224145 0.173702 0.141077 0.121511 0.110329 0.103567 0.0985507 0.0942971 0.0913941 0.0913531 0.0958754 0.10645 0.124427 0.151546 0.190721 0.246341 0.321891 0.409978 0.473404 0.464655 0.405542 0.350399 0.322191 0.321064 0.337895 0.358583 0.368481 0.360682 0.339198 0.3119 0.283571 0.255301 0.226991 0.199363 0.174361 0.154445 0.141739 0.137551 0.142254 0.155176 0.174174 0.194897 0.21086 0.216348 0.211104 0.201061 0.193795 0.194472 0.205307 0.226964 0.259372 0.299214 0.333259 0.338003 0.302926 0.246451 0.192176 0.151421 0.126361 0.115791 0.117702 0.129624 0.147974 0.167397 0.181239 0.183922 0.174005 0.155023 0.133086 0.113795 0.100892 0.0966267 0.102731 0.121302 0.155417 0.209534 0.289495 0.400255 0.532024 0.616103 0.56425 0.450701 0.354649 0.288091 0.24433 0.216875 0.201747 0.195503 0.193649 0.190983 0.183543 0.17017 0.152039 0.131192 0.109698 0.0894398 0.0718795 0.0577968 0.047249 0.0397596 0.0345926 0.0309908 0.0283344 0.0262106 0.0244108 0.0228847 0.0216871 0.0209448 0.0208522 0.0216809 0.0237815 0.0275531 0.0333563 0.0413464 0.051217 0.0619141 0.0715389 0.0777757 0.0789324 0.0749434 0.067399 0.05857 0.0503472 0.0437629 0.0390427 0.035872 0.033672 0.0318273 0.0298537 0.0274935 0.024721 0.0216742 0.0185564 0.0155549 0.0128014 0.0103663 0.00827255 0.00651198 0.00505932 0.00388102 0.00294059 0.0022016 
0.0104435 0.0148071 0.0205159 0.0276207 0.0359074 0.0448076 0.0534573 0.0609932 0.0669965 0.0717622 0.0761075 0.0807983 0.0859917 0.0910806 0.0950979 0.097487 0.0987102 0.100201 0.103676 0.110243 0.11978 0.131032 0.142803 0.15585 0.174003 0.203641 0.252601 0.329945 0.446216 0.610265 0.808738 0.955525 0.95392 0.824613 0.652099 0.522031 0.462913 0.474243 0.542218 0.628299 0.660383 0.595125 0.476646 0.364544 0.284334 0.238705 0.222516 0.228202 0.245801 0.262939 0.269198 0.262421 0.248595 0.236419 0.234411 0.25162 0.298888 0.387388 0.513301 0.591504 0.497041 0.34736 0.232749 0.158993 0.11629 0.0959686 0.0924604 0.102424 0.12298 0.149236 0.172168 0.180638 0.16965 0.145344 0.118569 0.097002 0.0836504 0.0786564 0.0809592 0.0890988 0.101515 0.116658 0.132877 0.14793 0.1586 0.161723 0.156799 0.147325 0.138826 0.135862 0.140596 0.152845 0.1704 0.188999 0.202442 0.204546 0.192999 0.170889 0.14381 0.116555 0.0921031 0.071869 0.0561355 0.0444562 0.0360342 0.0300225 0.0257128 0.0226206 0.0204955 0.0192864 0.0190859 0.0200663 0.0224133 0.0262494 0.0315445 0.0380235 0.045116 0.0520136 0.0578841 0.0621939 0.06498 0.0668952 0.0689647 0.0721467 0.0768816 0.0828145 0.0888464 0.0935857 0.0960467 0.0961633 0.0947603 0.0931163 0.0925788 0.0944987 0.10042 0.112323 0.132747 0.164665 0.210818 0.271774 0.34132 0.400359 0.423076 0.405339 0.370277 0.340593 0.327357 0.334043 0.359422 0.397251 0.435552 0.458693 0.454351 0.42189 0.372119 0.317469 0.265242 0.218648 0.179734 0.15026 0.131302 0.122997 0.124548 0.134107 0.148504 0.163316 0.173942 0.177507 0.174038 0.165777 0.155562 0.145736 0.137854 0.132806 0.131075 0.133072 0.13948 0.151539 0.17112 0.200459 0.241472 0.294618 0.357586 0.424773 0.488971 0.543728 0.579133 0.574289 0.517795 0.434811 0.358465 0.303631 0.271485 0.257991 0.257723 0.265092 0.275516 0.28743 0.303088 0.325531 0.353025 0.375938 0.382023 0.369013 0.348151 0.334 0.336938 0.363271 0.416659 0.496483 0.590815 0.665754 0.67487 0.607477 0.498727 0.387028 0.2927 0.220967 0.169577 0.133869 0.109229 0.0920931 0.0802253 0.0725443 0.0687196 0.0687369 0.0725562 0.0798744 0.0899444 0.101413 0.112229 0.119894 0.122396 0.11949 0.113055 0.105982 0.100647 0.098189 0.0986202 0.101278 0.105321 0.110219 0.116097 0.123552 0.132702 0.141889 0.147314 0.144946 0.133863 0.117429 0.100894 0.0885321 0.0826873 0.0841936 0.0929995 0.108473 0.12934 0.153329 0.176774 0.194828 0.203216 0.201053 0.191894 0.181612 0.175508 0.176806 0.185999 0.200053 0.212177 0.214755 0.205195 0.187901 0.169485 0.154044 0.142592 0.134612 0.129466 0.127008 0.127573 0.131492 0.138243 0.145567 0.149499 0.146289 0.135183 0.119074 0.102315 0.08843 0.0794749 0.0765406 0.08041 0.0919201 0.11187 0.140287 0.174812 0.208611 0.230652 0.232343 0.215552 0.189992 0.164276 0.142253 0.124475 0.110376 0.0994505 0.0915176 0.0865856 0.0847123 0.0859938 0.0906254 0.098946 0.111469 0.128996 0.152878 0.185233 0.228579 0.284099 0.34838 0.410667 0.455161 0.469798 0.454496 0.418693 0.370472 0.314265 0.25662 0.20579 0.166957 0.140887 0.125549 0.117913 0.115064 0.114886 0.116522 0.12058 0.128991 0.144572 0.170335 0.208142 0.255792 0.30283 0.332061 0.336283 0.330221 0.334758 0.36039 0.405152 0.459376 0.515316 0.57373 0.632486 0.667557 0.649942 0.588952 0.509705 0.42441 0.34153 0.269922 0.214957 0.177509 0.155426 0.144836 0.140889 0.13862 0.134433 0.127508 0.119805 0.114595 0.114917 0.122973 0.140466 0.169633 0.214913 0.284841 0.39253 0.547114 0.694115 0.647185 0.501479 0.400034 0.356072 0.357926 0.389401 0.426538 0.439568 0.415248 0.368375 0.318765 0.275566 0.239795 0.209776 0.184169 0.162935 0.147164 0.138493 0.138598 0.148853 0.169904 0.200532 0.235309 0.262758 0.270062 0.255174 0.229415 0.205872 0.191659 0.188652 0.196188 0.212216 0.232294 0.247859 0.248348 0.229481 0.197769 0.163935 0.135579 0.115983 0.105745 0.104142 0.109597 0.119626 0.13076 0.139029 0.141217 0.136292 0.125843 0.113123 0.101601 0.0941172 0.0928832 0.100005 0.118175 0.151445 0.206198 0.292416 0.424382 0.612098 0.770193 0.652249 0.470949 0.343804 0.263089 0.212875 0.182246 0.164602 0.155323 0.150197 0.145262 0.137706 0.126633 0.112777 0.0975801 0.0824917 0.0686963 0.0570127 0.0478239 0.0410782 0.0363843 0.0331669 0.030831 0.0288963 0.0270714 0.025261 0.0235193 0.0219875 0.0208463 0.0202991 0.0205744 0.021926 0.0246074 0.0288059 0.0345276 0.0414467 0.0487773 0.0552959 0.0596486 0.0609146 0.0590897 0.0550946 0.0502923 0.0458977 0.0426225 0.0406081 0.0395387 0.0388308 0.0378518 0.0361279 0.0334797 0.0300323 0.0261077 0.0220751 0.0182359 0.0147793 0.0117896 0.00927764 0.00721229 0.00554301 0.00421359 0.00316906 0.00235893 
0.00852243 0.0118451 0.0160947 0.021286 0.0272826 0.0337699 0.0403047 0.046463 0.0520308 0.0571107 0.0620412 0.0671533 0.0725188 0.0778613 0.0827174 0.0867838 0.0902471 0.0938605 0.0986668 0.105463 0.114307 0.124535 0.135652 0.148797 0.167676 0.198349 0.248694 0.328672 0.451312 0.631491 0.865774 1.01695 0.916776 0.747927 0.593715 0.482992 0.428496 0.429257 0.472259 0.526437 0.54442 0.498538 0.411243 0.322527 0.255052 0.21408 0.196922 0.198117 0.210777 0.227014 0.239408 0.243385 0.238944 0.230825 0.227141 0.237365 0.270403 0.330672 0.404877 0.439756 0.38695 0.290787 0.205723 0.146869 0.112306 0.0974519 0.0990726 0.115545 0.14538 0.183923 0.218977 0.232143 0.214344 0.17691 0.137701 0.107114 0.0879807 0.0796491 0.0806035 0.0895096 0.105485 0.127942 0.155801 0.185701 0.210139 0.219451 0.209941 0.188826 0.167957 0.156147 0.157666 0.173729 0.203061 0.240212 0.272943 0.285203 0.269894 0.234999 0.192992 0.152161 0.116596 0.0879185 0.0661844 0.0504827 0.0394926 0.0319066 0.0266625 0.023024 0.0205669 0.0191191 0.018686 0.0193788 0.0213493 0.0247278 0.0295549 0.0357054 0.0428205 0.0502903 0.0573489 0.0633254 0.0679967 0.0718438 0.0759682 0.0816013 0.0893935 0.098801 0.10794 0.114285 0.116122 0.113716 0.109042 0.104462 0.101672 0.10158 0.104816 0.112334 0.125686 0.146739 0.176792 0.215024 0.256464 0.291256 0.309078 0.307703 0.294965 0.281799 0.276443 0.282935 0.300771 0.32456 0.344961 0.352254 0.341262 0.313824 0.276693 0.237118 0.200049 0.168149 0.142936 0.125516 0.116707 0.116924 0.125932 0.142375 0.163188 0.183492 0.197895 0.203016 0.199113 0.18918 0.176855 0.165065 0.155671 0.149555 0.1469 0.147601 0.151793 0.160334 0.175023 0.198266 0.232166 0.277288 0.331728 0.391449 0.452206 0.509938 0.553724 0.558016 0.50728 0.427267 0.352727 0.298774 0.266222 0.250518 0.245841 0.246801 0.249746 0.253812 0.260624 0.271968 0.286844 0.300603 0.307879 0.307367 0.303258 0.302205 0.310302 0.332426 0.372028 0.42905 0.495288 0.549901 0.564405 0.523973 0.443583 0.352663 0.271804 0.208254 0.161528 0.128351 0.10514 0.0890364 0.0782144 0.0718053 0.0696301 0.0718869 0.0788809 0.0907833 0.107313 0.127174 0.147253 0.162335 0.167008 0.159652 0.144112 0.126534 0.111484 0.10087 0.0948532 0.09299 0.0949878 0.101081 0.112086 0.128947 0.151432 0.175962 0.19416 0.196224 0.17958 0.151957 0.124011 0.102633 0.0903742 0.0873136 0.0924967 0.104491 0.121381 0.140548 0.15858 0.171726 0.177167 0.17454 0.166329 0.156586 0.149099 0.146215 0.148368 0.153995 0.160011 0.163295 0.162617 0.159134 0.154866 0.150989 0.147456 0.143724 0.139579 0.135473 0.132337 0.13104 0.131676 0.132944 0.132273 0.127191 0.117149 0.104 0.0906996 0.0798032 0.0729214 0.0709583 0.0745135 0.084076 0.0998711 0.121294 0.145975 0.169041 0.183999 0.186239 0.176405 0.159419 0.140558 0.123067 0.108231 0.0963348 0.0874042 0.0815044 0.07877 0.0793548 0.0833955 0.0909832 0.102126 0.116738 0.134775 0.156566 0.183216 0.216548 0.257971 0.306237 0.355158 0.393416 0.408951 0.397197 0.364021 0.318926 0.269504 0.221743 0.180513 0.14858 0.126245 0.112079 0.103933 0.0997165 0.0979145 0.0979176 0.100124 0.105773 0.116537 0.133893 0.158174 0.187281 0.215928 0.237811 0.251193 0.26184 0.278606 0.30721 0.347793 0.396116 0.446665 0.494332 0.53161 0.54589 0.527709 0.482269 0.422713 0.359216 0.299002 0.248097 0.21062 0.188196 0.180081 0.183123 0.19146 0.197263 0.194094 0.181178 0.163648 0.148416 0.140632 0.143061 0.157178 0.184894 0.230873 0.305561 0.428617 0.631956 0.937953 0.791133 0.552773 0.425626 0.379918 0.395423 0.455157 0.527373 0.55265 0.501508 0.417441 0.340293 0.280682 0.236677 0.203796 0.17843 0.158843 0.145141 0.138756 0.141846 0.156844 0.185953 0.229582 0.282164 0.326108 0.336706 0.308867 0.263984 0.222941 0.194143 0.178396 0.173846 0.177629 0.18567 0.192408 0.19217 0.182214 0.16437 0.143274 0.123493 0.108054 0.0983603 0.0945766 0.0959444 0.100932 0.107372 0.112823 0.115244 0.11372 0.108775 0.102053 0.0956791 0.0917454 0.0922131 0.0991829 0.115413 0.145003 0.194244 0.272442 0.391127 0.551278 0.669081 0.581678 0.426315 0.308239 0.230604 0.181458 0.150943 0.132496 0.121583 0.11462 0.108673 0.101758 0.093135 0.083128 0.0726027 0.0624941 0.053561 0.0462912 0.0408665 0.0371664 0.0348195 0.033305 0.0320867 0.0307468 0.0290757 0.0270859 0.0249535 0.02293 0.0212716 0.0202067 0.0199358 0.0206361 0.0224505 0.0254459 0.0295448 0.0344455 0.0395787 0.0441638 0.0474147 0.0488445 0.0485024 0.0469688 0.0450993 0.0436803 0.0431672 0.0435756 0.0445084 0.0452925 0.0452025 0.0437218 0.0407291 0.0365094 0.0315902 0.026523 0.0217304 0.0174594 0.0138076 0.0107751 0.0083102 0.00633985 0.00478699 0.00357878 0.00265005 
0.00707692 0.00969535 0.0130062 0.0170312 0.0217087 0.0268839 0.0323385 0.0378618 0.0433408 0.0488141 0.0544444 0.0604064 0.0667409 0.073254 0.0795339 0.08512 0.0897845 0.0937732 0.0977955 0.102681 0.108931 0.11663 0.126022 0.138507 0.157335 0.187598 0.235992 0.31095 0.422738 0.580146 0.76837 0.873037 0.788367 0.644734 0.518322 0.427302 0.3775 0.367163 0.385728 0.411822 0.417858 0.388115 0.332112 0.271855 0.223445 0.193123 0.181137 0.185134 0.201367 0.224476 0.246948 0.260033 0.258229 0.244573 0.229397 0.223743 0.234528 0.261449 0.292117 0.301321 0.272441 0.219395 0.166505 0.126747 0.103047 0.0947634 0.101211 0.122571 0.158828 0.206128 0.250481 0.267482 0.244228 0.19692 0.149111 0.112721 0.0900953 0.0799831 0.0807319 0.0914749 0.112459 0.144858 0.18954 0.243437 0.293059 0.314047 0.29394 0.250547 0.209457 0.184911 0.182242 0.203693 0.250099 0.316994 0.384083 0.412188 0.382354 0.320472 0.254188 0.194544 0.144937 0.106261 0.077813 0.0578334 0.0442203 0.0350579 0.0288638 0.0246358 0.0217928 0.020075 0.0194413 0.0199833 0.0218605 0.0252473 0.0302749 0.0369506 0.0450481 0.0540037 0.0629189 0.0708178 0.0771935 0.0825594 0.0885074 0.0970383 0.109409 0.124918 0.140224 0.150283 0.151547 0.144943 0.134997 0.126246 0.120924 0.119034 0.119702 0.1226 0.128605 0.139341 0.155975 0.177965 0.202273 0.223766 0.237475 0.241704 0.23916 0.235248 0.23546 0.243237 0.258334 0.275977 0.288091 0.287478 0.272269 0.246214 0.215292 0.184609 0.157357 0.13521 0.119098 0.10974 0.107833 0.113957 0.128239 0.149716 0.175566 0.200862 0.219869 0.228727 0.227278 0.21831 0.205626 0.19274 0.182205 0.17525 0.171838 0.171189 0.172585 0.176255 0.18391 0.19834 0.222116 0.256153 0.298977 0.347351 0.397837 0.446375 0.482766 0.487502 0.450146 0.388558 0.328837 0.284339 0.256799 0.242518 0.236105 0.232693 0.229629 0.227084 0.227026 0.231193 0.239429 0.24954 0.258827 0.266052 0.27206 0.278905 0.289125 0.305846 0.332433 0.370329 0.415387 0.454681 0.468364 0.442507 0.383854 0.313246 0.247642 0.194224 0.153687 0.124044 0.102768 0.087773 0.0777516 0.0721909 0.0712137 0.0753942 0.0856149 0.102927 0.128201 0.161079 0.197654 0.227807 0.23779 0.222222 0.190634 0.156904 0.129134 0.109442 0.097249 0.0916163 0.0922683 0.0998936 0.116103 0.142926 0.181167 0.226498 0.264111 0.272104 0.24377 0.197032 0.152459 0.119708 0.100448 0.0932506 0.0959464 0.106214 0.12145 0.13854 0.15393 0.164244 0.167341 0.163246 0.154147 0.143353 0.133936 0.127865 0.125768 0.127123 0.13071 0.1353 0.140243 0.145448 0.150733 0.155232 0.157521 0.156437 0.151875 0.144918 0.137262 0.130449 0.12521 0.121105 0.116713 0.110537 0.102101 0.0922935 0.0827558 0.0750544 0.0703114 0.0692725 0.0724778 0.0802907 0.0927028 0.108934 0.126971 0.143439 0.154391 0.15709 0.151497 0.140009 0.125809 0.111494 0.098686 0.0882627 0.0807156 0.0763772 0.0755146 0.0783374 0.0849565 0.0953008 0.109013 0.125409 0.143653 0.16324 0.184637 0.209504 0.239852 0.276065 0.31461 0.347096 0.362904 0.355608 0.327398 0.286512 0.241845 0.200015 0.164881 0.137867 0.118574 0.105547 0.0970106 0.0914211 0.0877904 0.0858254 0.0858946 0.0888416 0.0956713 0.107135 0.123233 0.142769 0.163424 0.182936 0.201023 0.220228 0.244536 0.277033 0.318218 0.365299 0.412283 0.450967 0.473001 0.472719 0.449952 0.410627 0.363258 0.31513 0.271718 0.237411 0.215732 0.209164 0.218639 0.242069 0.271733 0.293013 0.291199 0.265158 0.228313 0.195234 0.173864 0.166622 0.173607 0.1952 0.234341 0.298736 0.401445 0.552275 0.697503 0.648359 0.503128 0.40851 0.381363 0.41678 0.507317 0.623449 0.668944 0.584566 0.463124 0.362513 0.289769 0.239227 0.203905 0.178274 0.159201 0.146093 0.14036 0.144627 0.162161 0.196381 0.249274 0.316106 0.375094 0.389722 0.351461 0.292138 0.238605 0.199225 0.173841 0.160212 0.155593 0.156622 0.159257 0.159473 0.154598 0.144312 0.13044 0.115804 0.103013 0.0937767 0.0887975 0.0879243 0.0903365 0.0946963 0.099369 0.102796 0.103956 0.102702 0.0997881 0.0965737 0.0946498 0.0956543 0.101399 0.114237 0.137505 0.175807 0.234475 0.316032 0.407549 0.459274 0.422783 0.336607 0.254794 0.193811 0.152121 0.124669 0.10698 0.0956114 0.0878663 0.0816473 0.0755506 0.0689589 0.0619337 0.0549328 0.0485218 0.0431841 0.0392231 0.0367144 0.0354881 0.0351498 0.0351546 0.0349393 0.034081 0.032419 0.0300758 0.0273731 0.0247015 0.0224148 0.0207826 0.0199909 0.0201588 0.0213455 0.0235335 0.0265945 0.0302529 0.034081 0.0375595 0.040216 0.0418023 0.0424181 0.0424963 0.0426426 0.0434035 0.0450589 0.0474992 0.0502096 0.052379 0.0531429 0.0519039 0.0485763 0.0435954 0.0376888 0.0315834 0.0258155 0.020687 0.0163123 0.0126883 0.00975051 0.00741014 0.0055732 0.00415054 0.00306229 
0.00601558 0.00817083 0.0108938 0.0142269 0.0181681 0.0226652 0.0276298 0.0329724 0.0386517 0.0447118 0.0512799 0.0585025 0.0664204 0.0748157 0.0831054 0.0904141 0.0959225 0.0993759 0.101358 0.10303 0.105558 0.109811 0.116646 0.127553 0.145146 0.173218 0.21653 0.280443 0.369565 0.482361 0.595968 0.652491 0.616147 0.529223 0.439262 0.368 0.323315 0.305189 0.306689 0.314684 0.313977 0.295832 0.263463 0.227461 0.197623 0.17958 0.175717 0.186768 0.212307 0.249452 0.289515 0.315731 0.312312 0.282408 0.245255 0.217248 0.204673 0.205313 0.210202 0.207073 0.188847 0.159594 0.129179 0.105246 0.09132 0.0886469 0.0980779 0.120763 0.157228 0.203928 0.247292 0.263738 0.240893 0.194418 0.147248 0.111202 0.088794 0.0790733 0.0808805 0.0941975 0.120719 0.164013 0.228659 0.315701 0.408009 0.45154 0.40854 0.327028 0.257754 0.217239 0.208696 0.234528 0.299269 0.405356 0.531059 0.587394 0.519113 0.411605 0.315086 0.23533 0.171657 0.123414 0.088841 0.065143 0.0493444 0.0388992 0.0319222 0.0271817 0.0239832 0.022022 0.0212471 0.0217586 0.023741 0.0274193 0.033011 0.040639 0.0501774 0.0610539 0.0721515 0.0820839 0.0900096 0.0965985 0.104286 0.116372 0.135324 0.160677 0.186986 0.204306 0.204872 0.191109 0.173087 0.159312 0.152437 0.150381 0.149385 0.147188 0.144566 0.144223 0.14845 0.157611 0.169947 0.182365 0.19182 0.196807 0.198165 0.198758 0.202204 0.211075 0.225051 0.23981 0.248146 0.244191 0.22765 0.20325 0.176742 0.152197 0.131725 0.116228 0.106161 0.101985 0.104327 0.113874 0.13102 0.155208 0.184153 0.213536 0.238022 0.253443 0.25832 0.253682 0.242459 0.228897 0.217073 0.209182 0.205102 0.20316 0.201387 0.199059 0.197844 0.201318 0.212945 0.234208 0.264006 0.299383 0.336723 0.371495 0.395752 0.398437 0.375045 0.335482 0.295306 0.264355 0.244942 0.234556 0.228579 0.222767 0.215385 0.207699 0.202461 0.201876 0.206482 0.215275 0.226598 0.239002 0.251418 0.262966 0.27342 0.284334 0.299071 0.320438 0.34713 0.371236 0.379687 0.362575 0.322528 0.272044 0.222904 0.181156 0.148182 0.12304 0.104138 0.0901489 0.0803984 0.0749056 0.0742715 0.0795964 0.0925199 0.115342 0.150953 0.201707 0.265193 0.324804 0.346452 0.313191 0.252001 0.193783 0.149937 0.120431 0.102375 0.0935158 0.0931354 0.102102 0.12275 0.158522 0.212417 0.281659 0.345492 0.361674 0.314942 0.243019 0.179965 0.136194 0.110965 0.10091 0.102705 0.113323 0.129584 0.14775 0.163628 0.173365 0.174721 0.168013 0.155905 0.142035 0.129535 0.120306 0.115086 0.113861 0.116295 0.122027 0.130718 0.141758 0.153771 0.16439 0.170786 0.170935 0.164769 0.154166 0.141831 0.130079 0.120193 0.112314 0.105731 0.0995073 0.0931166 0.0866915 0.0807995 0.0761089 0.0732541 0.0728719 0.075606 0.0819585 0.0920116 0.105108 0.119619 0.133017 0.14246 0.145812 0.14252 0.133718 0.121565 0.108382 0.0960828 0.0860144 0.0790406 0.0757069 0.0763672 0.0812308 0.0903152 0.103313 0.119428 0.137336 0.155467 0.172711 0.189306 0.207226 0.229405 0.257808 0.291075 0.322918 0.342927 0.341454 0.316666 0.276428 0.232129 0.192115 0.16008 0.13637 0.119559 0.107604 0.0986227 0.0913706 0.0853735 0.0808026 0.0782357 0.0784209 0.0820697 0.0896618 0.101259 0.116399 0.134238 0.154037 0.175806 0.200595 0.230195 0.266391 0.309788 0.358083 0.40453 0.438871 0.452228 0.442448 0.414322 0.375672 0.333931 0.294808 0.262484 0.240422 0.232123 0.241472 0.272157 0.325128 0.392063 0.445324 0.445825 0.390734 0.317734 0.25618 0.215333 0.19462 0.191021 0.202327 0.228637 0.272818 0.338063 0.417509 0.474546 0.462198 0.404651 0.360413 0.358385 0.40733 0.506228 0.627695 0.677575 0.597365 0.475575 0.371236 0.294556 0.241636 0.205588 0.180068 0.16107 0.147595 0.141137 0.144613 0.161555 0.195531 0.248567 0.315921 0.376036 0.393025 0.357872 0.300385 0.246036 0.203118 0.17237 0.152768 0.142622 0.13945 0.140005 0.140756 0.138748 0.132542 0.122633 0.110953 0.099822 0.0910621 0.0856855 0.083967 0.0855952 0.0897565 0.0952063 0.100466 0.10422 0.105799 0.105458 0.104205 0.103358 0.104215 0.108104 0.1167 0.132304 0.157687 0.194928 0.242228 0.288347 0.311157 0.295314 0.251837 0.202611 0.160319 0.128081 0.104874 0.088662 0.0774326 0.0694298 0.0632275 0.0578239 0.052701 0.0477763 0.0432583 0.0394761 0.0367408 0.0352499 0.0350189 0.0358359 0.0372522 0.038641 0.0393441 0.0388783 0.0371047 0.0342606 0.0308378 0.0273931 0.0243985 0.0221784 0.0209155 0.0206843 0.0214767 0.0232075 0.0257035 0.0286933 0.0318205 0.0347016 0.0370294 0.0386907 0.0398376 0.0408629 0.0422713 0.0444925 0.0476992 0.0516803 0.0558073 0.0591348 0.0606619 0.059704 0.0561853 0.0506449 0.0439559 0.0369747 0.0303276 0.0243713 0.0192528 0.014986 0.0115123 0.00873897 0.00656163 0.00487727 0.00359142 
0.00523472 0.00708488 0.00943874 0.012361 0.0158958 0.0200623 0.0248588 0.0302819 0.0363574 0.043172 0.050882 0.0596669 0.069596 0.0804007 0.0912328 0.100635 0.107013 0.109545 0.108833 0.106624 0.104903 0.105268 0.108997 0.117509 0.132744 0.157213 0.193732 0.24478 0.310843 0.386518 0.454897 0.489592 0.476223 0.427658 0.367463 0.313312 0.274394 0.252876 0.245329 0.244403 0.241823 0.232431 0.216544 0.198535 0.183702 0.176533 0.180753 0.199876 0.237143 0.293539 0.360909 0.409953 0.401507 0.341553 0.272091 0.218319 0.184799 0.167005 0.157232 0.147795 0.134258 0.117091 0.0999291 0.0865705 0.0795608 0.080446 0.0904682 0.110767 0.141433 0.178809 0.211837 0.223809 0.20664 0.170757 0.132822 0.102931 0.0842557 0.0768986 0.0806694 0.0965362 0.127481 0.179117 0.259658 0.376548 0.517562 0.594125 0.51876 0.396308 0.301848 0.246767 0.230619 0.255517 0.328717 0.460424 0.641204 0.732529 0.613411 0.468587 0.353279 0.261492 0.189147 0.13501 0.0967784 0.070968 0.0539914 0.0428699 0.0354586 0.0304004 0.0269641 0.0248555 0.0240489 0.0246673 0.026914 0.0310393 0.0373082 0.0459176 0.0568147 0.0694182 0.0824129 0.0940212 0.103085 0.110498 0.119709 0.135646 0.162606 0.201269 0.244244 0.273656 0.273126 0.248253 0.219815 0.202274 0.197924 0.200466 0.200373 0.191873 0.177068 0.162449 0.153039 0.150221 0.152594 0.157524 0.162466 0.165916 0.16794 0.170109 0.174738 0.183507 0.195891 0.208167 0.214393 0.210015 0.195343 0.174834 0.153513 0.134662 0.119736 0.109183 0.103188 0.102087 0.106489 0.117185 0.134817 0.159337 0.189348 0.221818 0.252614 0.27756 0.292934 0.295963 0.287214 0.272183 0.257937 0.248439 0.243486 0.240235 0.23511 0.226107 0.21495 0.206486 0.205488 0.214129 0.231591 0.255013 0.280601 0.303888 0.319292 0.321255 0.308387 0.285997 0.262512 0.244142 0.232793 0.226672 0.221923 0.214989 0.204933 0.193889 0.185304 0.181871 0.184625 0.193136 0.20612 0.221827 0.237986 0.251823 0.261164 0.266405 0.270949 0.278636 0.290164 0.301252 0.304154 0.292754 0.267558 0.23487 0.201683 0.172273 0.147952 0.128206 0.111968 0.0985558 0.0880798 0.0813622 0.0796986 0.0847979 0.0990325 0.125951 0.170833 0.240489 0.339144 0.44962 0.496212 0.425161 0.316184 0.227822 0.167705 0.129565 0.10687 0.0956421 0.0944878 0.104164 0.127279 0.168015 0.230828 0.314839 0.397192 0.419801 0.359318 0.271041 0.197391 0.147787 0.119705 0.108811 0.111398 0.124278 0.144022 0.166294 0.185816 0.197365 0.197689 0.187252 0.170005 0.151015 0.134146 0.121364 0.11328 0.109945 0.111346 0.117527 0.128349 0.142996 0.159414 0.174156 0.183161 0.183555 0.175319 0.16122 0.145035 0.129806 0.117186 0.107597 0.100673 0.0957376 0.0921608 0.0894737 0.0873147 0.0854586 0.0840253 0.0836543 0.0853761 0.0901883 0.0985766 0.110175 0.123628 0.136703 0.146726 0.151336 0.14932 0.141097 0.128537 0.114218 0.100595 0.0895167 0.0821706 0.0792438 0.0811124 0.0879262 0.0995441 0.115334 0.13394 0.153272 0.170991 0.185576 0.197461 0.209433 0.225743 0.250193 0.283744 0.321868 0.352403 0.358725 0.333365 0.287185 0.23777 0.196203 0.165711 0.145038 0.131119 0.120642 0.111107 0.101434 0.091886 0.0834673 0.0773 0.0742922 0.0750691 0.0800068 0.0892677 0.102832 0.120553 0.142252 0.167785 0.197136 0.230659 0.269323 0.314043 0.363289 0.410296 0.443676 0.453879 0.440017 0.409008 0.369849 0.330184 0.295619 0.270022 0.256501 0.258885 0.282934 0.336444 0.426969 0.552966 0.673861 0.679547 0.560063 0.427575 0.32861 0.265264 0.229474 0.213408 0.211969 0.222842 0.245462 0.278397 0.314409 0.337658 0.335417 0.316716 0.305141 0.31972 0.369637 0.452497 0.542435 0.581741 0.538027 0.449868 0.361014 0.289997 0.239389 0.204779 0.180193 0.161376 0.147213 0.139296 0.140568 0.154221 0.182948 0.227419 0.282257 0.330411 0.347842 0.327738 0.286921 0.242643 0.202901 0.170901 0.148121 0.134571 0.128737 0.127908 0.128752 0.128129 0.124069 0.116428 0.106656 0.0968409 0.0888073 0.0837418 0.0822283 0.0843439 0.0896383 0.0970489 0.104961 0.111626 0.115895 0.11776 0.11817 0.118316 0.119083 0.121125 0.125341 0.133211 0.14651 0.166168 0.190314 0.212504 0.223124 0.216066 0.194151 0.165551 0.137195 0.112601 0.0928408 0.0777382 0.066548 0.0583086 0.0520752 0.0470941 0.042901 0.0393295 0.0364438 0.0344362 0.0335216 0.0338425 0.0353819 0.0378889 0.0408413 0.043493 0.045045 0.0449124 0.042955 0.0395248 0.0352985 0.0310183 0.0272912 0.0245095 0.0228644 0.0223955 0.0230354 0.0246321 0.0269551 0.029702 0.0325239 0.0350875 0.0371663 0.0387327 0.0400022 0.041391 0.0433891 0.0463839 0.0504893 0.0554247 0.0604835 0.0646358 0.0667999 0.0662316 0.0628315 0.0571499 0.0500917 0.0425559 0.0352227 0.0285146 0.0226453 0.0176842 0.0136069 0.0103338 0.00775771 0.00576361 0.00424177 
0.00464167 0.00628229 0.00839287 0.011058 0.0143586 0.0183673 0.0231495 0.028773 0.0353294 0.0429597 0.0518682 0.0622849 0.0743221 0.0876761 0.101236 0.112916 0.12025 0.121794 0.118256 0.112114 0.106203 0.102718 0.103162 0.108781 0.120916 0.141039 0.170499 0.20994 0.258125 0.309968 0.354971 0.379783 0.376494 0.348736 0.308242 0.267384 0.23461 0.213366 0.202831 0.199398 0.198595 0.197053 0.193592 0.18903 0.185514 0.186357 0.1962 0.220897 0.26699 0.339872 0.435475 0.514043 0.497761 0.399111 0.296515 0.220802 0.171997 0.142621 0.124765 0.112065 0.100686 0.0895707 0.0796194 0.0724228 0.0694371 0.0718257 0.0805683 0.0963208 0.118586 0.144049 0.165159 0.17236 0.16149 0.138142 0.112227 0.0910744 0.0780095 0.0741124 0.0801227 0.0977528 0.130607 0.18483 0.268955 0.390105 0.534722 0.6161 0.550487 0.432033 0.333562 0.270102 0.244482 0.259905 0.32211 0.43607 0.582713 0.653687 0.572716 0.453861 0.349583 0.262026 0.191171 0.137613 0.099734 0.0742209 0.0574839 0.0465089 0.0391417 0.0340578 0.0305917 0.0285235 0.0278857 0.0288263 0.0315371 0.0362312 0.0431317 0.0524149 0.0640373 0.0774239 0.0911899 0.103382 0.112716 0.120327 0.130478 0.149451 0.183347 0.234709 0.29564 0.339698 0.33809 0.30138 0.265098 0.250062 0.257759 0.275602 0.282346 0.264343 0.22928 0.193793 0.167624 0.15234 0.145504 0.143731 0.144167 0.145107 0.146179 0.148175 0.152444 0.159895 0.169855 0.179438 0.184363 0.181532 0.171332 0.157082 0.142498 0.129951 0.120367 0.113911 0.110658 0.110954 0.115495 0.125224 0.141087 0.163655 0.192692 0.226914 0.264026 0.300358 0.329456 0.342533 0.335869 0.31723 0.298681 0.286491 0.28001 0.27503 0.266412 0.250895 0.230337 0.211017 0.199043 0.197179 0.204789 0.219095 0.236341 0.252418 0.263283 0.265989 0.260305 0.249251 0.237365 0.228186 0.222785 0.219648 0.215651 0.208073 0.196686 0.184103 0.174092 0.169611 0.171961 0.180914 0.195136 0.212443 0.229772 0.243386 0.250242 0.250239 0.246819 0.244405 0.245043 0.247035 0.246218 0.238995 0.224958 0.20683 0.18821 0.171474 0.15702 0.143738 0.130286 0.116407 0.103355 0.0932977 0.0885498 0.0914041 0.104614 0.132295 0.181023 0.260658 0.382369 0.538961 0.616963 0.500217 0.351503 0.244119 0.175208 0.13285 0.108087 0.0959012 0.0944248 0.104108 0.127183 0.16716 0.227281 0.305019 0.378159 0.398148 0.346672 0.267896 0.199558 0.152336 0.125411 0.11565 0.120173 0.136364 0.161042 0.189551 0.215399 0.231178 0.231467 0.216519 0.192469 0.16692 0.144935 0.128453 0.117641 0.112244 0.112231 0.117796 0.128936 0.144797 0.163016 0.179553 0.189604 0.189749 0.180034 0.163885 0.145837 0.129393 0.116381 0.107324 0.102036 0.100037 0.100655 0.102896 0.105343 0.106539 0.105864 0.10417 0.103458 0.105822 0.112526 0.123601 0.137824 0.152848 0.16551 0.172501 0.171492 0.162269 0.146984 0.129152 0.112211 0.0986661 0.0899931 0.0869428 0.0898531 0.0987821 0.113403 0.132691 0.154557 0.17584 0.193137 0.204495 0.210947 0.21668 0.227677 0.249721 0.286193 0.334583 0.380443 0.396411 0.366508 0.309075 0.251789 0.208332 0.180555 0.164989 0.156211 0.14865 0.138417 0.124657 0.109155 0.0945959 0.0831334 0.0759887 0.0736993 0.0764797 0.0844678 0.0978277 0.116721 0.141124 0.170534 0.203843 0.239934 0.278913 0.322187 0.369672 0.415856 0.449787 0.461768 0.450412 0.421644 0.383749 0.345038 0.312551 0.290921 0.283174 0.293251 0.328579 0.401216 0.526442 0.71557 0.939389 0.95548 0.73264 0.536959 0.405374 0.324151 0.27573 0.24738 0.232225 0.227245 0.230835 0.240759 0.252514 0.259778 0.259085 0.254851 0.257581 0.277588 0.320326 0.382271 0.44513 0.47767 0.459878 0.403222 0.334784 0.274624 0.229746 0.198366 0.175575 0.157455 0.143004 0.133815 0.132588 0.141853 0.163175 0.195992 0.235397 0.27036 0.287723 0.282509 0.260465 0.229804 0.196813 0.166642 0.14316 0.128009 0.120558 0.118559 0.118933 0.118632 0.115591 0.109399 0.101165 0.0927104 0.0857556 0.0815702 0.0809715 0.0843548 0.0915648 0.101659 0.112835 0.1229 0.130297 0.134938 0.137887 0.140165 0.141938 0.142832 0.142922 0.143374 0.146099 0.152551 0.162329 0.172469 0.178384 0.176404 0.165857 0.148814 0.128482 0.107935 0.0894359 0.0741695 0.0623428 0.0535222 0.0470094 0.0421301 0.0383996 0.0355778 0.0336433 0.0327211 0.0329883 0.0345725 0.0374454 0.0413219 0.0455979 0.0493896 0.0517324 0.0519119 0.0497638 0.045741 0.0407048 0.0355938 0.0311674 0.0279043 0.0260195 0.0255287 0.0263074 0.0281264 0.0306703 0.0335555 0.0363733 0.038768 0.0405397 0.0417314 0.0426501 0.043795 0.0457047 0.0487751 0.0530959 0.0583497 0.063801 0.0684109 0.0711002 0.071108 0.0682674 0.0630116 0.0561213 0.0484253 0.0406212 0.0332242 0.0265709 0.0208383 0.0160715 0.0122209 0.00918141 0.00682586 0.00502701 
0.00416486 0.00564874 0.00758152 0.0100641 0.0132059 0.0171221 0.0219324 0.0277643 0.0347653 0.04312 0.0530625 0.0648474 0.0786084 0.0940188 0.109779 0.123312 0.131421 0.132129 0.126255 0.11691 0.10759 0.100869 0.0983239 0.101006 0.109797 0.125464 0.148462 0.178542 0.214113 0.251358 0.283779 0.303576 0.305344 0.289516 0.262218 0.231804 0.205264 0.186569 0.176743 0.174719 0.17838 0.185384 0.193488 0.200683 0.20606 0.211539 0.222698 0.247461 0.293938 0.368113 0.466094 0.546504 0.524011 0.413286 0.300422 0.216807 0.161603 0.127055 0.105655 0.0916985 0.0815562 0.0735142 0.0672586 0.0632188 0.0620679 0.064484 0.0710318 0.0819119 0.0963813 0.111947 0.124109 0.127994 0.121708 0.108057 0.092413 0.0794924 0.0721237 0.0718032 0.0797851 0.0980723 0.130168 0.181387 0.257841 0.361321 0.474347 0.543166 0.524277 0.447963 0.360887 0.290885 0.251975 0.250104 0.287007 0.358164 0.439828 0.479563 0.448906 0.380994 0.306636 0.236845 0.177209 0.130775 0.0973534 0.0745969 0.0595376 0.0495492 0.0427366 0.0379771 0.0347776 0.0330572 0.0329363 0.0345817 0.0381237 0.0436352 0.0511471 0.0606462 0.0719757 0.0845786 0.0972205 0.108179 0.116413 0.123283 0.133284 0.153022 0.189139 0.244959 0.312874 0.363643 0.363466 0.325911 0.294047 0.293274 0.327673 0.380415 0.406829 0.370876 0.299791 0.234243 0.188325 0.160541 0.145412 0.137818 0.134137 0.132345 0.131765 0.132673 0.135741 0.141334 0.14881 0.156215 0.160904 0.161074 0.157008 0.150692 0.144292 0.139023 0.135092 0.132294 0.13065 0.130689 0.133385 0.139972 0.151774 0.170036 0.195708 0.229273 0.270408 0.316434 0.358655 0.381528 0.37579 0.352212 0.328693 0.313355 0.304585 0.297031 0.284836 0.264246 0.237245 0.210846 0.191788 0.183112 0.184348 0.192927 0.20534 0.217875 0.227306 0.231718 0.231151 0.227409 0.222962 0.219623 0.217692 0.215785 0.211535 0.203177 0.19116 0.178326 0.168461 0.164575 0.168028 0.178451 0.194 0.211702 0.227829 0.238537 0.24119 0.236097 0.226761 0.217652 0.211466 0.208116 0.205637 0.202015 0.196693 0.190769 0.18595 0.183035 0.180762 0.175877 0.165226 0.148649 0.12957 0.112735 0.102018 0.100101 0.109418 0.133427 0.177685 0.250137 0.357665 0.485859 0.543236 0.455203 0.329629 0.232679 0.168436 0.128355 0.10487 0.0934927 0.0924362 0.101871 0.123259 0.158527 0.208233 0.267147 0.317361 0.331048 0.299126 0.244216 0.191353 0.151994 0.128676 0.120815 0.127164 0.146171 0.175334 0.210162 0.24331 0.264924 0.266403 0.247248 0.216396 0.184641 0.158266 0.138902 0.125982 0.118703 0.116821 0.120563 0.130043 0.144495 0.161587 0.177264 0.186701 0.186495 0.176752 0.161003 0.143882 0.128933 0.117983 0.111631 0.109945 0.112833 0.119871 0.129624 0.139098 0.14447 0.143544 0.137828 0.131636 0.12929 0.133281 0.144027 0.160244 0.179182 0.196708 0.207798 0.208174 0.196713 0.176432 0.152697 0.130522 0.113207 0.102446 0.0989665 0.103043 0.114688 0.133472 0.158016 0.185313 0.210495 0.228115 0.235215 0.233922 0.230887 0.234387 0.25183 0.288051 0.341958 0.398092 0.421073 0.387759 0.32353 0.263789 0.223445 0.203279 0.198156 0.199818 0.198562 0.187299 0.165816 0.139647 0.114987 0.0956006 0.0828726 0.07693 0.0775424 0.084579 0.0981388 0.118431 0.145391 0.17807 0.214242 0.2512 0.287997 0.326558 0.368726 0.411466 0.446113 0.463927 0.461709 0.441184 0.407601 0.37029 0.339279 0.320749 0.317298 0.331999 0.372817 0.45473 0.597203 0.810044 1.0367 1.04837 0.829468 0.620203 0.480576 0.395805 0.341649 0.302279 0.272247 0.250846 0.237399 0.230076 0.226159 0.222928 0.219423 0.217938 0.223425 0.241073 0.273479 0.317627 0.362135 0.388819 0.383243 0.347245 0.297183 0.249621 0.21234 0.185275 0.164924 0.14819 0.134336 0.124804 0.121842 0.127295 0.141899 0.164636 0.191885 0.217275 0.233842 0.23765 0.228756 0.209504 0.183989 0.157775 0.135874 0.120887 0.112824 0.109897 0.109435 0.108764 0.106043 0.100819 0.0939325 0.0868915 0.0812345 0.0782317 0.0788555 0.0837473 0.0930069 0.105844 0.120403 0.134264 0.145733 0.154868 0.162879 0.170246 0.175604 0.176704 0.17265 0.165168 0.157719 0.153532 0.154061 0.158458 0.163956 0.166846 0.163732 0.152947 0.135579 0.114974 0.0948346 0.0776144 0.0641809 0.054291 0.0472073 0.0421408 0.0384885 0.0359196 0.0343617 0.0339283 0.0348139 0.0371726 0.0409895 0.0459548 0.0513803 0.0562335 0.0593633 0.0598954 0.0576058 0.0530236 0.0471923 0.0412669 0.0361914 0.0325615 0.0306392 0.0304281 0.0317454 0.0342658 0.0375436 0.0410415 0.0441959 0.0465366 0.0478362 0.0482186 0.0481519 0.048312 0.0493686 0.051777 0.0556306 0.0605982 0.065956 0.0707211 0.0738878 0.0747095 0.0728998 0.0686395 0.0624256 0.054905 0.0467684 0.0386696 0.0311388 0.0245186 0.018955 0.0144385 0.0108657 0.00809277 0.00597151 
0.00375522 0.00510833 0.00689205 0.00921889 0.0122194 0.0160406 0.0208428 0.0267979 0.0340891 0.0429159 0.0534989 0.0660564 0.0806794 0.0969972 0.113631 0.127824 0.136103 0.136279 0.129194 0.118175 0.106936 0.0981555 0.0933946 0.093562 0.0992655 0.110878 0.128417 0.151332 0.178198 0.206328 0.231561 0.248886 0.254281 0.246875 0.229613 0.207819 0.18703 0.171543 0.163946 0.165273 0.175354 0.192839 0.214581 0.235132 0.248821 0.25521 0.26193 0.28012 0.317959 0.376815 0.445974 0.490757 0.464153 0.376413 0.280422 0.204172 0.151265 0.116969 0.0954193 0.0817801 0.0727233 0.0663428 0.0618333 0.0590878 0.0583451 0.0599476 0.0641574 0.0709249 0.0795539 0.0883939 0.0949618 0.0969006 0.0934339 0.0860347 0.077592 0.0709933 0.0683486 0.0710852 0.0805164 0.0985309 0.128177 0.173801 0.23994 0.327449 0.425797 0.507218 0.53631 0.494216 0.405073 0.31669 0.257363 0.233917 0.243408 0.276711 0.315919 0.336883 0.326487 0.29173 0.245426 0.196973 0.152988 0.117373 0.0910197 0.0727035 0.0603578 0.051995 0.0461684 0.0420895 0.0395284 0.0386038 0.039557 0.0425717 0.0476584 0.054611 0.063041 0.0724771 0.0824534 0.0924461 0.101672 0.109149 0.114515 0.119329 0.127636 0.145105 0.177135 0.22571 0.283206 0.326221 0.331087 0.309245 0.29624 0.318863 0.38965 0.499326 0.568949 0.497084 0.371352 0.27245 0.208877 0.171286 0.149973 0.137931 0.130845 0.126494 0.124068 0.123564 0.12525 0.12921 0.134988 0.141508 0.147457 0.15203 0.155426 0.158514 0.161927 0.165405 0.167915 0.168465 0.166992 0.164557 0.162851 0.163674 0.168811 0.180108 0.199435 0.228499 0.268241 0.316678 0.364175 0.391763 0.387002 0.361794 0.336417 0.319362 0.308366 0.297914 0.282781 0.259932 0.231363 0.203477 0.182474 0.171292 0.169719 0.175628 0.185981 0.197534 0.207541 0.214447 0.21817 0.219695 0.220239 0.220508 0.220248 0.218217 0.212768 0.203092 0.190354 0.177671 0.168869 0.166993 0.17336 0.187154 0.205412 0.223613 0.237017 0.242268 0.238446 0.227359 0.212864 0.199126 0.188869 0.182795 0.18021 0.180162 0.18241 0.187716 0.197266 0.211118 0.22591 0.23368 0.225924 0.201976 0.170449 0.141466 0.12112 0.111839 0.114714 0.131317 0.164444 0.217247 0.288496 0.359848 0.386246 0.342916 0.26774 0.199552 0.149863 0.117251 0.0978673 0.0889123 0.0892091 0.0988774 0.118723 0.149294 0.189195 0.232432 0.266515 0.276854 0.258973 0.223167 0.184176 0.152102 0.131683 0.124586 0.131108 0.150709 0.181625 0.219872 0.257959 0.284431 0.287951 0.267055 0.232813 0.198351 0.170585 0.150612 0.137059 0.128521 0.12451 0.125313 0.131268 0.141888 0.155194 0.167646 0.17508 0.174619 0.166409 0.153516 0.139997 0.129011 0.122246 0.120412 0.12404 0.133907 0.150534 0.172508 0.194348 0.206958 0.204004 0.188783 0.171276 0.160095 0.159208 0.168977 0.187668 0.211928 0.236409 0.253678 0.256363 0.241832 0.214657 0.183165 0.154475 0.132676 0.119537 0.115705 0.121471 0.136985 0.161992 0.195071 0.232322 0.26611 0.286379 0.287139 0.272771 0.255177 0.24615 0.253735 0.281872 0.328381 0.377963 0.3986 0.37024 0.315158 0.265831 0.237594 0.232816 0.247145 0.269651 0.282194 0.268857 0.23146 0.18569 0.144748 0.114018 0.0940565 0.0837684 0.0819762 0.0879507 0.101454 0.122494 0.15079 0.184948 0.221856 0.257559 0.290213 0.322068 0.356683 0.393892 0.428473 0.453679 0.464189 0.455898 0.429625 0.395866 0.368267 0.354451 0.35562 0.372345 0.411462 0.489554 0.62947 0.844222 1.07298 1.07422 0.863847 0.673701 0.557004 0.491426 0.44179 0.390543 0.341404 0.301067 0.270542 0.247781 0.230576 0.217376 0.207667 0.202426 0.203925 0.214625 0.235531 0.26432 0.293832 0.312809 0.311322 0.288581 0.253928 0.218758 0.189527 0.167109 0.149498 0.134695 0.122315 0.113539 0.110075 0.113176 0.123099 0.138815 0.157857 0.17656 0.190987 0.198011 0.195766 0.184072 0.165378 0.14443 0.125977 0.112747 0.105086 0.101651 0.1003 0.0989012 0.0960265 0.0913328 0.0854793 0.0796814 0.0752561 0.0733984 0.0751349 0.081251 0.0920465 0.106959 0.124372 0.142149 0.159025 0.175613 0.193311 0.21141 0.225272 0.228594 0.218988 0.200643 0.181006 0.166341 0.159913 0.162002 0.170217 0.17959 0.18338 0.176129 0.15761 0.132889 0.108131 0.0872201 0.0713515 0.0600639 0.0522622 0.0468386 0.0429691 0.0402118 0.0384816 0.0379495 0.0388991 0.0415706 0.0460023 0.0518804 0.0584323 0.0644484 0.0685306 0.0695629 0.0671926 0.0620061 0.0552689 0.0484267 0.0426781 0.038785 0.0370823 0.0375716 0.0400071 0.0439402 0.0487338 0.0535852 0.0576193 0.0600894 0.0606495 0.0595426 0.0575518 0.0557168 0.0549806 0.0559265 0.0586645 0.0628439 0.0677545 0.0724895 0.0761431 0.077988 0.0775719 0.0747186 0.0695145 0.0623391 0.0538714 0.0449631 0.0364101 0.0287677 0.0222988 0.0170319 0.012857 0.00960804 0.00711297 
0.00338325 0.00461608 0.00625859 0.00842951 0.0112719 0.0149523 0.0196557 0.025577 0.0329089 0.0418315 0.0525041 0.065044 0.0794268 0.0952042 0.111029 0.124342 0.131984 0.131975 0.12505 0.1142 0.102825 0.0934368 0.0875345 0.0859733 0.0892581 0.0976144 0.11093 0.128668 0.149745 0.172369 0.193887 0.210996 0.220561 0.220818 0.212208 0.197441 0.180886 0.167483 0.161598 0.166421 0.183884 0.214229 0.254065 0.293272 0.316929 0.319512 0.314436 0.32048 0.346364 0.386818 0.423999 0.433062 0.397401 0.327671 0.251545 0.187926 0.141896 0.111312 0.0919755 0.0799149 0.0721472 0.0668016 0.0629611 0.0603756 0.0591584 0.0595348 0.0616447 0.0653618 0.0701244 0.074867 0.0782177 0.0790428 0.0770967 0.0732821 0.0692879 0.0669317 0.067705 0.0727299 0.0830632 0.100219 0.126752 0.166605 0.224799 0.306072 0.412474 0.53784 0.640897 0.615488 0.47827 0.347656 0.261241 0.216719 0.204128 0.211925 0.226916 0.236031 0.231504 0.213385 0.186255 0.155632 0.126415 0.101867 0.0831635 0.0698349 0.0606134 0.0541766 0.0495972 0.0464993 0.0449873 0.0454425 0.0482812 0.053733 0.061654 0.0713965 0.0818123 0.0915127 0.0993696 0.104914 0.108257 0.10976 0.110161 0.111227 0.116125 0.128823 0.152602 0.187603 0.227336 0.257681 0.267484 0.264755 0.272681 0.314233 0.406563 0.550461 0.654936 0.557386 0.403529 0.292042 0.222784 0.181883 0.157844 0.14312 0.133438 0.126804 0.122563 0.120671 0.121226 0.124236 0.129526 0.136784 0.145752 0.15644 0.169119 0.183869 0.199874 0.214901 0.22561 0.229179 0.22537 0.216728 0.206723 0.198235 0.193554 0.194912 0.204629 0.224773 0.256332 0.297106 0.337913 0.362244 0.359631 0.339217 0.317417 0.301499 0.289708 0.27765 0.261662 0.240064 0.214693 0.190398 0.171987 0.161982 0.1605 0.166055 0.176296 0.18858 0.200574 0.210821 0.218895 0.225021 0.229482 0.232207 0.232582 0.22952 0.222011 0.21015 0.195938 0.183045 0.175632 0.17701 0.188593 0.209009 0.233438 0.254323 0.264632 0.2618 0.24825 0.22876 0.208127 0.190097 0.17694 0.169515 0.167772 0.171477 0.180908 0.197288 0.222616 0.257994 0.298964 0.329004 0.324807 0.283523 0.22811 0.179606 0.145954 0.127501 0.12261 0.130157 0.14994 0.181414 0.22035 0.254284 0.264461 0.242779 0.202022 0.160059 0.126352 0.102952 0.089018 0.0835002 0.0860544 0.0970556 0.117143 0.146334 0.182585 0.220144 0.249316 0.260152 0.249088 0.221707 0.18833 0.158179 0.137074 0.127927 0.131845 0.148747 0.177223 0.213707 0.251149 0.278323 0.283779 0.265727 0.2349 0.204131 0.179981 0.163005 0.151152 0.142453 0.136259 0.13315 0.134012 0.138961 0.146675 0.154452 0.15911 0.158501 0.152754 0.144181 0.135901 0.130422 0.129153 0.132907 0.142888 0.161393 0.191214 0.232631 0.277374 0.304672 0.296097 0.260282 0.221607 0.195799 0.187208 0.194728 0.215416 0.245138 0.277428 0.302259 0.308332 0.290884 0.256553 0.217319 0.182455 0.156604 0.141508 0.137846 0.146195 0.16721 0.201277 0.24763 0.302315 0.354123 0.382677 0.3726 0.334165 0.292159 0.263954 0.256306 0.269551 0.298537 0.329588 0.341485 0.323001 0.287724 0.258245 0.249245 0.267112 0.312368 0.374515 0.418702 0.399932 0.327369 0.246593 0.181722 0.13657 0.108294 0.093338 0.089021 0.093708 0.106571 0.127173 0.154834 0.187774 0.22251 0.254761 0.282431 0.307765 0.335054 0.3662 0.399107 0.42917 0.449913 0.453209 0.436617 0.410886 0.391449 0.386182 0.393899 0.41094 0.441209 0.501714 0.617505 0.809181 1.04815 1.04599 0.841 0.699546 0.642943 0.632021 0.599873 0.525857 0.44685 0.383655 0.334899 0.295704 0.2639 0.238638 0.219232 0.205627 0.198713 0.199638 0.208608 0.223721 0.240203 0.250986 0.249774 0.235329 0.212365 0.18759 0.165499 0.147333 0.132361 0.119658 0.109209 0.101939 0.0990468 0.101302 0.108647 0.120093 0.133818 0.147484 0.158645 0.16504 0.164852 0.157443 0.144322 0.12892 0.114875 0.104415 0.0979338 0.0944498 0.0923513 0.0900923 0.0867166 0.0820912 0.0768044 0.0718497 0.0683262 0.0672919 0.0697218 0.0764282 0.0878434 0.103715 0.123011 0.144523 0.168204 0.195984 0.230115 0.268569 0.300363 0.309058 0.288796 0.251651 0.21424 0.18695 0.173871 0.175232 0.188221 0.206073 0.217775 0.212867 0.190116 0.158156 0.126826 0.101432 0.0830369 0.0705462 0.0622298 0.0564899 0.0521973 0.0487997 0.0462733 0.04496 0.0453489 0.0478614 0.0526588 0.0594664 0.067429 0.075089 0.0806369 0.0825011 0.0800528 0.073955 0.0658607 0.0577025 0.0510709 0.0469552 0.0457794 0.0475426 0.051928 0.0583382 0.0658721 0.0733051 0.0791834 0.0821656 0.0815871 0.07789 0.0725021 0.0672033 0.0634537 0.062043 0.0630685 0.0660893 0.0703396 0.0749389 0.0790546 0.0819688 0.0830487 0.0817213 0.077599 0.0707494 0.0618502 0.0520016 0.0423113 0.0335624 0.0261262 0.0200541 0.0152207 0.0114355 0.00850589 
0.00303437 0.00414965 0.00564831 0.00764935 0.010299 0.0137696 0.0182525 0.0239431 0.0310183 0.0396118 0.0497934 0.0615479 0.0747053 0.0887413 0.102443 0.113727 0.120144 0.120198 0.114443 0.105172 0.0951058 0.0863967 0.0804399 0.078096 0.0798855 0.0860452 0.0965151 0.110929 0.128611 0.148531 0.169202 0.188578 0.204077 0.212818 0.212457 0.202911 0.187793 0.17356 0.166993 0.173591 0.197508 0.24139 0.303367 0.368759 0.406077 0.398466 0.373414 0.364812 0.382834 0.414605 0.432427 0.414368 0.362306 0.294115 0.227937 0.174264 0.135752 0.110488 0.0949148 0.0854768 0.0793717 0.0748162 0.0709973 0.0678095 0.065514 0.0644407 0.0647739 0.0664049 0.0688536 0.0713142 0.0728853 0.0729486 0.0715171 0.0693239 0.0675858 0.0676087 0.0704722 0.0769386 0.0876349 0.103529 0.126648 0.160821 0.212217 0.289936 0.407667 0.586562 0.837583 0.810607 0.54485 0.364769 0.257125 0.198688 0.172391 0.165353 0.166955 0.168664 0.165175 0.154987 0.139459 0.121348 0.103573 0.0882703 0.0763464 0.0676265 0.0613652 0.0567916 0.0534891 0.0515387 0.0514479 0.0539458 0.0597264 0.0691734 0.0820469 0.0971283 0.112002 0.123456 0.128882 0.127845 0.122201 0.114644 0.107525 0.102863 0.102788 0.109449 0.124186 0.146118 0.170813 0.191225 0.203341 0.212567 0.232516 0.278318 0.360267 0.469013 0.535807 0.481338 0.37463 0.286829 0.228623 0.192311 0.169193 0.153314 0.141549 0.132741 0.126721 0.123603 0.123464 0.126341 0.132369 0.141937 0.155745 0.174681 0.199396 0.229596 0.263182 0.295304 0.318169 0.324351 0.313173 0.291436 0.266905 0.244269 0.226091 0.214564 0.211908 0.219793 0.238413 0.265 0.291988 0.308237 0.307302 0.294226 0.278893 0.266346 0.255835 0.244655 0.230716 0.213426 0.194288 0.176509 0.163365 0.156827 0.157314 0.164065 0.175558 0.189873 0.205092 0.21969 0.232685 0.243458 0.251463 0.256023 0.256252 0.251196 0.240449 0.225079 0.208147 0.194199 0.18807 0.193704 0.213076 0.244637 0.281146 0.309442 0.317118 0.302626 0.274737 0.243308 0.214515 0.191424 0.175434 0.167114 0.16665 0.174235 0.190566 0.217529 0.258866 0.319464 0.39891 0.47113 0.473016 0.393522 0.297614 0.223141 0.174833 0.147508 0.135413 0.134483 0.142202 0.156366 0.173181 0.185959 0.187113 0.173829 0.150799 0.125791 0.10444 0.089172 0.0805666 0.0787694 0.0842316 0.0978708 0.120792 0.153506 0.194465 0.238069 0.273711 0.289169 0.278831 0.248388 0.209779 0.173701 0.146732 0.13195 0.130289 0.14136 0.163543 0.193403 0.224706 0.248197 0.255045 0.243982 0.223135 0.202535 0.187411 0.177655 0.170405 0.162901 0.154393 0.146264 0.140608 0.138619 0.139849 0.142459 0.144153 0.143377 0.140166 0.136076 0.13328 0.133564 0.137949 0.147244 0.16335 0.19055 0.235448 0.303599 0.388068 0.446931 0.424838 0.348071 0.275978 0.230782 0.212741 0.216924 0.238302 0.271782 0.310096 0.341403 0.351299 0.333114 0.294983 0.251494 0.213255 0.185205 0.169234 0.166501 0.178446 0.206773 0.252897 0.317258 0.397778 0.482267 0.531307 0.500596 0.418175 0.339595 0.28734 0.262505 0.259462 0.269912 0.28269 0.28586 0.274674 0.256919 0.246884 0.257606 0.299809 0.383429 0.511537 0.634819 0.598281 0.446106 0.312365 0.219672 0.16007 0.124133 0.105085 0.0985736 0.101955 0.113665 0.132651 0.157737 0.186906 0.216921 0.244183 0.267077 0.287559 0.309489 0.335336 0.364649 0.394281 0.418175 0.428352 0.422236 0.409074 0.402477 0.408927 0.424558 0.440755 0.457324 0.490373 0.562231 0.681925 0.808015 0.821084 0.739046 0.693716 0.736416 0.844222 0.848318 0.70851 0.586137 0.502266 0.435977 0.37689 0.326049 0.284823 0.251817 0.225705 0.206775 0.195887 0.19297 0.196256 0.202178 0.206031 0.203735 0.193957 0.178622 0.161169 0.144381 0.129511 0.116704 0.105869 0.0973101 0.091771 0.0900497 0.0925321 0.0988957 0.108065 0.118424 0.128194 0.135765 0.139801 0.139304 0.13403 0.125025 0.114488 0.10476 0.0972951 0.0923071 0.0890409 0.0863304 0.0831543 0.0790121 0.0740271 0.068808 0.0642083 0.0611355 0.0604734 0.0630651 0.0696598 0.0807699 0.0965095 0.116677 0.141453 0.172688 0.214724 0.272803 0.346548 0.416068 0.436846 0.391069 0.317784 0.253269 0.210057 0.189615 0.190143 0.207714 0.233898 0.253496 0.250525 0.222899 0.183774 0.146786 0.118173 0.0984857 0.0858248 0.0777228 0.0719954 0.0671469 0.0625492 0.058385 0.0553702 0.0543901 0.0561914 0.0611627 0.0691443 0.0792193 0.0895672 0.0976415 0.100956 0.0983055 0.0905289 0.0800741 0.0697616 0.0617862 0.0574116 0.057131 0.0609206 0.0683889 0.0787834 0.0908892 0.102879 0.112298 0.116579 0.114266 0.106152 0.0950097 0.0840844 0.0757253 0.0709631 0.0697479 0.0713713 0.0748464 0.0791904 0.0835721 0.0872794 0.0895491 0.089471 0.0862178 0.079554 0.0701594 0.0593792 0.0486089 0.0388212 0.030461 0.0235853 0.0180545 0.0136667 0.0102249 
0.00270465 0.00370233 0.00505102 0.00686408 0.00928175 0.012469 0.0166063 0.0218704 0.0284047 0.0362858 0.0454958 0.055903 0.0672229 0.0789036 0.0899406 0.0988102 0.103844 0.104062 0.0998361 0.0927314 0.0847177 0.0775057 0.0723476 0.0701145 0.0713901 0.0764993 0.0855155 0.0983004 0.114583 0.134024 0.156171 0.180126 0.203768 0.222773 0.231046 0.224743 0.207205 0.187954 0.177072 0.182125 0.208766 0.261671 0.341636 0.432528 0.484303 0.463243 0.417734 0.39866 0.416932 0.452944 0.464635 0.424599 0.351789 0.276113 0.212712 0.165766 0.134344 0.115296 0.10474 0.0989614 0.0950332 0.0912024 0.0869149 0.0824756 0.0785642 0.0758358 0.0746693 0.0750193 0.076364 0.0778192 0.0784595 0.0777489 0.0758436 0.0735788 0.0721669 0.0728035 0.0763648 0.0832848 0.0936817 0.107844 0.127112 0.154919 0.197621 0.265221 0.372578 0.539398 0.759336 0.740255 0.509485 0.341113 0.237336 0.177984 0.147205 0.133538 0.128534 0.126114 0.122513 0.116203 0.107415 0.0973984 0.0876561 0.0793102 0.0727802 0.0678515 0.0640247 0.0609354 0.0586541 0.0577734 0.0593005 0.0644409 0.0743417 0.0897858 0.110723 0.135476 0.159737 0.176604 0.179769 0.168628 0.148905 0.127744 0.109837 0.0973133 0.0910489 0.0914507 0.098355 0.110465 0.125044 0.138875 0.15089 0.16453 0.187114 0.226269 0.284353 0.348976 0.386026 0.36931 0.319855 0.270367 0.232991 0.206367 0.186168 0.169457 0.155301 0.143977 0.136058 0.131888 0.131525 0.135012 0.142763 0.155862 0.176081 0.205506 0.245696 0.296582 0.355378 0.414691 0.458722 0.467259 0.437986 0.390577 0.34237 0.299787 0.2645 0.237871 0.22143 0.215944 0.220568 0.232196 0.245178 0.252866 0.251723 0.243925 0.234322 0.225787 0.218193 0.210173 0.200681 0.1896 0.177945 0.167611 0.160629 0.158477 0.161853 0.170752 0.184577 0.202204 0.222069 0.242347 0.26118 0.276927 0.288272 0.294062 0.293099 0.284463 0.268459 0.247493 0.226054 0.209784 0.204311 0.214427 0.243238 0.290038 0.345611 0.388098 0.393943 0.363145 0.316198 0.270085 0.23179 0.202994 0.183893 0.174619 0.175465 0.186834 0.209412 0.245025 0.298434 0.379029 0.497189 0.63238 0.645504 0.501022 0.358939 0.262564 0.204403 0.171923 0.155315 0.148097 0.146379 0.147679 0.149631 0.149293 0.143891 0.1326 0.117343 0.101486 0.0879723 0.0785874 0.0742938 0.0758834 0.0844736 0.101746 0.12989 0.171049 0.225697 0.289051 0.345967 0.372357 0.354946 0.306584 0.249618 0.198861 0.160776 0.137188 0.127759 0.131101 0.144974 0.165938 0.188839 0.207085 0.215149 0.21256 0.204614 0.197986 0.196088 0.197675 0.198226 0.193242 0.181754 0.166898 0.153105 0.143217 0.137679 0.135235 0.134094 0.132979 0.131734 0.131279 0.133003 0.138043 0.146983 0.160459 0.180779 0.213845 0.270019 0.362278 0.494635 0.608384 0.560162 0.424539 0.31802 0.256423 0.230959 0.232156 0.25296 0.287408 0.327813 0.36205 0.375455 0.36096 0.3261 0.284982 0.248065 0.220471 0.204734 0.203292 0.219419 0.256698 0.317541 0.401993 0.508775 0.631808 0.715744 0.648126 0.502723 0.385285 0.312388 0.274421 0.259072 0.255485 0.254644 0.250328 0.241548 0.233728 0.236464 0.260797 0.319409 0.429679 0.617526 0.899806 0.804271 0.534921 0.359683 0.249445 0.181156 0.140618 0.119184 0.111467 0.114005 0.124481 0.141172 0.16245 0.186324 0.210309 0.232108 0.251012 0.268624 0.287638 0.309711 0.334403 0.359238 0.379878 0.391502 0.393527 0.392871 0.398977 0.415581 0.436664 0.450345 0.453226 0.459493 0.487678 0.541156 0.596162 0.617631 0.617739 0.655061 0.786309 1.06479 1.14329 0.874584 0.739691 0.661349 0.5819 0.493661 0.415261 0.353256 0.30291 0.260356 0.226139 0.201908 0.187608 0.181178 0.17925 0.17803 0.174365 0.166748 0.155566 0.142363 0.128789 0.116 0.104644 0.095172 0.0881107 0.0840939 0.0836444 0.0868621 0.0931817 0.101343 0.109668 0.116569 0.120987 0.122453 0.120902 0.116643 0.1105 0.103731 0.0975646 0.0926811 0.0890128 0.0859147 0.0825655 0.0783815 0.073262 0.0675842 0.0620233 0.0573487 0.0543055 0.0535937 0.0558881 0.0618321 0.0719894 0.0868374 0.107022 0.134136 0.172033 0.228108 0.313399 0.438321 0.587612 0.641873 0.526181 0.388269 0.289076 0.229139 0.201274 0.199603 0.218455 0.248273 0.271901 0.270695 0.24212 0.201423 0.163806 0.135745 0.117465 0.106578 0.100023 0.0949731 0.0894645 0.0828474 0.0757798 0.0697116 0.0662207 0.0665616 0.0714645 0.0809864 0.0942205 0.108881 0.121201 0.126967 0.123821 0.113013 0.0985744 0.084867 0.0749234 0.0702515 0.0713283 0.0780674 0.0900164 0.106309 0.125447 0.1449 0.160673 0.167778 0.162863 0.147324 0.126772 0.107215 0.0923218 0.0832117 0.0793647 0.0794962 0.082141 0.0860194 0.090202 0.094004 0.0966648 0.0971243 0.0942772 0.0876578 0.0779129 0.0665196 0.0550276 0.0444951 0.0353889 0.0277684 0.0215063 0.0164275 0.0123645 
0.00239738 0.00327797 0.00447191 0.00608202 0.00823497 0.011078 0.0147682 0.0194511 0.0252299 0.0321294 0.0400689 0.0488477 0.0581313 0.0674038 0.0758906 0.0825611 0.086374 0.0867476 0.0839259 0.0789126 0.0730587 0.0676682 0.0638287 0.0623987 0.0640244 0.0691351 0.0779482 0.0905284 0.106927 0.127365 0.152298 0.181981 0.214987 0.245625 0.26306 0.258161 0.234482 0.206494 0.188136 0.188061 0.211655 0.263133 0.343024 0.434917 0.487531 0.46596 0.420087 0.402357 0.424772 0.466744 0.477805 0.425318 0.340562 0.261547 0.20172 0.161619 0.13793 0.126336 0.122281 0.121433 0.120382 0.117297 0.112051 0.105665 0.0995331 0.0948714 0.092424 0.0922637 0.0936738 0.0952879 0.0956274 0.0938534 0.0902436 0.0860469 0.082894 0.082201 0.0848126 0.0908859 0.100016 0.11175 0.126579 0.147083 0.178514 0.228393 0.304469 0.406454 0.497519 0.489314 0.387384 0.280807 0.203582 0.155125 0.127533 0.113132 0.10592 0.101702 0.0979789 0.0936956 0.0888494 0.0840073 0.0798224 0.0766435 0.0743384 0.0724101 0.0703592 0.0681019 0.066217 0.0659269 0.0688908 0.0769599 0.0919654 0.115481 0.148321 0.189216 0.231928 0.262355 0.264119 0.2355 0.192292 0.15067 0.118083 0.0957513 0.082589 0.0771264 0.0779119 0.0833308 0.0915447 0.10102 0.111602 0.125291 0.145691 0.175934 0.215369 0.256029 0.283663 0.289267 0.278618 0.263001 0.247491 0.231279 0.213035 0.193609 0.175317 0.160399 0.150208 0.145149 0.145045 0.149742 0.159785 0.17694 0.204283 0.245619 0.304125 0.380597 0.472666 0.573785 0.659179 0.671483 0.600618 0.507677 0.426006 0.35895 0.304515 0.26229 0.232595 0.214943 0.207418 0.206717 0.208617 0.209149 0.206343 0.200973 0.195162 0.190329 0.186523 0.183088 0.179452 0.175485 0.171593 0.168634 0.167706 0.169944 0.176398 0.18793 0.205016 0.22742 0.253832 0.28171 0.307738 0.328901 0.343263 0.349475 0.345873 0.331195 0.306692 0.276931 0.248462 0.228061 0.221825 0.235046 0.271928 0.333369 0.409888 0.470659 0.475951 0.427922 0.362882 0.304185 0.258004 0.224145 0.201823 0.191151 0.192837 0.207477 0.235151 0.276027 0.332785 0.413986 0.531823 0.669351 0.680966 0.528463 0.38344 0.287816 0.231875 0.201282 0.184617 0.17418 0.165599 0.15695 0.14758 0.137165 0.125456 0.112641 0.0996266 0.0877808 0.0784346 0.0726372 0.0712914 0.0754862 0.0868608 0.107943 0.142419 0.195142 0.271054 0.370426 0.474183 0.525647 0.483636 0.39254 0.302096 0.229385 0.176872 0.142976 0.125117 0.12049 0.126121 0.138606 0.153905 0.167755 0.177187 0.182414 0.18694 0.195099 0.208811 0.225298 0.236963 0.235611 0.219657 0.195651 0.17198 0.153567 0.141434 0.134398 0.130687 0.12897 0.128807 0.130592 0.135107 0.142955 0.154308 0.169508 0.190759 0.224194 0.280821 0.37474 0.5119 0.633226 0.58104 0.438328 0.3285 0.265426 0.239174 0.23982 0.260109 0.293965 0.333884 0.368905 0.386586 0.380655 0.356069 0.323651 0.292316 0.267104 0.25151 0.250157 0.269607 0.316942 0.39604 0.50158 0.618398 0.734719 0.805156 0.709862 0.540186 0.411212 0.333657 0.292642 0.272197 0.260147 0.249335 0.237483 0.226419 0.221136 0.228702 0.2576 0.318159 0.423329 0.584102 0.758343 0.713791 0.524311 0.370999 0.266546 0.1991 0.158369 0.137027 0.12978 0.132638 0.142502 0.156931 0.173955 0.191912 0.209462 0.225922 0.241736 0.258345 0.277067 0.297741 0.318489 0.336742 0.350381 0.358633 0.363449 0.369896 0.383126 0.403594 0.42414 0.433191 0.426843 0.416231 0.416421 0.432327 0.456393 0.480495 0.514225 0.58604 0.726164 0.92729 1.00571 0.925188 0.888619 0.874068 0.780658 0.638163 0.520456 0.43513 0.365884 0.304231 0.252622 0.214717 0.190424 0.176749 0.169626 0.165117 0.160162 0.153034 0.143393 0.1319 0.119648 0.10773 0.097046 0.0883213 0.0821914 0.0792105 0.0797237 0.0836375 0.090198 0.0979555 0.105091 0.110074 0.112234 0.111797 0.10945 0.105936 0.101923 0.0979865 0.0945003 0.0914973 0.0886372 0.0853511 0.0811159 0.0757301 0.0694357 0.0628273 0.0566436 0.0515893 0.0482674 0.0472037 0.0489055 0.0539042 0.0627908 0.0763233 0.0957739 0.123696 0.16518 0.229495 0.332088 0.497111 0.756736 0.921761 0.631961 0.430396 0.307907 0.238082 0.20517 0.200008 0.215485 0.241802 0.263287 0.26387 0.241158 0.207684 0.176648 0.154165 0.140748 0.134173 0.131043 0.127699 0.121388 0.111454 0.0995191 0.0883975 0.0807808 0.0785922 0.0829466 0.0941868 0.111547 0.1323 0.150985 0.160516 0.156451 0.140856 0.120567 0.102266 0.0899211 0.0851065 0.0881324 0.0988128 0.116682 0.14085 0.16968 0.200122 0.226293 0.238892 0.230209 0.202668 0.1677 0.136049 0.112839 0.0987116 0.0921365 0.0908674 0.0926764 0.0957786 0.0990502 0.101894 0.103759 0.103731 0.100698 0.094089 0.0844251 0.0730817 0.0615207 0.0507298 0.0411439 0.0328467 0.0257836 0.0198728 0.0150296 
0.00212092 0.00288745 0.00392634 0.00532662 0.00719663 0.0096598 0.0128433 0.0168577 0.0217679 0.0275622 0.0341291 0.0412495 0.0485995 0.0557419 0.0621099 0.0670359 0.0699005 0.0703825 0.0686517 0.0653537 0.0614138 0.0578235 0.0555162 0.0553195 0.0579254 0.0638556 0.0734405 0.0868642 0.104329 0.126342 0.153936 0.188282 0.228771 0.269012 0.294037 0.289332 0.25889 0.222295 0.196412 0.189609 0.205413 0.245265 0.306393 0.373057 0.411467 0.402994 0.376748 0.368826 0.39034 0.424642 0.430682 0.383427 0.30888 0.240241 0.190413 0.160126 0.146115 0.143885 0.148291 0.15403 0.156779 0.154497 0.147725 0.138583 0.129497 0.122501 0.118954 0.119204 0.1222 0.125533 0.126374 0.12304 0.116012 0.107489 0.10007 0.095714 0.0953448 0.0988633 0.105374 0.113744 0.123624 0.13654 0.156124 0.186862 0.230991 0.282457 0.319651 0.315145 0.270387 0.21382 0.166363 0.133631 0.113558 0.102024 0.0952715 0.0907198 0.0870485 0.0839086 0.08151 0.0802262 0.0802535 0.081349 0.0827464 0.0833877 0.082482 0.0801147 0.0774942 0.0767142 0.0803095 0.0909411 0.111298 0.14411 0.192014 0.256372 0.332017 0.39399 0.396963 0.334074 0.251096 0.180678 0.130256 0.0972389 0.0773021 0.0668117 0.0630844 0.064106 0.0683424 0.0748589 0.0836505 0.0957966 0.113033 0.136641 0.165954 0.197433 0.225973 0.248651 0.266361 0.279759 0.285054 0.277017 0.255994 0.228631 0.202384 0.181877 0.168837 0.163175 0.163977 0.170421 0.182803 0.203427 0.236857 0.289114 0.365583 0.46793 0.593608 0.742551 0.900266 0.923926 0.770201 0.617786 0.502084 0.412022 0.340212 0.284642 0.244373 0.217533 0.201141 0.191651 0.185682 0.180733 0.175736 0.171016 0.167535 0.165967 0.166349 0.168296 0.171328 0.175022 0.179056 0.183291 0.187993 0.194081 0.203166 0.21726 0.238226 0.266962 0.302357 0.340526 0.375587 0.402418 0.418923 0.424472 0.416689 0.392911 0.355534 0.312784 0.274223 0.247546 0.238455 0.251653 0.291181 0.358309 0.443687 0.513497 0.521259 0.469753 0.401165 0.340231 0.291957 0.255208 0.229476 0.21612 0.217157 0.233686 0.264749 0.307247 0.358352 0.419713 0.494304 0.561511 0.555848 0.466862 0.36822 0.29825 0.257931 0.237378 0.225997 0.215752 0.202303 0.184838 0.16485 0.144517 0.125541 0.108857 0.0948933 0.0838968 0.0761279 0.0719878 0.072169 0.0778614 0.0910476 0.114936 0.154588 0.217732 0.315492 0.461122 0.653867 0.776565 0.654078 0.483417 0.351101 0.256125 0.190373 0.14743 0.122323 0.11098 0.109878 0.115757 0.125516 0.136527 0.147432 0.158961 0.17384 0.195338 0.224724 0.257927 0.283195 0.286222 0.264198 0.229227 0.195098 0.168652 0.150849 0.140053 0.134161 0.131588 0.131575 0.13408 0.139403 0.147725 0.158905 0.172999 0.191699 0.219911 0.265747 0.336859 0.428041 0.493881 0.468781 0.383891 0.306377 0.258434 0.239105 0.242904 0.264711 0.299583 0.341017 0.379738 0.405439 0.411954 0.40104 0.379906 0.35559 0.332379 0.314223 0.308592 0.327212 0.383504 0.487005 0.626691 0.74258 0.780369 0.753307 0.65072 0.51652 0.411887 0.349406 0.317539 0.299994 0.284059 0.264681 0.243734 0.226281 0.217889 0.224006 0.250207 0.302146 0.383338 0.485534 0.565493 0.554953 0.465869 0.363129 0.278181 0.217682 0.18009 0.161432 0.157093 0.16246 0.173315 0.186238 0.198927 0.210346 0.220747 0.231517 0.244726 0.262181 0.28395 0.307093 0.326339 0.337533 0.340892 0.340412 0.341139 0.347266 0.36057 0.378619 0.39405 0.397818 0.387224 0.370092 0.357913 0.357222 0.368582 0.392407 0.435423 0.510086 0.623611 0.755809 0.853628 0.917779 1.01528 1.1297 0.995918 0.76785 0.611984 0.509457 0.42498 0.345781 0.278568 0.229692 0.198636 0.18097 0.171395 0.165247 0.159159 0.151292 0.141194 0.129384 0.116865 0.104741 0.0939903 0.0853949 0.0795703 0.0769773 0.0778399 0.081952 0.0884616 0.0958274 0.102175 0.106041 0.10703 0.105821 0.103554 0.101188 0.099214 0.0976689 0.0962568 0.094483 0.0917961 0.0877468 0.0821508 0.0752035 0.067466 0.0597073 0.0526952 0.0470576 0.0432602 0.0416697 0.0426422 0.0466042 0.0541397 0.0661491 0.0841871 0.111081 0.151858 0.214864 0.312737 0.461154 0.658247 0.743439 0.578502 0.412747 0.301654 0.235088 0.201511 0.192845 0.202254 0.22109 0.237486 0.240491 0.228093 0.207831 0.188706 0.17576 0.170116 0.170301 0.172782 0.172541 0.165176 0.149893 0.130173 0.111254 0.0974445 0.091335 0.0942567 0.106743 0.128252 0.155818 0.182187 0.196488 0.191211 0.169692 0.142726 0.119724 0.105373 0.101025 0.106694 0.122107 0.146867 0.18012 0.220204 0.26404 0.304413 0.325901 0.312217 0.267402 0.213441 0.167584 0.135617 0.116727 0.107826 0.105445 0.106434 0.108383 0.109938 0.110693 0.110547 0.10904 0.105336 0.0988667 0.0899034 0.0794331 0.0685509 0.0580058 0.0481587 0.0391647 0.0311312 0.0241587 0.0183098 
0.00188771 0.00254671 0.0034362 0.00463011 0.0062168 0.00829428 0.0109594 0.0142901 0.0183211 0.0230203 0.0282717 0.0338736 0.0395477 0.0449494 0.0496772 0.0533055 0.0554729 0.0560142 0.0550643 0.0530648 0.0506795 0.048686 0.047896 0.0491032 0.0530338 0.0602838 0.0712567 0.0861555 0.105119 0.128557 0.1575 0.193301 0.235633 0.278089 0.304862 0.300183 0.268071 0.229039 0.199991 0.188181 0.195169 0.219821 0.257484 0.296599 0.320187 0.321003 0.312107 0.311907 0.326835 0.345778 0.34515 0.312162 0.260755 0.21219 0.1779 0.160531 0.15848 0.167923 0.18323 0.197636 0.205295 0.203799 0.194758 0.181892 0.168947 0.159014 0.15446 0.156298 0.163125 0.17071 0.173502 0.168016 0.1552 0.13921 0.124433 0.113691 0.108007 0.106979 0.109265 0.113222 0.117866 0.123801 0.133234 0.148638 0.170329 0.193781 0.209034 0.206591 0.186874 0.159793 0.135138 0.117249 0.105912 0.0989086 0.0939771 0.0898264 0.0862711 0.0838204 0.0831615 0.08478 0.0886829 0.0941469 0.0996011 0.102973 0.102701 0.098903 0.093723 0.0905801 0.0931784 0.105045 0.129637 0.170751 0.233164 0.323152 0.44493 0.572343 0.584305 0.451574 0.310901 0.208569 0.141361 0.0992267 0.0738994 0.0596962 0.0529115 0.0511544 0.0529249 0.0574514 0.0646771 0.0751994 0.089995 0.109917 0.135189 0.165346 0.19999 0.239687 0.284737 0.32997 0.359641 0.356243 0.322003 0.276579 0.236239 0.207539 0.191235 0.185725 0.188579 0.19752 0.211826 0.233921 0.26988 0.328077 0.415951 0.534839 0.677129 0.838979 1.01674 1.04164 0.852755 0.680461 0.550948 0.448497 0.366123 0.302478 0.256115 0.224069 0.202443 0.187431 0.17617 0.167125 0.15997 0.155136 0.153254 0.154717 0.15954 0.167425 0.177842 0.189963 0.202569 0.214254 0.224199 0.233126 0.243585 0.259266 0.283927 0.320049 0.366862 0.418354 0.46419 0.495752 0.511851 0.514845 0.501643 0.46606 0.411621 0.352273 0.30146 0.26713 0.25341 0.263062 0.298252 0.358433 0.433585 0.495392 0.509553 0.476766 0.426746 0.378982 0.33706 0.299813 0.268998 0.249613 0.246546 0.261889 0.293477 0.334325 0.375107 0.410496 0.439973 0.455626 0.439389 0.391858 0.339476 0.303091 0.286397 0.282748 0.282108 0.275641 0.258722 0.231978 0.199924 0.168004 0.1401 0.117805 0.101044 0.0890552 0.0811471 0.0771184 0.0774247 0.0832577 0.0967262 0.121284 0.16251 0.229331 0.335873 0.504159 0.766876 1.05547 0.753885 0.525731 0.37306 0.268163 0.196122 0.148278 0.118703 0.102877 0.0971829 0.0986605 0.104943 0.114436 0.126697 0.142775 0.165083 0.196468 0.238061 0.285183 0.322662 0.329981 0.302954 0.259456 0.21797 0.186329 0.164993 0.151765 0.144221 0.140584 0.139877 0.141741 0.146103 0.152826 0.161582 0.172262 0.185983 0.205938 0.236654 0.280271 0.329162 0.360203 0.351405 0.312535 0.271253 0.244408 0.236475 0.246872 0.273781 0.314538 0.364355 0.415129 0.456307 0.478995 0.481228 0.468752 0.448758 0.424058 0.397033 0.378171 0.386268 0.443034 0.570075 0.774992 0.930371 0.82945 0.690839 0.570558 0.468833 0.39841 0.36201 0.348732 0.340906 0.323998 0.295469 0.263047 0.236111 0.221215 0.222504 0.243053 0.284968 0.347025 0.418677 0.474103 0.483106 0.440524 0.369764 0.298446 0.243277 0.209671 0.196302 0.198578 0.210382 0.22535 0.238302 0.246361 0.249432 0.250148 0.253018 0.26281 0.282711 0.312123 0.344202 0.366457 0.369533 0.356892 0.340435 0.329899 0.329242 0.337575 0.35021 0.359845 0.359644 0.347967 0.330224 0.315002 0.309066 0.316219 0.339611 0.384067 0.455036 0.553138 0.667962 0.783917 0.902271 1.0403 1.15689 1.03076 0.807431 0.650436 0.545696 0.455626 0.368314 0.294357 0.241799 0.20965 0.192332 0.183383 0.177248 0.170164 0.16045 0.148147 0.134269 0.120112 0.106846 0.0953682 0.0863199 0.0801615 0.0772204 0.077628 0.0811379 0.0869125 0.0934806 0.0990909 0.102445 0.10334 0.102649 0.101659 0.101328 0.101902 0.102928 0.103496 0.102606 0.0995199 0.09399 0.0863035 0.0771702 0.0675195 0.0582781 0.0501994 0.0437977 0.0393867 0.0371776 0.0373881 0.0403431 0.0465807 0.0570078 0.0731608 0.0975923 0.134297 0.188839 0.267131 0.369565 0.472524 0.509719 0.45108 0.358813 0.279849 0.225364 0.194313 0.182967 0.186515 0.198571 0.21132 0.218131 0.217209 0.211759 0.206396 0.204454 0.207638 0.215823 0.225724 0.230125 0.221264 0.197771 0.166534 0.136744 0.114681 0.103247 0.103507 0.115807 0.139646 0.171965 0.204285 0.222587 0.216536 0.190681 0.159312 0.133865 0.119294 0.116606 0.12554 0.145821 0.177196 0.218759 0.268513 0.323413 0.376292 0.406688 0.387575 0.324954 0.253649 0.196412 0.158236 0.136335 0.12608 0.122943 0.123009 0.123349 0.122478 0.120316 0.117392 0.113893 0.109407 0.103395 0.0957478 0.0868338 0.0771661 0.0671331 0.0570091 0.0470916 0.0377561 0.0293814 0.0222361 
0.0017146 0.00227628 0.0030279 0.00402882 0.00534841 0.00706121 0.00923742 0.0119283 0.015148 0.0188564 0.0229486 0.027256 0.0315576 0.0355948 0.0390885 0.0417679 0.0434248 0.0439861 0.0435737 0.0425196 0.0413347 0.0406593 0.0412176 0.0437758 0.0490874 0.0578107 0.070398 0.0870113 0.107578 0.132099 0.161028 0.195045 0.23325 0.269671 0.291527 0.287243 0.260401 0.227135 0.20122 0.188378 0.188882 0.200487 0.219053 0.237978 0.249927 0.252435 0.250818 0.252742 0.260506 0.267835 0.263733 0.243049 0.212533 0.184041 0.166268 0.163063 0.174655 0.198205 0.227441 0.253208 0.266952 0.265676 0.25297 0.235 0.216991 0.203167 0.197406 0.202101 0.215792 0.231551 0.238939 0.230946 0.209508 0.182412 0.156902 0.136948 0.123607 0.116078 0.112587 0.11116 0.110455 0.110437 0.112303 0.117432 0.125869 0.135263 0.141349 0.140597 0.133171 0.122777 0.113574 0.107612 0.104468 0.102372 0.0997486 0.0962489 0.0927803 0.0908094 0.0916606 0.0961416 0.104307 0.115089 0.125893 0.132906 0.132923 0.125882 0.115498 0.107302 0.106489 0.117274 0.143357 0.188696 0.258585 0.361622 0.510731 0.698992 0.72538 0.518705 0.339866 0.220681 0.145312 0.098798 0.0707935 0.0546386 0.0461709 0.0428432 0.0431723 0.0464414 0.0525509 0.0619084 0.0752846 0.0936592 0.118192 0.150513 0.19336 0.250935 0.327017 0.416367 0.485874 0.482362 0.413528 0.334372 0.273259 0.234639 0.215608 0.211911 0.218877 0.231705 0.247361 0.267664 0.300258 0.355721 0.44244 0.559857 0.693026 0.821937 0.923381 0.925378 0.8145 0.682101 0.564752 0.464018 0.380504 0.315578 0.26823 0.235018 0.211446 0.19351 0.178796 0.166656 0.157585 0.152429 0.151877 0.156288 0.165711 0.179954 0.198512 0.220226 0.242802 0.262913 0.277831 0.287921 0.297349 0.312307 0.338976 0.381866 0.440905 0.507325 0.563903 0.596524 0.606615 0.603019 0.582972 0.535014 0.463323 0.388316 0.32681 0.285999 0.267633 0.271872 0.298393 0.344644 0.401524 0.450515 0.473005 0.468546 0.451741 0.431624 0.404864 0.367171 0.325233 0.292508 0.279037 0.287894 0.315291 0.350783 0.380328 0.394851 0.395133 0.384596 0.364039 0.337974 0.317244 0.311003 0.320409 0.338662 0.354199 0.355447 0.336052 0.298147 0.250865 0.204594 0.166013 0.137126 0.116867 0.103091 0.093988 0.088773 0.0877618 0.0921783 0.104077 0.126615 0.164682 0.225726 0.320252 0.459698 0.638367 0.746476 0.642398 0.4841 0.355443 0.259959 0.191419 0.14419 0.113626 0.0958608 0.0877326 0.0867626 0.091179 0.100027 0.113335 0.132216 0.158698 0.195019 0.241785 0.293947 0.335832 0.34611 0.320476 0.27764 0.236614 0.205184 0.183622 0.169665 0.160995 0.156003 0.153789 0.153888 0.155982 0.159702 0.16463 0.170629 0.178432 0.189947 0.207409 0.230986 0.255765 0.271771 0.271384 0.257881 0.242189 0.233833 0.237996 0.257305 0.293463 0.347091 0.415979 0.492525 0.562137 0.60674 0.617045 0.602328 0.577612 0.544499 0.498916 0.453934 0.437081 0.475016 0.591767 0.805774 0.983784 0.796469 0.616748 0.497271 0.420705 0.380589 0.371679 0.381063 0.387074 0.370645 0.332068 0.287036 0.249857 0.227795 0.223795 0.239351 0.275373 0.330963 0.399949 0.465925 0.500572 0.479296 0.412562 0.337303 0.280235 0.25011 0.245681 0.260836 0.286206 0.310988 0.326516 0.328838 0.319157 0.30396 0.293119 0.295945 0.31838 0.360602 0.411621 0.44484 0.436622 0.397629 0.356126 0.328299 0.316906 0.318083 0.325095 0.330408 0.328233 0.317329 0.301651 0.287878 0.282302 0.289757 0.314452 0.360804 0.432559 0.529895 0.646612 0.771385 0.891535 0.986786 1.00927 0.910555 0.754364 0.623846 0.527317 0.442483 0.361715 0.294572 0.248382 0.222203 0.210271 0.205376 0.201013 0.192997 0.180212 0.163932 0.146325 0.129295 0.114072 0.101293 0.0912505 0.0841188 0.0800518 0.0791217 0.0811212 0.0853469 0.0905602 0.0953072 0.098556 0.100241 0.101236 0.102751 0.105598 0.109737 0.114193 0.117342 0.117497 0.113608 0.105706 0.0948133 0.082439 0.0700462 0.0587465 0.0492284 0.0418295 0.0366673 0.033779 0.0332418 0.0352746 0.0403379 0.0492609 0.063411 0.084876 0.116509 0.161433 0.221162 0.291019 0.353623 0.381726 0.363403 0.315659 0.26241 0.218321 0.18913 0.175301 0.174429 0.182484 0.194795 0.207491 0.218724 0.228353 0.236741 0.244783 0.254752 0.269024 0.285786 0.295247 0.284038 0.24943 0.203639 0.161133 0.129903 0.112436 0.108907 0.118943 0.1416 0.173578 0.206197 0.225138 0.21982 0.19492 0.165039 0.141744 0.129914 0.1304 0.142835 0.167005 0.20278 0.248998 0.302614 0.359463 0.412594 0.441974 0.419277 0.351522 0.276539 0.217744 0.179326 0.157586 0.147253 0.143449 0.142073 0.140132 0.136289 0.130919 0.125204 0.119957 0.115126 0.110102 0.104255 0.0972068 0.0888028 0.0790613 0.0682322 0.056862 0.0457045 0.0354926 0.0267296 
0.00162487 0.00210264 0.00273262 0.00356139 0.00464212 0.00602998 0.00777406 0.00990611 0.0124275 0.0152977 0.0184286 0.0216869 0.0249049 0.0278945 0.0304647 0.0324445 0.0337183 0.0342686 0.0342146 0.0338285 0.0335309 0.0338728 0.0355147 0.0391988 0.045699 0.0557286 0.0697951 0.0880478 0.110239 0.135938 0.164837 0.196518 0.229041 0.257003 0.271888 0.267836 0.248566 0.225082 0.206784 0.197037 0.194629 0.196855 0.201215 0.205373 0.207258 0.206469 0.204989 0.205333 0.207653 0.208627 0.203618 0.191042 0.174666 0.161377 0.157644 0.167849 0.193878 0.234173 0.281709 0.323098 0.344047 0.340393 0.320404 0.294728 0.269947 0.250885 0.243234 0.251589 0.275108 0.303778 0.319881 0.310341 0.27845 0.237383 0.198275 0.166635 0.143629 0.127983 0.117463 0.109862 0.103697 0.0985736 0.095036 0.0938442 0.095099 0.0977945 0.10021 0.101042 0.100435 0.0998597 0.10089 0.10391 0.1077 0.110175 0.109875 0.107108 0.103786 0.102322 0.104717 0.112234 0.125239 0.142605 0.16064 0.172859 0.173003 0.160474 0.141684 0.125409 0.118532 0.125456 0.149247 0.192644 0.258676 0.351286 0.472912 0.597496 0.603543 0.462865 0.315918 0.209153 0.1388 0.0942949 0.0669427 0.0507512 0.0418629 0.0379094 0.0375376 0.0401152 0.0455624 0.0542558 0.0669764 0.0849345 0.109964 0.145008 0.194954 0.26757 0.373341 0.518259 0.660895 0.649278 0.510965 0.386823 0.304607 0.258008 0.238504 0.239194 0.253184 0.272146 0.288851 0.303602 0.32634 0.370312 0.444123 0.545573 0.658031 0.756991 0.818583 0.817308 0.752564 0.657122 0.557614 0.465681 0.387608 0.326621 0.282222 0.250893 0.227801 0.208805 0.191952 0.177528 0.166933 0.161546 0.162245 0.169448 0.183312 0.203877 0.230932 0.263336 0.297725 0.327867 0.347498 0.356191 0.36098 0.371637 0.396836 0.442926 0.510729 0.588812 0.651852 0.679189 0.676283 0.660143 0.630557 0.573653 0.493205 0.411732 0.346669 0.303986 0.283423 0.283024 0.300726 0.333413 0.374704 0.414789 0.445949 0.469793 0.494142 0.517553 0.517371 0.473179 0.404419 0.345181 0.312545 0.308403 0.32598 0.352109 0.370854 0.372285 0.358339 0.337487 0.317447 0.30462 0.305288 0.323725 0.358953 0.40267 0.43973 0.452898 0.431566 0.379406 0.31286 0.249688 0.199816 0.164911 0.141968 0.126714 0.115878 0.108195 0.104206 0.105446 0.113893 0.132006 0.163137 0.211733 0.282275 0.374415 0.469462 0.51691 0.481122 0.397628 0.31009 0.235609 0.177729 0.13562 0.107073 0.0895696 0.0807831 0.0788456 0.0825014 0.0912099 0.105197 0.125394 0.153176 0.189698 0.234384 0.281948 0.319488 0.331358 0.31473 0.283271 0.251751 0.226755 0.208622 0.195525 0.185832 0.178733 0.173932 0.171189 0.170088 0.170062 0.170606 0.171612 0.173672 0.178063 0.186073 0.197739 0.210787 0.22125 0.226344 0.227126 0.227834 0.233389 0.248373 0.277614 0.326596 0.400548 0.501736 0.624178 0.745757 0.825113 0.829326 0.78274 0.731029 0.677673 0.603469 0.522072 0.4698 0.471239 0.53535 0.644693 0.704049 0.62657 0.511307 0.424803 0.375114 0.359629 0.372832 0.40133 0.420036 0.405154 0.359417 0.305575 0.26148 0.234547 0.226924 0.239596 0.274081 0.332554 0.416153 0.51771 0.599332 0.58814 0.492235 0.392234 0.326676 0.301337 0.312257 0.351074 0.403007 0.447694 0.469438 0.46344 0.432202 0.388525 0.352578 0.340621 0.361593 0.417767 0.497021 0.552334 0.527274 0.449751 0.377541 0.33098 0.308639 0.303027 0.305556 0.308339 0.305992 0.297326 0.285388 0.275556 0.273415 0.284011 0.312307 0.363562 0.442456 0.55018 0.679386 0.809516 0.909611 0.949038 0.908572 0.800391 0.670502 0.558584 0.471391 0.397922 0.333377 0.282824 0.250912 0.236758 0.234934 0.237585 0.236841 0.22784 0.210539 0.188411 0.165507 0.144569 0.126769 0.112246 0.100729 0.0919832 0.0859857 0.0828251 0.0824434 0.0843875 0.0877618 0.0914988 0.0948717 0.09792 0.101437 0.106486 0.113736 0.122904 0.132454 0.139743 0.141832 0.136897 0.125314 0.109396 0.0920477 0.0755837 0.0613389 0.0498409 0.041136 0.0350627 0.0314389 0.0301815 0.031393 0.0354412 0.0430531 0.0554247 0.0743005 0.101888 0.140308 0.190116 0.247566 0.301799 0.3363 0.338311 0.309507 0.265075 0.221927 0.190094 0.172561 0.168362 0.175055 0.190098 0.211454 0.237206 0.264091 0.286918 0.302015 0.312205 0.324727 0.341737 0.352178 0.336781 0.290873 0.231894 0.178699 0.139958 0.117222 0.109537 0.115555 0.13355 0.159883 0.18678 0.202723 0.199729 0.1814 0.159166 0.142713 0.136491 0.141352 0.156883 0.18281 0.218976 0.263906 0.31341 0.361568 0.401254 0.418462 0.396362 0.341403 0.280566 0.232432 0.200995 0.183017 0.173623 0.168521 0.164397 0.15901 0.151637 0.143183 0.135329 0.129279 0.125094 0.121841 0.118154 0.112798 0.10501 0.0946278 0.0820999 0.0683956 0.0547384 0.042229 0.0315681 
0.00165249 0.00206235 0.00258974 0.00327111 0.00414725 0.0052589 0.00664006 0.00830932 0.0102608 0.0124568 0.0148253 0.0172634 0.0196462 0.02184 0.0237161 0.0251699 0.0261442 0.0266567 0.0268264 0.0268903 0.0272103 0.0282733 0.0306867 0.0351648 0.0424905 0.0534286 0.0685808 0.0882129 0.112166 0.139959 0.17089 0.203548 0.234527 0.257855 0.267489 0.262208 0.247813 0.233305 0.224645 0.221662 0.219838 0.215116 0.207156 0.198041 0.18956 0.182546 0.177485 0.174522 0.172813 0.170392 0.165298 0.1574 0.149359 0.14591 0.152416 0.173848 0.214004 0.2737 0.346258 0.411383 0.440749 0.426942 0.391098 0.353007 0.319468 0.294092 0.283826 0.295655 0.329985 0.374658 0.404553 0.398484 0.35897 0.303881 0.249374 0.204051 0.169835 0.144921 0.126444 0.111978 0.100049 0.0901437 0.0824213 0.0772302 0.0746385 0.0742446 0.0753943 0.077664 0.0812208 0.0866795 0.0944345 0.103864 0.113012 0.119296 0.121151 0.119312 0.116465 0.115768 0.119766 0.130184 0.147917 0.172199 0.198554 0.217241 0.217404 0.197467 0.167883 0.141618 0.127007 0.127914 0.145983 0.181834 0.235 0.302945 0.377379 0.432792 0.425358 0.35091 0.257906 0.179813 0.123687 0.086204 0.0622812 0.0476733 0.0393948 0.0355378 0.0350085 0.0373217 0.0424738 0.0508796 0.0633721 0.0812952 0.10676 0.143161 0.196048 0.27432 0.391158 0.560153 0.749935 0.730582 0.550243 0.407871 0.31911 0.271588 0.255091 0.262397 0.285647 0.312793 0.330623 0.337107 0.346 0.374517 0.432149 0.517448 0.618093 0.713919 0.779256 0.787547 0.73503 0.648097 0.554289 0.468087 0.39593 0.34024 0.300133 0.271929 0.250547 0.231732 0.213926 0.198244 0.186861 0.181587 0.183452 0.192937 0.210351 0.236094 0.270575 0.313244 0.360139 0.401411 0.425136 0.429453 0.426009 0.429015 0.448693 0.491861 0.559494 0.638494 0.698744 0.716105 0.698834 0.668282 0.628306 0.5692 0.493631 0.419181 0.360413 0.322264 0.303559 0.301321 0.312976 0.336109 0.367225 0.402348 0.440893 0.489743 0.561032 0.654467 0.709388 0.636235 0.506202 0.403408 0.344006 0.321962 0.325601 0.339795 0.34873 0.343 0.324473 0.302341 0.28616 0.28324 0.299068 0.336977 0.395881 0.466578 0.529003 0.556755 0.532519 0.462846 0.374889 0.295379 0.236794 0.199237 0.176628 0.161562 0.148815 0.13704 0.127897 0.123925 0.12722 0.139382 0.161989 0.19664 0.243727 0.29909 0.349351 0.37326 0.35835 0.313933 0.258375 0.2048 0.159501 0.124532 0.0997247 0.0839068 0.0756473 0.0737022 0.0772658 0.0860848 0.100437 0.120948 0.148217 0.182193 0.221161 0.260286 0.290976 0.304626 0.300258 0.285757 0.269936 0.256592 0.245083 0.233665 0.221908 0.210801 0.201523 0.194513 0.189353 0.185193 0.181311 0.177564 0.174547 0.17339 0.175207 0.180418 0.188368 0.197695 0.207357 0.217458 0.229262 0.245067 0.268913 0.307646 0.371051 0.470569 0.616239 0.809082 1.02317 1.17467 1.13793 0.990526 0.869934 0.777444 0.671791 0.559793 0.477849 0.443985 0.455309 0.488771 0.500843 0.465419 0.407013 0.358144 0.333061 0.334762 0.359919 0.396348 0.420109 0.40843 0.364628 0.311689 0.267634 0.240047 0.231272 0.242722 0.27711 0.339713 0.438805 0.580853 0.731601 0.724572 0.572285 0.443598 0.373599 0.359177 0.394943 0.473989 0.576159 0.658136 0.687934 0.669256 0.601534 0.506687 0.427984 0.389866 0.399718 0.458428 0.554216 0.627088 0.586919 0.480343 0.388622 0.330862 0.301749 0.291708 0.291469 0.293321 0.292355 0.287472 0.281039 0.277264 0.280783 0.29647 0.330082 0.388586 0.479257 0.606045 0.759999 0.903639 0.976339 0.950402 0.850874 0.719002 0.591105 0.486803 0.407568 0.34653 0.299609 0.267934 0.253283 0.254386 0.265962 0.279121 0.283739 0.273636 0.250388 0.220806 0.19149 0.166079 0.145469 0.129011 0.115642 0.104634 0.0958472 0.0895452 0.0859807 0.0850576 0.0862596 0.0888853 0.0924697 0.0971306 0.1036 0.112889 0.125711 0.141786 0.159101 0.173482 0.17948 0.1733 0.155769 0.131765 0.106766 0.0843701 0.0660526 0.0519468 0.0416082 0.0344708 0.0300672 0.0281246 0.0286169 0.0318158 0.0383599 0.0493443 0.0664014 0.091692 0.127641 0.176132 0.236721 0.303264 0.359156 0.378762 0.350375 0.294339 0.238702 0.197781 0.174519 0.167452 0.174584 0.194828 0.227964 0.272846 0.3233 0.364812 0.382855 0.38086 0.37655 0.379543 0.380129 0.357421 0.305399 0.241443 0.184405 0.142548 0.116852 0.10574 0.107192 0.118888 0.137203 0.156062 0.167802 0.167647 0.157909 0.145945 0.138604 0.139397 0.14895 0.166593 0.191716 0.223988 0.261965 0.301473 0.336426 0.360774 0.367454 0.350725 0.315948 0.278085 0.248581 0.229918 0.218722 0.21047 0.202263 0.192915 0.18209 0.170216 0.158739 0.149589 0.144062 0.141989 0.141666 0.140501 0.136135 0.127385 0.114448 0.0985036 0.0812183 0.0643052 0.0491164 0.0364064 
0.00184968 0.00220967 0.0026543 0.0032131 0.00391886 0.00480328 0.00589088 0.00719222 0.00869741 0.0103719 0.012156 0.0139692 0.0157186 0.0173095 0.0186581 0.0197049 0.0204313 0.0208783 0.0211646 0.0215026 0.0222102 0.023721 0.0265908 0.0314972 0.0392176 0.0505709 0.0663137 0.0870252 0.113062 0.144608 0.181479 0.2219 0.260177 0.286368 0.292661 0.281972 0.266364 0.25754 0.259902 0.268239 0.270761 0.259287 0.236985 0.212702 0.192306 0.177242 0.166809 0.159757 0.154631 0.149884 0.144455 0.138667 0.134737 0.136582 0.149239 0.178433 0.230196 0.309329 0.413238 0.514901 0.554494 0.514929 0.450432 0.395151 0.352363 0.321616 0.309442 0.324197 0.367727 0.428412 0.478627 0.489092 0.452038 0.384334 0.31159 0.250163 0.203571 0.168733 0.141609 0.119508 0.101188 0.0862645 0.0747115 0.0665497 0.0616712 0.0598125 0.0606846 0.0641726 0.0704249 0.0796648 0.0916976 0.10532 0.118111 0.127192 0.130953 0.130364 0.128497 0.12885 0.13421 0.146579 0.167322 0.196232 0.228644 0.252314 0.252009 0.22511 0.186005 0.151153 0.129532 0.124018 0.134672 0.160156 0.1975 0.241113 0.281389 0.303553 0.293158 0.251385 0.196325 0.145113 0.105052 0.0765807 0.0575619 0.0455475 0.0385776 0.0353243 0.0350254 0.037388 0.0425191 0.0508955 0.0633783 0.0812953 0.106635 0.1424 0.193126 0.265303 0.366368 0.496307 0.612408 0.605925 0.495327 0.386577 0.312235 0.271952 0.260822 0.274223 0.305055 0.338997 0.357593 0.356655 0.353874 0.370317 0.417156 0.496083 0.602388 0.724419 0.830711 0.858427 0.787242 0.677044 0.571886 0.483646 0.413669 0.361204 0.324101 0.298347 0.278739 0.260979 0.243694 0.228355 0.217431 0.212836 0.215599 0.226224 0.245163 0.27319 0.311431 0.360276 0.415927 0.465668 0.491688 0.490482 0.478651 0.474003 0.486638 0.522096 0.580179 0.64745 0.695917 0.704191 0.679227 0.640257 0.594707 0.539632 0.477152 0.417918 0.371976 0.343138 0.329986 0.329399 0.339253 0.358313 0.384718 0.416888 0.458113 0.521346 0.630463 0.81558 1.02887 0.835934 0.602453 0.453836 0.368954 0.328629 0.317081 0.318745 0.319094 0.30963 0.291466 0.272475 0.261665 0.266377 0.292322 0.343606 0.420713 0.515092 0.601457 0.640869 0.609845 0.523037 0.419097 0.330813 0.271101 0.237846 0.221295 0.209658 0.194947 0.176658 0.159399 0.147902 0.144679 0.150416 0.165019 0.187998 0.217747 0.249961 0.276585 0.287942 0.27867 0.251618 0.214845 0.176359 0.141621 0.113435 0.0926702 0.0790646 0.0718874 0.0704114 0.0741954 0.0831932 0.0976811 0.117991 0.14407 0.174971 0.208417 0.240633 0.266939 0.28395 0.292368 0.296645 0.300668 0.30392 0.302064 0.291744 0.27451 0.255251 0.238118 0.22466 0.214322 0.205673 0.197483 0.189389 0.182007 0.176575 0.17437 0.17622 0.182346 0.192534 0.206417 0.223571 0.243597 0.267003 0.297358 0.343407 0.419334 0.543359 0.735541 1.01124 1.35368 1.67315 1.50467 1.1611 0.944988 0.801634 0.673885 0.553638 0.46213 0.409718 0.390648 0.388254 0.381884 0.360661 0.331223 0.30742 0.299114 0.309927 0.337352 0.370993 0.392302 0.38508 0.351496 0.308291 0.270488 0.245856 0.237713 0.248281 0.280847 0.341152 0.437792 0.576897 0.72349 0.721515 0.582704 0.466603 0.410939 0.416658 0.485076 0.621316 0.815118 0.967842 0.982757 0.948507 0.825425 0.645137 0.507285 0.435179 0.42368 0.463997 0.537593 0.590058 0.55452 0.462988 0.379575 0.324427 0.295052 0.283704 0.282451 0.284765 0.286681 0.28742 0.288739 0.293467 0.30474 0.326736 0.365952 0.431466 0.533854 0.681815 0.869528 1.04291 1.09045 0.986405 0.821423 0.660199 0.526651 0.425825 0.353754 0.303939 0.272089 0.257062 0.258674 0.275093 0.300888 0.325849 0.336913 0.325917 0.296342 0.25901 0.223305 0.193695 0.170621 0.152408 0.136975 0.123034 0.110494 0.10007 0.092552 0.0882952 0.0871231 0.0885872 0.0923698 0.0986207 0.108068 0.121857 0.141107 0.166097 0.194823 0.221124 0.23467 0.226892 0.199369 0.162463 0.126238 0.0958308 0.0723853 0.0551799 0.0429968 0.0347238 0.0295453 0.0269745 0.0268496 0.0293481 0.0350386 0.0449769 0.0608432 0.0851058 0.121166 0.173342 0.246114 0.340289 0.439104 0.486088 0.437127 0.344287 0.263051 0.208298 0.178305 0.168851 0.177405 0.204017 0.250864 0.319705 0.404058 0.475185 0.491744 0.459124 0.419914 0.394276 0.374274 0.341756 0.290215 0.230872 0.177754 0.13778 0.111983 0.0989184 0.0964998 0.10234 0.11332 0.125221 0.133546 0.135839 0.133523 0.130867 0.13211 0.139493 0.153055 0.171605 0.194045 0.219944 0.248501 0.277006 0.30116 0.316957 0.321497 0.314148 0.2993 0.28517 0.277712 0.276206 0.274376 0.266292 0.251309 0.232616 0.213243 0.195113 0.180063 0.170089 0.16643 0.16841 0.172871 0.174928 0.170314 0.157753 0.139002 0.117029 0.0945664 0.0736589 0.0555824 0.0408653 
0.00229946 0.00262939 0.00300968 0.00346673 0.00403061 0.00472986 0.00558517 0.00660312 0.0077714 0.00905669 0.0104062 0.0117534 0.0130262 0.0141572 0.0150941 0.0158099 0.0163133 0.0166614 0.0169722 0.0174382 0.0183404 0.0200631 0.0231082 0.0281068 0.0358198 0.0471232 0.0629853 0.0844786 0.112893 0.149901 0.197228 0.254428 0.313311 0.353405 0.355864 0.329836 0.303029 0.295079 0.310215 0.336674 0.348773 0.328343 0.286212 0.243362 0.209835 0.186118 0.1697 0.158183 0.149707 0.142731 0.136292 0.130655 0.12777 0.131224 0.14595 0.178104 0.235181 0.325405 0.452276 0.589304 0.638174 0.565491 0.473096 0.404318 0.356326 0.324463 0.313487 0.331735 0.383079 0.461157 0.545013 0.597288 0.575356 0.486209 0.38506 0.303759 0.244535 0.199989 0.163786 0.133131 0.107497 0.0869532 0.0714182 0.0605836 0.0540357 0.0513816 0.0523566 0.0568903 0.065056 0.0768261 0.0916296 0.107881 0.122907 0.133796 0.139048 0.139741 0.138968 0.140168 0.146017 0.158425 0.178788 0.207084 0.238826 0.261605 0.259627 0.230123 0.187995 0.149979 0.12473 0.11441 0.118139 0.133554 0.156864 0.182504 0.203275 0.211582 0.202599 0.178105 0.145861 0.114108 0.0876304 0.0677421 0.0538639 0.044827 0.0395362 0.0372067 0.0374086 0.0400538 0.0453788 0.0539369 0.0666001 0.0845794 0.109478 0.143379 0.188875 0.248627 0.323152 0.403991 0.462669 0.46239 0.409025 0.343011 0.290802 0.260767 0.254071 0.269235 0.300624 0.334419 0.352102 0.349325 0.343837 0.357082 0.401669 0.483395 0.606338 0.774083 0.967039 1.03562 0.895967 0.736849 0.612199 0.517643 0.446125 0.393548 0.356725 0.331596 0.313202 0.297363 0.282509 0.269668 0.260816 0.257487 0.260496 0.270306 0.287481 0.313057 0.34862 0.395183 0.449425 0.498349 0.523005 0.519515 0.505327 0.49835 0.507593 0.537028 0.585034 0.638729 0.675049 0.677291 0.649874 0.608464 0.562765 0.514444 0.465225 0.420816 0.387599 0.368495 0.362282 0.366359 0.379748 0.402252 0.43106 0.461768 0.496893 0.55298 0.657879 0.840727 1.04345 0.867156 0.637308 0.481883 0.384784 0.330101 0.30435 0.294088 0.286967 0.275537 0.259845 0.245568 0.239985 0.249681 0.280376 0.336944 0.421518 0.527081 0.625238 0.66662 0.626842 0.533032 0.42909 0.346528 0.297007 0.277342 0.274641 0.271075 0.254254 0.226187 0.197442 0.17633 0.165869 0.165745 0.174404 0.189851 0.209327 0.228642 0.242337 0.245332 0.235342 0.214017 0.185792 0.155695 0.127769 0.104511 0.0870077 0.0753854 0.0693092 0.0683892 0.0724378 0.0815503 0.0959927 0.115891 0.140794 0.169319 0.199189 0.227833 0.25342 0.275997 0.298065 0.323359 0.353091 0.381128 0.393795 0.381512 0.350537 0.315148 0.284788 0.261886 0.244958 0.231362 0.218938 0.206844 0.195655 0.186823 0.181894 0.181995 0.187757 0.199454 0.21699 0.239595 0.265732 0.294421 0.328569 0.378205 0.460716 0.598775 0.818109 1.14245 1.55323 1.78811 1.55936 1.19584 0.938077 0.763015 0.62809 0.517102 0.433866 0.380719 0.351822 0.336189 0.322918 0.306686 0.289812 0.278804 0.279439 0.293928 0.319529 0.347637 0.365299 0.362362 0.339688 0.30759 0.277319 0.256402 0.249033 0.257955 0.285976 0.3366 0.412734 0.509275 0.591896 0.596107 0.528716 0.462474 0.43765 0.468119 0.565288 0.750188 1.06015 1.39896 1.24277 1.19381 1.0165 0.751439 0.568701 0.470619 0.436998 0.449008 0.483345 0.50339 0.477885 0.418927 0.35921 0.315768 0.290698 0.280168 0.279029 0.28283 0.289062 0.297556 0.309522 0.325952 0.347352 0.376134 0.419407 0.488413 0.595618 0.752315 0.958011 1.15362 1.18161 1.01156 0.795724 0.613591 0.477 0.380342 0.31544 0.275279 0.255351 0.253479 0.26835 0.297523 0.335211 0.370228 0.387371 0.376803 0.343163 0.300188 0.259591 0.226852 0.202179 0.182767 0.165248 0.147695 0.130335 0.114751 0.102568 0.0946467 0.0910379 0.0913603 0.095276 0.102874 0.114893 0.132762 0.158384 0.193368 0.23688 0.281191 0.307868 0.297831 0.254158 0.198478 0.147801 0.108109 0.0791857 0.0588686 0.0449239 0.0356144 0.0297608 0.0266646 0.026033 0.0279528 0.032925 0.0419709 0.0568247 0.0802427 0.116477 0.171938 0.255752 0.378108 0.53392 0.62765 0.532162 0.387272 0.280218 0.214231 0.17966 0.169092 0.179353 0.211423 0.269905 0.360958 0.483064 0.595906 0.607712 0.52949 0.448635 0.391878 0.35012 0.30825 0.25961 0.208694 0.163348 0.128279 0.10449 0.0909702 0.0859809 0.0874948 0.0931526 0.100276 0.106429 0.110504 0.113428 0.117582 0.125309 0.137627 0.153854 0.17227 0.191453 0.211178 0.231782 0.252688 0.271993 0.287402 0.297285 0.301927 0.305026 0.312857 0.329502 0.350524 0.361734 0.351124 0.322496 0.288199 0.256222 0.22941 0.209443 0.198375 0.197639 0.206131 0.218484 0.225453 0.21888 0.197942 0.168455 0.136967 0.107547 0.0820638 0.0611323 0.0446569 
0.00313584 0.00345755 0.00378762 0.00415453 0.00459286 0.00513575 0.00580657 0.00661188 0.00753716 0.00854651 0.00958667 0.010595 0.0115097 0.0122805 0.0128777 0.0132991 0.013576 0.0137791 0.0140266 0.0144949 0.015432 0.017175 0.02017 0.0249943 0.0323819 0.0432582 0.0588115 0.08066 0.111193 0.154049 0.214184 0.295574 0.391314 0.462593 0.456267 0.396374 0.345632 0.332706 0.360102 0.409894 0.437064 0.40516 0.339732 0.278967 0.234584 0.203832 0.181942 0.16589 0.153902 0.144446 0.136307 0.129402 0.12539 0.127616 0.14072 0.170454 0.223736 0.307905 0.425012 0.548312 0.591366 0.526231 0.439811 0.374197 0.329617 0.302486 0.2965 0.319469 0.378267 0.476676 0.613468 0.757744 0.763806 0.608114 0.459594 0.357637 0.288983 0.236778 0.191633 0.151593 0.117775 0.091074 0.0713765 0.0579703 0.0500314 0.0469032 0.0482057 0.0538237 0.0637607 0.077821 0.0951361 0.113736 0.130613 0.14273 0.148683 0.149702 0.148924 0.149671 0.154315 0.16431 0.180524 0.202557 0.226307 0.241723 0.236943 0.210133 0.172646 0.137877 0.113291 0.100859 0.0996383 0.107247 0.120262 0.134366 0.144889 0.147926 0.141732 0.127604 0.109186 0.0904708 0.0741698 0.0613985 0.0521862 0.0460947 0.0426253 0.0414149 0.0423157 0.0454328 0.0511474 0.0601232 0.0732799 0.0917214 0.116614 0.149008 0.189537 0.23776 0.290637 0.33986 0.370844 0.370807 0.342569 0.302595 0.266676 0.243827 0.237879 0.249103 0.27321 0.299401 0.31436 0.31556 0.316506 0.334844 0.383114 0.469676 0.603037 0.794693 1.04357 1.15335 0.968904 0.795548 0.667752 0.570917 0.496537 0.440974 0.40169 0.375429 0.357986 0.345347 0.335174 0.327109 0.321823 0.320004 0.322067 0.328374 0.339553 0.3568 0.381936 0.416237 0.457054 0.494047 0.513184 0.511924 0.50338 0.501925 0.515557 0.547849 0.596845 0.649715 0.683419 0.68098 0.647986 0.60295 0.558172 0.515993 0.475811 0.439861 0.41298 0.398745 0.397308 0.407649 0.43091 0.468159 0.512224 0.546001 0.563345 0.586722 0.645301 0.741369 0.808518 0.750548 0.619475 0.492859 0.395299 0.330135 0.291921 0.271039 0.257569 0.24498 0.232136 0.222285 0.220507 0.232036 0.261892 0.314603 0.392237 0.488133 0.575383 0.608692 0.569682 0.487939 0.402614 0.339756 0.309992 0.311182 0.328893 0.337958 0.319302 0.279387 0.237655 0.20653 0.189332 0.184933 0.190813 0.203935 0.220333 0.234782 0.24185 0.23809 0.223389 0.200421 0.173115 0.145331 0.120075 0.0992098 0.0835508 0.0731848 0.067861 0.0673246 0.0715182 0.0806164 0.0948761 0.114316 0.138329 0.165485 0.193856 0.221962 0.249904 0.280095 0.317263 0.367235 0.432744 0.502955 0.542219 0.518908 0.45553 0.390808 0.340589 0.305243 0.280407 0.261376 0.244676 0.228792 0.214203 0.202596 0.195763 0.194948 0.200845 0.213833 0.233879 0.259984 0.289864 0.321402 0.356638 0.405634 0.486397 0.621347 0.83181 1.12451 1.44064 1.55455 1.38213 1.11072 0.872417 0.696155 0.568079 0.474118 0.408387 0.366447 0.341204 0.324283 0.309271 0.294068 0.281012 0.274786 0.279472 0.296196 0.321728 0.348265 0.365565 0.366063 0.349727 0.323622 0.297007 0.277314 0.269205 0.275386 0.297498 0.336165 0.389397 0.448349 0.492724 0.500895 0.478526 0.456795 0.463421 0.515009 0.624335 0.80666 1.07068 1.2847 1.23618 1.1634 0.999037 0.771763 0.599512 0.498541 0.453113 0.443355 0.448271 0.446429 0.424402 0.386299 0.346138 0.314177 0.29374 0.284083 0.283049 0.288665 0.300211 0.318439 0.344289 0.376474 0.4109 0.446021 0.489944 0.55719 0.658614 0.799065 0.976409 1.14266 1.14943 0.964585 0.745833 0.568119 0.438795 0.349832 0.292638 0.260756 0.250025 0.25797 0.282576 0.320641 0.365817 0.406835 0.428759 0.421426 0.388354 0.343159 0.299318 0.264304 0.238825 0.218918 0.199477 0.177744 0.1546 0.133033 0.115777 0.104178 0.0983191 0.0976621 0.101652 0.110171 0.123873 0.144432 0.17461 0.217738 0.275323 0.339987 0.384083 0.371121 0.306789 0.230352 0.165798 0.11811 0.0848332 0.062189 0.04699 0.0369718 0.030667 0.0272123 0.0262075 0.0276524 0.0319642 0.0400798 0.0536603 0.0754342 0.109732 0.163235 0.245629 0.368064 0.526907 0.6248 0.526977 0.380635 0.273932 0.208804 0.175132 0.165553 0.177252 0.211794 0.274598 0.373045 0.507337 0.635015 0.645768 0.551487 0.45351 0.379804 0.323943 0.275502 0.229061 0.185273 0.147362 0.11767 0.096712 0.0837311 0.0774054 0.0762095 0.0785269 0.0827697 0.0877111 0.0929539 0.0991472 0.107602 0.11943 0.134699 0.152145 0.169772 0.186219 0.201835 0.21832 0.237249 0.258864 0.28171 0.303102 0.321278 0.339098 0.364906 0.406347 0.457647 0.48882 0.470092 0.416479 0.359399 0.311562 0.274056 0.247424 0.234111 0.236521 0.253936 0.278598 0.293812 0.283258 0.247537 0.201243 0.156747 0.119064 0.0888962 0.0654696 0.0476747 
0.00457643 0.00491426 0.00519913 0.0054698 0.00577711 0.00617097 0.00668711 0.00733691 0.00810268 0.00893926 0.0097817 0.0105579 0.0112037 0.0116758 0.0119617 0.0120824 0.0120931 0.0120814 0.0121701 0.0125238 0.0133618 0.0149761 0.0177558 0.0222191 0.0290581 0.0392152 0.0540268 0.0755057 0.106855 0.153238 0.222495 0.324139 0.45915 0.575306 0.553411 0.44784 0.37096 0.349975 0.381586 0.444114 0.48165 0.445069 0.370222 0.304274 0.257439 0.224026 0.1983 0.178029 0.162454 0.150336 0.140099 0.131143 0.124757 0.123969 0.132847 0.155967 0.198018 0.262306 0.345173 0.423191 0.451886 0.419263 0.36426 0.31649 0.2829 0.26447 0.265189 0.292289 0.354743 0.464566 0.642121 0.919099 0.980655 0.687066 0.504008 0.396712 0.328292 0.27306 0.220323 0.17102 0.129074 0.0964406 0.072898 0.0572575 0.0482571 0.0449678 0.0469035 0.053963 0.0662144 0.0834786 0.104704 0.127358 0.147465 0.160998 0.166224 0.16493 0.161128 0.158613 0.159582 0.164818 0.174327 0.187125 0.199832 0.20581 0.198182 0.17621 0.146833 0.118857 0.0978795 0.0857383 0.0818737 0.084451 0.0909012 0.0982664 0.103694 0.105101 0.101745 0.094361 0.0846983 0.0746791 0.0657238 0.05855 0.0533397 0.0500082 0.0484117 0.0484689 0.0502412 0.0540027 0.0603028 0.0699906 0.0841562 0.103949 0.130256 0.16325 0.201896 0.243521 0.283533 0.315426 0.331974 0.3288 0.308231 0.278577 0.249433 0.228126 0.218783 0.222255 0.235569 0.251791 0.263515 0.270103 0.280321 0.306618 0.359561 0.44699 0.574719 0.743288 0.925011 1.01002 0.945367 0.839104 0.73688 0.645104 0.567868 0.507306 0.463522 0.435249 0.419583 0.412378 0.409537 0.408234 0.407266 0.406452 0.405902 0.405815 0.40664 0.409584 0.416972 0.431017 0.450791 0.470128 0.481192 0.483047 0.483863 0.493721 0.519718 0.566154 0.632759 0.706628 0.754351 0.745344 0.695096 0.639622 0.595026 0.558551 0.522411 0.485037 0.453001 0.433941 0.431343 0.446895 0.485197 0.551464 0.634905 0.685832 0.667613 0.633213 0.634232 0.670769 0.703808 0.686853 0.611356 0.506527 0.407493 0.332722 0.283857 0.254323 0.235895 0.222495 0.21182 0.204927 0.204769 0.214985 0.239322 0.280961 0.34047 0.410925 0.471579 0.493182 0.465652 0.409238 0.352165 0.314797 0.307173 0.328986 0.366135 0.38846 0.371022 0.323937 0.273577 0.235341 0.213381 0.207018 0.213997 0.230964 0.252383 0.269921 0.275112 0.264415 0.240703 0.209759 0.176904 0.145967 0.119327 0.098144 0.082662 0.072594 0.0674971 0.0670573 0.0712304 0.0802167 0.0942712 0.113386 0.13697 0.163769 0.192339 0.222065 0.254294 0.293065 0.345457 0.421663 0.533042 0.677985 0.781736 0.717363 0.58322 0.474802 0.400975 0.352182 0.318905 0.294026 0.272852 0.25328 0.235704 0.221989 0.214009 0.212857 0.218979 0.23259 0.253605 0.280946 0.312057 0.344263 0.378642 0.423693 0.495018 0.610973 0.784574 1.00647 1.21514 1.29589 1.19446 0.987849 0.781663 0.622452 0.511913 0.439885 0.396844 0.373723 0.360704 0.349176 0.33462 0.317594 0.302683 0.29608 0.302618 0.323426 0.354626 0.387284 0.409709 0.412881 0.396086 0.367111 0.33669 0.313347 0.301999 0.304761 0.321785 0.351237 0.388569 0.425788 0.452735 0.463385 0.463815 0.470618 0.501255 0.56815 0.677699 0.82793 0.994812 1.10789 1.1137 1.04451 0.913538 0.752859 0.618137 0.531574 0.486986 0.467366 0.455407 0.43931 0.414848 0.384666 0.354488 0.328915 0.310289 0.299626 0.297455 0.304268 0.321079 0.349691 0.391367 0.442836 0.492979 0.532322 0.571641 0.633388 0.723661 0.827642 0.932085 1.01075 0.98676 0.844394 0.671456 0.523355 0.4117 0.333747 0.284466 0.2595 0.255641 0.270513 0.301641 0.345067 0.394028 0.438324 0.465394 0.465016 0.436217 0.389717 0.341607 0.303286 0.276791 0.256762 0.23571 0.209708 0.180572 0.153093 0.131216 0.116595 0.109116 0.107876 0.111934 0.120801 0.134844 0.155693 0.186512 0.23162 0.294096 0.367682 0.420696 0.405727 0.330163 0.243856 0.173439 0.122688 0.0878928 0.0645172 0.0489704 0.0387795 0.032364 0.0287867 0.0275797 0.0286618 0.0323408 0.0393972 0.0512519 0.0702272 0.0998833 0.145278 0.21245 0.304476 0.406313 0.458492 0.411518 0.320561 0.242552 0.191171 0.164109 0.157555 0.170153 0.203655 0.262304 0.350024 0.461023 0.558065 0.576607 0.518078 0.438609 0.366043 0.304599 0.252081 0.206329 0.16687 0.134269 0.10895 0.0906707 0.0786425 0.0718305 0.0691536 0.0695809 0.0722313 0.0765445 0.0824683 0.0904797 0.101286 0.115251 0.131824 0.1494 0.166001 0.180673 0.194643 0.21114 0.233955 0.265536 0.304855 0.345637 0.379142 0.405001 0.437772 0.495903 0.579337 0.637821 0.603464 0.515955 0.43565 0.37386 0.32612 0.291617 0.274102 0.277922 0.304054 0.3437 0.370622 0.354233 0.29799 0.23123 0.172929 0.12755 0.0936043 0.0685044 0.0500037 
0.00697494 0.00735637 0.00758247 0.007717 0.00784842 0.00806512 0.00843154 0.00897149 0.00966171 0.0104358 0.0111984 0.0118464 0.012294 0.0124935 0.012447 0.012205 0.0118568 0.0115188 0.0113277 0.0114434 0.0120609 0.0134294 0.0158806 0.0198667 0.0260171 0.0352342 0.048863 0.0689959 0.0989782 0.144119 0.212291 0.3128 0.446115 0.56015 0.538865 0.434726 0.357341 0.333034 0.35701 0.407553 0.43877 0.414478 0.358976 0.307972 0.269903 0.239411 0.212292 0.188799 0.170105 0.155591 0.143391 0.132377 0.123411 0.119097 0.122764 0.13761 0.166012 0.208069 0.25832 0.302 0.320043 0.307724 0.27958 0.251393 0.230904 0.221785 0.228275 0.256472 0.314373 0.412483 0.562356 0.747153 0.781917 0.623644 0.488482 0.405315 0.349713 0.297583 0.240797 0.184912 0.137076 0.100243 0.0740839 0.0570399 0.0475492 0.0445398 0.047556 0.0567013 0.0724111 0.0949442 0.123441 0.154624 0.182122 0.198512 0.200442 0.191573 0.179178 0.168963 0.16323 0.161876 0.163827 0.167512 0.170356 0.168581 0.158868 0.141164 0.119276 0.0982748 0.0818056 0.0713277 0.0666304 0.0665182 0.0692861 0.0730661 0.0761796 0.0774858 0.0766007 0.0738661 0.0700718 0.0660797 0.0625438 0.0598314 0.0580955 0.0573874 0.0577414 0.0592346 0.0620577 0.0666221 0.0736809 0.084397 0.100268 0.122826 0.153055 0.190547 0.232657 0.274294 0.309013 0.331127 0.337405 0.327689 0.304974 0.274935 0.244396 0.219339 0.203525 0.197962 0.200871 0.208406 0.217092 0.227328 0.244583 0.276976 0.332214 0.41585 0.529466 0.666005 0.800691 0.891415 0.918064 0.892617 0.826436 0.742408 0.662858 0.59627 0.546345 0.51589 0.504284 0.506433 0.514468 0.521274 0.523681 0.522009 0.517169 0.50901 0.496496 0.479824 0.462649 0.450305 0.445358 0.445717 0.447687 0.451226 0.461445 0.485303 0.52868 0.596426 0.692053 0.80759 0.891129 0.868697 0.785261 0.716086 0.677296 0.652808 0.618223 0.565891 0.512059 0.475017 0.462675 0.478345 0.52956 0.630028 0.782292 0.886216 0.794835 0.681833 0.634464 0.64244 0.672246 0.679489 0.627735 0.527572 0.422348 0.339022 0.282319 0.246938 0.225394 0.211562 0.202051 0.196209 0.195319 0.201639 0.217631 0.245052 0.283253 0.326348 0.361303 0.373026 0.357196 0.325086 0.294252 0.279409 0.289106 0.32369 0.370523 0.401489 0.392613 0.351509 0.302385 0.261912 0.237346 0.230989 0.242754 0.270289 0.306518 0.336995 0.344914 0.324934 0.286174 0.240576 0.196068 0.156942 0.125156 0.10109 0.0841703 0.07345 0.0680532 0.0674397 0.0714835 0.0803783 0.0944002 0.113585 0.137449 0.16498 0.19514 0.227877 0.26521 0.311987 0.376553 0.472197 0.620076 0.852575 1.16192 0.926376 0.693932 0.549582 0.45889 0.399578 0.358364 0.327157 0.301044 0.277841 0.257941 0.243161 0.235099 0.234328 0.240757 0.254289 0.27484 0.301573 0.332258 0.364253 0.397485 0.437271 0.494344 0.581636 0.707174 0.86174 1.00642 1.07532 1.0124 0.850714 0.680723 0.549851 0.464978 0.419349 0.40327 0.404983 0.410961 0.409946 0.397237 0.375465 0.353322 0.341845 0.349314 0.378188 0.423856 0.473937 0.509906 0.515327 0.488546 0.444131 0.399756 0.366669 0.349598 0.349405 0.364418 0.390313 0.420198 0.4466 0.464971 0.476503 0.48865 0.512878 0.560862 0.640689 0.752706 0.884864 1.00946 1.08716 1.08947 1.01862 0.898251 0.764674 0.654119 0.583931 0.548725 0.529356 0.508254 0.480224 0.448857 0.418489 0.391047 0.366687 0.345939 0.331113 0.325552 0.332103 0.352772 0.389525 0.443966 0.512217 0.576095 0.614746 0.643568 0.698767 0.78184 0.848116 0.87252 0.86737 0.819177 0.721261 0.602398 0.490973 0.399917 0.333185 0.29083 0.271178 0.272021 0.291111 0.325723 0.371579 0.422271 0.469875 0.50506 0.51578 0.492046 0.440395 0.383196 0.338297 0.309162 0.288567 0.2663 0.237072 0.203542 0.172109 0.147591 0.131649 0.12377 0.122588 0.126724 0.135225 0.147964 0.166142 0.192603 0.231251 0.284327 0.345054 0.386284 0.371984 0.307579 0.23163 0.167729 0.120698 0.0880067 0.0658482 0.0510338 0.0413065 0.0351925 0.031788 0.0306015 0.0314753 0.0345828 0.0404893 0.0502628 0.0656052 0.0889264 0.123114 0.170327 0.228377 0.283789 0.310046 0.291583 0.246135 0.200146 0.166779 0.148938 0.146386 0.159374 0.189705 0.240102 0.311357 0.395784 0.469373 0.500439 0.480561 0.427331 0.361292 0.29655 0.239934 0.193098 0.155496 0.1261 0.103853 0.0877088 0.0766681 0.0698404 0.0664718 0.0659439 0.0677981 0.0718069 0.0780467 0.0868621 0.0986248 0.113299 0.130014 0.147046 0.1626 0.176283 0.19037 0.20984 0.241169 0.290209 0.358038 0.432875 0.48713 0.507567 0.523413 0.571245 0.657364 0.723597 0.681107 0.582218 0.497091 0.431877 0.378424 0.3367 0.312879 0.313467 0.34138 0.388486 0.4225 0.400228 0.327864 0.247134 0.180563 0.131217 0.0957704 0.0703287 0.0518725 
0.0109061 0.0113618 0.0114775 0.0113704 0.011208 0.0111576 0.0113419 0.01181 0.012528 0.0133873 0.014228 0.0148774 0.0151949 0.0151105 0.0146437 0.0138932 0.0130094 0.0121616 0.0115185 0.0112452 0.011516 0.0125382 0.0145842 0.0180327 0.0234274 0.0315682 0.0436603 0.0615484 0.0880441 0.127233 0.184253 0.262768 0.355323 0.423854 0.41773 0.359168 0.306998 0.287197 0.299896 0.32972 0.349853 0.342128 0.316125 0.289301 0.266129 0.242544 0.216908 0.19236 0.172075 0.156194 0.142826 0.130514 0.119717 0.112529 0.111536 0.118828 0.135314 0.159855 0.188034 0.211857 0.223179 0.219968 0.207732 0.194136 0.18478 0.183426 0.193659 0.219726 0.266476 0.338045 0.43173 0.51957 0.541396 0.489839 0.425712 0.378917 0.341645 0.297542 0.24286 0.186536 0.137674 0.0999854 0.0733335 0.0561867 0.0470058 0.0448174 0.0494079 0.0613545 0.081906 0.112522 0.153588 0.20165 0.245765 0.269005 0.262489 0.235984 0.205999 0.182227 0.166663 0.15755 0.152299 0.148588 0.144308 0.137418 0.12653 0.111887 0.0955023 0.0800689 0.0676812 0.0592946 0.0548539 0.0536516 0.0546566 0.0567768 0.0590796 0.060961 0.0622115 0.0629511 0.0634659 0.0640363 0.0648414 0.0659655 0.0674602 0.0693954 0.071871 0.0750223 0.0790856 0.0845612 0.0924413 0.104384 0.122672 0.149807 0.187606 0.235671 0.289521 0.339854 0.375499 0.38971 0.383332 0.361363 0.328927 0.291014 0.253182 0.220599 0.196582 0.182116 0.176223 0.176901 0.182673 0.194244 0.215041 0.250167 0.304692 0.381973 0.48169 0.597574 0.717269 0.827735 0.917704 0.959411 0.927777 0.857478 0.782823 0.710982 0.652058 0.618891 0.615081 0.633036 0.65716 0.672036 0.673129 0.666185 0.656564 0.64313 0.618598 0.577839 0.527729 0.481843 0.448774 0.429523 0.42199 0.426013 0.44493 0.483553 0.54555 0.633403 0.751137 0.897902 1.01543 0.982119 0.878295 0.812584 0.799222 0.808896 0.780075 0.68959 0.590084 0.521364 0.4912 0.49867 0.548679 0.656108 0.833337 0.970434 0.833854 0.690207 0.627991 0.629291 0.661696 0.679742 0.6377 0.540479 0.433898 0.347535 0.287663 0.250062 0.227751 0.21427 0.20518 0.198607 0.194864 0.195464 0.202074 0.2156 0.235109 0.256632 0.273143 0.277753 0.269116 0.253445 0.241039 0.2417 0.261763 0.301389 0.350657 0.38869 0.396122 0.371967 0.330651 0.289514 0.261886 0.255439 0.273733 0.31701 0.378164 0.433982 0.449796 0.415933 0.355229 0.289004 0.227654 0.176068 0.136006 0.106987 0.0873613 0.0752612 0.0691836 0.068239 0.0721579 0.0811208 0.0954661 0.115343 0.140421 0.169876 0.202879 0.239615 0.282359 0.33599 0.407995 0.508959 0.653892 0.856881 1.04116 0.922259 0.734904 0.601913 0.511297 0.446668 0.397934 0.359299 0.327322 0.300514 0.279309 0.265058 0.258511 0.259228 0.266265 0.279173 0.298167 0.32326 0.353317 0.386256 0.420494 0.456509 0.498123 0.552867 0.627812 0.719995 0.808131 0.851452 0.809198 0.696648 0.574368 0.481225 0.427492 0.410972 0.424363 0.45528 0.486641 0.502843 0.49559 0.466383 0.430159 0.408194 0.415562 0.457331 0.528652 0.612303 0.676076 0.683926 0.631575 0.553879 0.483873 0.435522 0.411613 0.410948 0.429948 0.461044 0.492346 0.513601 0.524403 0.533287 0.550629 0.585397 0.645665 0.737448 0.859061 0.995199 1.11891 1.19843 1.19972 1.11214 0.971968 0.828704 0.719176 0.658578 0.636958 0.625587 0.600095 0.560513 0.519589 0.485375 0.457587 0.431489 0.404766 0.381688 0.369919 0.374871 0.397764 0.437554 0.49352 0.561888 0.623687 0.654165 0.671136 0.716805 0.789947 0.829164 0.805854 0.760781 0.708846 0.643548 0.565446 0.483169 0.408072 0.349597 0.312344 0.296535 0.300133 0.32053 0.35486 0.399263 0.448757 0.49859 0.542937 0.566693 0.546865 0.485366 0.415154 0.361338 0.327783 0.305497 0.282511 0.252659 0.218772 0.187698 0.164303 0.149861 0.143326 0.142898 0.14689 0.154013 0.163632 0.176324 0.194226 0.220184 0.254913 0.29192 0.313555 0.301032 0.25696 0.20204 0.152576 0.114161 0.0863934 0.0670466 0.0538917 0.0452138 0.0398234 0.0369358 0.0360633 0.0369635 0.0396484 0.0444373 0.0520225 0.0634995 0.0802705 0.103636 0.13374 0.167612 0.19723 0.211561 0.205289 0.18463 0.160958 0.142539 0.133142 0.134283 0.147275 0.174072 0.216862 0.276186 0.347502 0.41795 0.467673 0.47725 0.44025 0.372972 0.300389 0.237413 0.187918 0.150658 0.123129 0.103009 0.0885039 0.0783583 0.0717605 0.0682015 0.0673416 0.0689402 0.0728678 0.0791601 0.0880152 0.0996241 0.113812 0.12966 0.145516 0.159834 0.172759 0.187567 0.210987 0.252548 0.323358 0.432161 0.568155 0.661265 0.649468 0.613141 0.617617 0.661052 0.694115 0.66292 0.593401 0.528616 0.473437 0.421873 0.376462 0.345476 0.336665 0.353592 0.388694 0.41247 0.387146 0.317673 0.24048 0.176569 0.129256 0.0954399 0.0712396 0.0535915 
0.0173024 0.0178649 0.0177405 0.0171579 0.016446 0.0159284 0.0158383 0.0162711 0.0171733 0.0183563 0.0195346 0.0203924 0.0206702 0.0202447 0.0191637 0.0176201 0.0158821 0.0142203 0.012864 0.0119948 0.0117668 0.0123415 0.0139266 0.0168198 0.0214619 0.0285081 0.0389281 0.0541309 0.0760691 0.107152 0.149488 0.202441 0.257509 0.294756 0.296363 0.27075 0.24314 0.230463 0.235644 0.251131 0.264293 0.267048 0.261821 0.254249 0.244407 0.228814 0.20754 0.185167 0.165854 0.150364 0.137146 0.124772 0.113412 0.104647 0.100422 0.102118 0.110011 0.122901 0.13789 0.150842 0.158138 0.158888 0.155395 0.151426 0.150433 0.155113 0.167749 0.190476 0.225029 0.271374 0.324097 0.367962 0.38396 0.371103 0.34785 0.326695 0.303751 0.269475 0.223142 0.173495 0.129294 0.0946018 0.0698693 0.0540693 0.0460501 0.0451861 0.0516965 0.0668548 0.0931478 0.134207 0.193772 0.271504 0.351666 0.392557 0.365175 0.301295 0.240965 0.197689 0.170088 0.152973 0.141553 0.132475 0.123654 0.113857 0.102569 0.0900993 0.0775012 0.0661044 0.0569665 0.0505853 0.0469191 0.0455649 0.0459573 0.0475352 0.0498625 0.0526919 0.0559547 0.0596801 0.0638824 0.0684815 0.0733046 0.0781685 0.0829776 0.0877605 0.0926249 0.0976953 0.103159 0.109516 0.118 0.130972 0.152008 0.185478 0.235367 0.302821 0.38185 0.455121 0.498484 0.499878 0.469531 0.4244 0.37414 0.322883 0.274382 0.232533 0.199872 0.177147 0.163819 0.158854 0.161644 0.172819 0.19451 0.229831 0.281866 0.352459 0.441017 0.544164 0.657784 0.77974 0.90212 0.987689 1.00072 0.974524 0.927647 0.851417 0.776617 0.739211 0.747994 0.790535 0.83793 0.858246 0.846895 0.826664 0.815291 0.810076 0.785117 0.715142 0.617409 0.527322 0.461902 0.422345 0.405246 0.409077 0.435704 0.488216 0.567042 0.667957 0.786296 0.91585 1.01176 1.00119 0.936209 0.903915 0.937105 1.02477 1.02374 0.842126 0.671002 0.565742 0.516212 0.509127 0.540407 0.613464 0.71844 0.779833 0.722947 0.641062 0.605019 0.616507 0.649987 0.6651 0.626255 0.538947 0.440373 0.357909 0.299795 0.263718 0.243361 0.231615 0.222756 0.214029 0.205665 0.199357 0.196659 0.198184 0.203224 0.209529 0.213722 0.212992 0.207351 0.200514 0.198633 0.208124 0.233647 0.275969 0.329384 0.380418 0.411001 0.406895 0.370354 0.322717 0.287257 0.277626 0.30029 0.358218 0.44668 0.535608 0.564254 0.515711 0.433322 0.345969 0.265559 0.199089 0.149013 0.113993 0.0910739 0.0772902 0.0704089 0.0691378 0.0730446 0.0823088 0.0973778 0.118578 0.145771 0.17825 0.215204 0.256872 0.305762 0.366705 0.445072 0.544008 0.661853 0.784398 0.859332 0.82843 0.737776 0.64602 0.566361 0.497854 0.439515 0.390923 0.351521 0.321012 0.299758 0.28813 0.285343 0.289227 0.297451 0.309149 0.325382 0.347997 0.378007 0.414619 0.454566 0.491638 0.519948 0.541725 0.567138 0.601696 0.636346 0.648382 0.616879 0.548729 0.474919 0.4213 0.399115 0.410299 0.450997 0.510512 0.57123 0.614501 0.622187 0.583975 0.524621 0.485476 0.49106 0.549111 0.65582 0.790585 0.903084 0.914801 0.812355 0.681863 0.578639 0.513649 0.48468 0.48855 0.521416 0.572573 0.618363 0.635872 0.631301 0.629412 0.645963 0.685774 0.752328 0.851173 0.982346 1.13177 1.27552 1.38547 1.40396 1.29106 1.10953 0.930704 0.802218 0.741517 0.733153 0.736026 0.713828 0.667172 0.617061 0.578527 0.551427 0.523778 0.487458 0.450999 0.430523 0.435022 0.46213 0.501405 0.543459 0.585244 0.618747 0.63198 0.639303 0.669389 0.717978 0.740409 0.717593 0.680755 0.64806 0.613306 0.564963 0.501607 0.435726 0.382468 0.349745 0.337854 0.343211 0.361832 0.390779 0.427534 0.469452 0.514677 0.559776 0.58824 0.569508 0.502358 0.42516 0.365874 0.328367 0.303795 0.280925 0.253959 0.225089 0.200062 0.182723 0.173404 0.170199 0.170831 0.173657 0.177608 0.181974 0.186918 0.194035 0.205513 0.221649 0.237996 0.245032 0.234141 0.206151 0.170354 0.135904 0.107359 0.0855884 0.0698037 0.0588297 0.0516153 0.0473393 0.0453709 0.0452158 0.0465052 0.0490417 0.0528777 0.0583765 0.0661937 0.0771132 0.0916644 0.109459 0.128372 0.14428 0.15255 0.151189 0.142587 0.13169 0.123038 0.119596 0.123276 0.135863 0.159562 0.196887 0.24981 0.318165 0.397001 0.470905 0.506783 0.475005 0.395529 0.310199 0.239883 0.18775 0.150709 0.124704 0.106338 0.0932271 0.0839379 0.0777679 0.0744408 0.073816 0.0757076 0.0798621 0.0860687 0.0942854 0.1046 0.116922 0.130565 0.144183 0.156569 0.168302 0.183306 0.20943 0.258354 0.345839 0.491465 0.705936 0.876601 0.790659 0.688126 0.647364 0.642949 0.638995 0.612718 0.572067 0.53234 0.493585 0.451132 0.407477 0.3704 0.347942 0.344268 0.35372 0.356365 0.330015 0.276216 0.215573 0.163129 0.122905 0.0933874 0.0717387 0.0554776 
0.0276752 0.0283736 0.0277188 0.0261743 0.0243987 0.0230175 0.0224627 0.022908 0.0242635 0.0261975 0.0281889 0.0296373 0.0300345 0.0291407 0.0270649 0.0241977 0.0210443 0.0180646 0.0155912 0.0138292 0.0129021 0.0129105 0.0139858 0.0163373 0.0202967 0.0263661 0.0352657 0.0479619 0.0656123 0.0892906 0.11924 0.15341 0.185751 0.206888 0.21044 0.200007 0.186364 0.178683 0.180019 0.187805 0.196918 0.203812 0.208299 0.210769 0.209121 0.200491 0.185467 0.168181 0.152429 0.139237 0.127591 0.116386 0.105675 0.0966207 0.0906932 0.0888959 0.0913584 0.0972247 0.104781 0.111935 0.117083 0.119953 0.121748 0.124495 0.130205 0.140363 0.155753 0.176427 0.201697 0.229853 0.257267 0.277957 0.286585 0.283806 0.275536 0.265266 0.249874 0.224263 0.188794 0.149739 0.113846 0.0848995 0.0639424 0.0506558 0.0444727 0.0452465 0.0536886 0.0717816 0.103308 0.154519 0.234571 0.353435 0.504998 0.597143 0.512094 0.376887 0.275482 0.210921 0.171857 0.147931 0.131895 0.119346 0.107998 0.0969 0.085862 0.0751472 0.0652809 0.0568384 0.0502378 0.0456331 0.0429363 0.041919 0.04233 0.0439887 0.0468344 0.0509212 0.0563529 0.0631706 0.0712347 0.0801694 0.0894298 0.0984863 0.107022 0.115001 0.122548 0.129751 0.136644 0.143565 0.151907 0.164903 0.187969 0.228421 0.294409 0.392057 0.517709 0.642205 0.705717 0.676222 0.59466 0.507847 0.431056 0.363764 0.304662 0.254389 0.21391 0.18371 0.163762 0.153733 0.153437 0.163329 0.184705 0.219428 0.269262 0.335052 0.416132 0.510652 0.617137 0.734741 0.856154 0.957658 1.02405 1.07433 1.0823 0.998441 0.902224 0.862641 0.888202 0.960666 1.03583 1.05565 1.0171 0.975614 0.970393 1.00359 1.01384 0.900207 0.725271 0.57938 0.480262 0.421727 0.395865 0.398726 0.430624 0.493213 0.58397 0.691411 0.800347 0.900963 0.973956 0.994297 0.979184 0.976169 1.03091 1.17671 1.22196 0.929725 0.715257 0.594237 0.535599 0.514916 0.52024 0.548107 0.587633 0.608989 0.594603 0.57287 0.576449 0.609532 0.650044 0.661618 0.620738 0.539305 0.448661 0.372123 0.318401 0.286681 0.271036 0.263012 0.25484 0.24301 0.228758 0.215018 0.203756 0.195476 0.189692 0.185272 0.180806 0.175408 0.169679 0.166139 0.168787 0.182155 0.210272 0.255552 0.317275 0.388636 0.44998 0.466578 0.424706 0.359741 0.310299 0.293406 0.314698 0.376697 0.475384 0.579945 0.621668 0.578657 0.494463 0.395747 0.299445 0.219337 0.160118 0.119748 0.0939675 0.0787745 0.0712847 0.0698563 0.0739201 0.0836723 0.0996958 0.122537 0.152285 0.188355 0.22993 0.277393 0.334032 0.405855 0.497592 0.604705 0.707571 0.782526 0.817514 0.811245 0.774063 0.7157 0.641599 0.561714 0.487058 0.424058 0.375054 0.340615 0.320715 0.314365 0.318588 0.328364 0.338725 0.347986 0.359014 0.377096 0.406766 0.449454 0.500565 0.545644 0.56512 0.555336 0.534534 0.519503 0.511184 0.498847 0.472318 0.433765 0.396959 0.376429 0.381121 0.414442 0.474835 0.554573 0.640312 0.715914 0.749442 0.702552 0.614776 0.556522 0.559402 0.631952 0.772152 0.957395 1.12029 1.13311 0.971318 0.79368 0.66664 0.592101 0.563191 0.577459 0.63604 0.731688 0.81914 0.827261 0.783198 0.756462 0.766472 0.806612 0.872043 0.968056 1.09821 1.25139 1.40636 1.53777 1.57607 1.45875 1.24999 1.0321 0.877482 0.810049 0.811304 0.835117 0.833287 0.790544 0.730179 0.684725 0.660776 0.63461 0.585299 0.530292 0.501114 0.512177 0.555697 0.601287 0.617145 0.607921 0.593258 0.579647 0.574799 0.588827 0.615588 0.632706 0.630555 0.622351 0.618289 0.611416 0.58505 0.533999 0.474809 0.428261 0.403947 0.399898 0.408323 0.422274 0.439338 0.460144 0.485372 0.514877 0.545288 0.561874 0.540515 0.480101 0.409804 0.353011 0.314539 0.288542 0.267038 0.245887 0.226539 0.212843 0.20677 0.206728 0.208869 0.209911 0.208877 0.206255 0.202436 0.197816 0.193796 0.192392 0.194279 0.197147 0.19618 0.187154 0.169788 0.147645 0.125103 0.105086 0.0888062 0.0764261 0.0676636 0.0621081 0.0593117 0.0587773 0.0599377 0.0621902 0.0650162 0.0681486 0.0716926 0.0760996 0.0819592 0.0896497 0.09893 0.108636 0.116784 0.121359 0.121515 0.118197 0.113606 0.110163 0.109918 0.114644 0.126243 0.147103 0.180177 0.228742 0.295631 0.380638 0.47138 0.52571 0.495353 0.406248 0.313922 0.2411 0.189237 0.153816 0.129855 0.113368 0.101675 0.0933441 0.0878979 0.0853521 0.0857386 0.0887758 0.093804 0.100031 0.106951 0.114575 0.123175 0.132677 0.14237 0.151558 0.161116 0.175029 0.201023 0.250543 0.338896 0.48423 0.692276 0.855575 0.802267 0.720129 0.676488 0.646478 0.613646 0.578326 0.546924 0.52198 0.498071 0.468118 0.430251 0.388818 0.352063 0.326587 0.311107 0.295327 0.268055 0.228454 0.185119 0.146203 0.114915 0.0908768 0.0723866 0.0577479 
0.0444653 0.0453125 0.0435043 0.0400156 0.0361852 0.033205 0.0318411 0.0323819 0.0346742 0.0381488 0.0418616 0.0446519 0.0454861 0.0438726 0.0400669 0.034896 0.0293491 0.0242297 0.0200242 0.0169465 0.0150517 0.0143439 0.014855 0.0166963 0.0200955 0.0254238 0.0332067 0.0440898 0.058705 0.0773556 0.0994555 0.122828 0.143419 0.156464 0.159379 0.154062 0.145779 0.139697 0.138395 0.141605 0.147517 0.154458 0.161443 0.167186 0.169342 0.165875 0.157249 0.146244 0.135515 0.125931 0.116907 0.107716 0.0984356 0.0899807 0.0835342 0.0799347 0.0793609 0.0813299 0.0849201 0.0891583 0.0934823 0.0980863 0.103937 0.112427 0.124828 0.141705 0.162359 0.184547 0.204985 0.220745 0.230375 0.233727 0.231559 0.225694 0.218219 0.209318 0.196465 0.176881 0.150903 0.12222 0.0952337 0.072924 0.0565661 0.0464049 0.0424153 0.0448878 0.0549059 0.0748728 0.109269 0.165847 0.257488 0.404649 0.634296 0.86011 0.632208 0.421984 0.292159 0.214946 0.169283 0.141412 0.122778 0.108497 0.0961871 0.0849912 0.0748054 0.0658039 0.0582024 0.0521482 0.0476689 0.0446753 0.043017 0.0425677 0.0433068 0.0453689 0.0490451 0.0547256 0.062778 0.0733694 0.0862747 0.100772 0.115754 0.130095 0.143097 0.154662 0.165039 0.174352 0.182379 0.189043 0.195678 0.206425 0.228932 0.274242 0.35641 0.491283 0.689269 0.922516 1.04196 0.927804 0.744171 0.594659 0.48692 0.406288 0.341112 0.285879 0.239264 0.202161 0.175834 0.160909 0.157548 0.166064 0.187283 0.222413 0.272499 0.337707 0.416863 0.507779 0.608256 0.715903 0.825013 0.92631 1.02012 1.11539 1.16177 1.08805 0.9984 0.971732 1.0133 1.10306 1.1903 1.20065 1.13542 1.07648 1.08087 1.17339 1.29999 1.09238 0.813522 0.619715 0.496588 0.425179 0.392872 0.393594 0.426276 0.491363 0.584929 0.6934 0.799853 0.898204 0.983579 1.03884 1.05219 1.03983 1.04283 1.07757 1.03847 0.860765 0.696341 0.596613 0.545764 0.518606 0.501426 0.493869 0.49538 0.498975 0.502248 0.516031 0.553109 0.61213 0.669051 0.683556 0.636495 0.551734 0.463067 0.390435 0.341196 0.315116 0.306286 0.304131 0.297722 0.282746 0.262605 0.242312 0.22423 0.208515 0.194693 0.182292 0.170952 0.160719 0.152495 0.148281 0.151053 0.164432 0.192355 0.238812 0.307148 0.396406 0.487227 0.52273 0.469375 0.385217 0.323375 0.299212 0.314154 0.366865 0.450498 0.539285 0.587124 0.573683 0.512245 0.417741 0.315592 0.228815 0.165025 0.122057 0.0949776 0.0792467 0.0716475 0.0703589 0.0747422 0.0850184 0.10189 0.126109 0.158015 0.197233 0.243129 0.296592 0.362489 0.450163 0.568764 0.712002 0.831762 0.874885 0.876096 0.878823 0.877331 0.839524 0.75289 0.644281 0.542381 0.459531 0.398826 0.360467 0.343715 0.346355 0.362947 0.383804 0.398128 0.401952 0.402169 0.4107 0.437146 0.485422 0.549737 0.607205 0.622699 0.586043 0.526154 0.47211 0.432824 0.404096 0.379837 0.359257 0.347482 0.351609 0.377133 0.426464 0.498041 0.585632 0.679911 0.768311 0.81394 0.765144 0.667516 0.602689 0.604422 0.681715 0.832599 1.02826 1.18153 1.17711 1.02298 0.854805 0.734083 0.664665 0.64197 0.668241 0.755076 0.916088 1.10461 1.07822 0.952893 0.893535 0.896242 0.934302 0.992971 1.0772 1.1936 1.33287 1.47203 1.57967 1.60436 1.50877 1.3112 1.08415 0.920238 0.850726 0.862744 0.920124 0.965112 0.932616 0.844714 0.778699 0.753645 0.730117 0.668123 0.596807 0.56536 0.595887 0.683169 0.766663 0.742482 0.652217 0.577126 0.531939 0.513107 0.516983 0.535626 0.557017 0.574532 0.590427 0.606729 0.615683 0.601733 0.561201 0.513497 0.482166 0.477013 0.491379 0.508279 0.514389 0.510398 0.504898 0.504099 0.509058 0.515732 0.513198 0.48783 0.439045 0.382419 0.333002 0.296131 0.270004 0.250859 0.236942 0.229634 0.231329 0.241902 0.25638 0.26632 0.265674 0.255372 0.240339 0.224166 0.20828 0.193927 0.182797 0.175753 0.171719 0.168021 0.161949 0.152296 0.139661 0.125621 0.111824 0.0995578 0.0896858 0.082702 0.0787985 0.0778805 0.0795286 0.0829664 0.0871317 0.0909291 0.0936143 0.0950978 0.0959318 0.0969624 0.0988641 0.101795 0.105287 0.108403 0.11016 0.110047 0.108332 0.105978 0.104321 0.104825 0.109067 0.118911 0.136731 0.165505 0.208683 0.26943 0.347745 0.431515 0.482632 0.460127 0.384366 0.302778 0.237237 0.190424 0.15877 0.13773 0.123455 0.113357 0.106232 0.10199 0.101059 0.103683 0.10935 0.116595 0.123443 0.128452 0.131587 0.133986 0.13681 0.140426 0.144805 0.150939 0.162253 0.185146 0.228656 0.303337 0.417022 0.559071 0.672954 0.711132 0.718316 0.714353 0.677902 0.619013 0.565342 0.529239 0.508763 0.494569 0.475601 0.443927 0.399426 0.350857 0.308395 0.275431 0.247954 0.220055 0.189625 0.158929 0.131159 0.107911 0.0890423 0.0735593 0.0604171 
0.0715928 0.0725539 0.0682716 0.0608871 0.0531591 0.0472976 0.0445578 0.0453548 0.0494368 0.0558931 0.0630713 0.0687173 0.0706536 0.0678194 0.0608424 0.0515539 0.0419358 0.0333797 0.0265468 0.0215799 0.0183719 0.0167606 0.0166377 0.0180021 0.0209872 0.0258748 0.0330868 0.0431255 0.0564083 0.0729433 0.0918511 0.110936 0.126804 0.136034 0.137097 0.131499 0.122943 0.11527 0.110859 0.110308 0.113034 0.118041 0.124189 0.129971 0.133532 0.133538 0.130184 0.12496 0.119329 0.113738 0.107765 0.100945 0.0934386 0.0860808 0.0799347 0.0757796 0.07386 0.0739488 0.0756173 0.0785732 0.0829472 0.0894362 0.0992487 0.113844 0.134457 0.161314 0.192445 0.222536 0.243706 0.250024 0.242269 0.226489 0.208766 0.192556 0.178776 0.166343 0.152957 0.136644 0.117258 0.096581 0.0771108 0.0608653 0.0489984 0.0420331 0.0402985 0.0443599 0.0554294 0.0758453 0.109738 0.163974 0.249218 0.379471 0.55826 0.680095 0.55907 0.394139 0.278329 0.205549 0.160883 0.132803 0.113738 0.0992681 0.08724 0.0768984 0.0681501 0.0610759 0.0556933 0.0518859 0.0494223 0.0480251 0.0474697 0.0476903 0.0488624 0.0514372 0.056114 0.0637396 0.0751215 0.0907394 0.110379 0.132836 0.156005 0.177596 0.196162 0.211575 0.224494 0.235318 0.243542 0.248343 0.250603 0.255251 0.272227 0.316118 0.406308 0.568729 0.836865 1.23554 1.53655 1.18771 0.86653 0.65757 0.529075 0.445839 0.383399 0.328243 0.277023 0.232945 0.200044 0.180316 0.1742 0.181905 0.204147 0.242085 0.296683 0.367742 0.453082 0.548663 0.650009 0.753128 0.853071 0.944173 1.02587 1.09787 1.13039 1.09828 1.05949 1.06384 1.1125 1.18742 1.24891 1.24186 1.17314 1.11201 1.10979 1.18515 1.26999 1.0855 0.823114 0.631682 0.507187 0.433291 0.398005 0.395154 0.42313 0.481757 0.567709 0.671697 0.784768 0.908047 1.04054 1.1533 1.19084 1.12877 1.03072 0.947332 0.855518 0.739458 0.636681 0.573008 0.539706 0.513352 0.482092 0.452634 0.433972 0.429114 0.440205 0.47261 0.530787 0.608962 0.680689 0.700884 0.651034 0.564449 0.477642 0.408149 0.362507 0.341424 0.339431 0.344008 0.340791 0.324716 0.301759 0.2787 0.257507 0.237535 0.218272 0.19977 0.182301 0.166461 0.153468 0.145277 0.144493 0.154263 0.178266 0.220755 0.285979 0.374171 0.466652 0.506145 0.457886 0.378508 0.319739 0.295246 0.303998 0.341587 0.399973 0.462399 0.505272 0.511963 0.47444 0.396449 0.3038 0.222198 0.161239 0.119896 0.0938419 0.0788478 0.0718434 0.0710648 0.0758904 0.0865603 0.103835 0.128593 0.161392 0.202179 0.250792 0.308937 0.383187 0.486894 0.638897 0.850664 1.04312 1.03052 0.980448 0.996129 1.04067 1.02073 0.895136 0.736764 0.598835 0.493519 0.420927 0.379673 0.368551 0.385428 0.423692 0.466763 0.489502 0.480508 0.457784 0.447317 0.464834 0.515209 0.590421 0.659968 0.675833 0.62108 0.532296 0.450032 0.390036 0.351471 0.32931 0.320791 0.326695 0.349784 0.392634 0.455745 0.535633 0.623699 0.708187 0.77538 0.799303 0.754754 0.675197 0.62014 0.621448 0.689106 0.818348 0.975926 1.08468 1.07903 0.98345 0.870911 0.784491 0.734091 0.721098 0.75259 0.845853 1.02394 1.25582 1.21778 1.07478 1.01481 1.01945 1.05593 1.10707 1.17793 1.27595 1.39225 1.50204 1.56896 1.55543 1.45047 1.27134 1.07295 0.926742 0.865449 0.889662 0.984636 1.09707 1.06861 0.925897 0.825049 0.783953 0.754109 0.690722 0.622279 0.600415 0.655177 0.803861 0.998899 0.895233 0.694025 0.566058 0.497623 0.470406 0.472823 0.49552 0.528769 0.563621 0.593544 0.614224 0.62064 0.606445 0.574706 0.545029 0.540588 0.571785 0.625644 0.663889 0.655602 0.613955 0.567998 0.532679 0.50957 0.493439 0.475654 0.447848 0.408119 0.362558 0.319383 0.283792 0.257444 0.240436 0.233518 0.238914 0.258897 0.292146 0.328951 0.350932 0.344644 0.315977 0.280192 0.246678 0.218003 0.194634 0.177221 0.166134 0.160586 0.158587 0.157592 0.15529 0.150224 0.142164 0.132098 0.121739 0.112841 0.10676 0.104328 0.105815 0.110828 0.118173 0.125904 0.131792 0.134205 0.132904 0.129052 0.124406 0.120397 0.117681 0.116183 0.115363 0.114515 0.113056 0.110775 0.107992 0.105556 0.104721 0.107023 0.114277 0.128656 0.152713 0.189085 0.239463 0.30173 0.364054 0.40079 0.389698 0.340691 0.281639 0.230346 0.191982 0.165517 0.147895 0.135996 0.127644 0.122046 0.11965 0.121464 0.1281 0.138783 0.150719 0.15966 0.162245 0.158464 0.151391 0.144504 0.139736 0.137707 0.139232 0.146712 0.164633 0.199065 0.256118 0.338357 0.438326 0.53703 0.623363 0.701083 0.744313 0.710922 0.632253 0.561055 0.515739 0.493343 0.482472 0.469142 0.441226 0.395424 0.340611 0.289219 0.247538 0.214836 0.187529 0.162962 0.140497 0.120528 0.103283 0.0884309 0.0753005 0.0632839 
0.115274 0.116193 0.106616 0.0915162 0.0766315 0.0658315 0.0608878 0.0622389 0.0695188 0.0814695 0.0954117 0.107007 0.111479 0.106374 0.0933207 0.0765626 0.0600903 0.0461739 0.0355151 0.0279507 0.0230234 0.0202892 0.0194409 0.0203444 0.0230476 0.0277861 0.0349753 0.0451559 0.0588251 0.0760746 0.0960087 0.116137 0.132388 0.140554 0.138846 0.129273 0.116278 0.104147 0.0954689 0.0910544 0.0905554 0.0930719 0.0974415 0.102307 0.106305 0.108534 0.108957 0.108191 0.106808 0.104815 0.101758 0.0972949 0.0916879 0.0858051 0.0806867 0.0770572 0.0751193 0.074706 0.0756486 0.0781473 0.0829799 0.0915156 0.105593 0.127313 0.158652 0.200563 0.250824 0.300227 0.33092 0.327574 0.294961 0.25169 0.211741 0.18001 0.156114 0.137644 0.121823 0.106546 0.0910075 0.0756856 0.0617339 0.0503231 0.0423144 0.0382819 0.0387155 0.0442771 0.0560675 0.0759254 0.106772 0.152866 0.219241 0.307735 0.402812 0.450264 0.407032 0.320431 0.242299 0.185913 0.148113 0.122838 0.105074 0.0916008 0.0807799 0.0720255 0.0652515 0.0604608 0.0575294 0.0561499 0.0558785 0.0562492 0.0569268 0.0578627 0.0594151 0.0623978 0.0680408 0.0778564 0.0933862 0.115767 0.145049 0.179422 0.215006 0.247153 0.272877 0.292091 0.306421 0.317078 0.323459 0.323658 0.317578 0.31072 0.315167 0.347846 0.429691 0.587558 0.855661 1.25173 1.52401 1.21785 0.881479 0.669318 0.5488 0.480409 0.431859 0.381923 0.326912 0.275591 0.236386 0.2126 0.204597 0.212534 0.237508 0.281386 0.345857 0.43091 0.533009 0.644607 0.75744 0.866652 0.967257 1.0477 1.09716 1.11826 1.11872 1.11013 1.11851 1.15475 1.19987 1.23676 1.25316 1.22865 1.16961 1.11291 1.08667 1.08861 1.06506 0.94467 0.773306 0.624831 0.519219 0.452439 0.417069 0.40877 0.426817 0.471786 0.542747 0.637123 0.756051 0.908988 1.10114 1.30335 1.41238 1.25482 1.02492 0.854325 0.730091 0.633412 0.565268 0.528059 0.509385 0.487391 0.452701 0.415614 0.389455 0.381339 0.395089 0.433956 0.498235 0.578768 0.649513 0.672059 0.632464 0.558625 0.48148 0.417417 0.374602 0.355993 0.357555 0.366677 0.367868 0.355896 0.337586 0.319306 0.301342 0.281998 0.260907 0.238531 0.215437 0.192728 0.172339 0.156777 0.148797 0.151278 0.167248 0.199816 0.251226 0.318888 0.385676 0.415436 0.390218 0.340966 0.302434 0.287158 0.29436 0.318881 0.354003 0.390786 0.418044 0.424025 0.398051 0.340177 0.268022 0.201474 0.149935 0.114165 0.0914283 0.0785023 0.0728624 0.0729975 0.0783719 0.0892305 0.106316 0.130525 0.162546 0.202687 0.251412 0.311124 0.388818 0.498224 0.660657 0.899071 1.14246 1.09609 1.04113 1.09322 1.19095 1.18526 1.01066 0.805586 0.638831 0.516872 0.436309 0.394746 0.391796 0.428265 0.501665 0.590833 0.634803 0.593693 0.524292 0.481955 0.484586 0.534375 0.622025 0.712303 0.737615 0.664844 0.547614 0.44303 0.370058 0.32737 0.309135 0.311167 0.332079 0.372421 0.433186 0.513802 0.608635 0.70244 0.772416 0.802778 0.789815 0.738186 0.671921 0.625307 0.621711 0.669328 0.76132 0.869833 0.947776 0.963366 0.929288 0.879533 0.837982 0.813424 0.80984 0.836016 0.90684 1.02895 1.15543 1.18034 1.14017 1.12245 1.13931 1.17527 1.2213 1.2837 1.36802 1.46322 1.54214 1.56778 1.51084 1.37989 1.20951 1.04184 0.918872 0.865387 0.888043 0.979785 1.09043 1.06312 0.918609 0.806024 0.745614 0.703328 0.65036 0.602183 0.594104 0.652427 0.79195 0.956889 0.862256 0.669155 0.540052 0.471138 0.447184 0.45782 0.49532 0.550325 0.607683 0.647443 0.657522 0.642276 0.612728 0.582029 0.569707 0.598454 0.683874 0.813827 0.904367 0.861717 0.750954 0.646954 0.57069 0.520539 0.487859 0.462819 0.436595 0.403758 0.364275 0.322688 0.285012 0.256119 0.239311 0.237506 0.254292 0.29331 0.354354 0.423789 0.465344 0.44739 0.388283 0.323575 0.269247 0.227415 0.196727 0.17618 0.16518 0.162717 0.166841 0.174478 0.181607 0.184287 0.180513 0.171349 0.159973 0.14975 0.143187 0.141855 0.146485 0.156735 0.170769 0.185042 0.195015 0.197152 0.191085 0.17969 0.166893 0.155514 0.146681 0.140328 0.135822 0.132283 0.128756 0.124485 0.119338 0.11404 0.110017 0.109026 0.112918 0.123605 0.143022 0.17275 0.212949 0.260221 0.304937 0.331891 0.329878 0.302583 0.264093 0.226802 0.196786 0.175191 0.160587 0.150779 0.144122 0.140285 0.140319 0.146 0.158655 0.177519 0.198013 0.211809 0.211557 0.197449 0.176703 0.156818 0.141618 0.131991 0.128109 0.131075 0.14347 0.168968 0.21122 0.272082 0.350025 0.441459 0.544511 0.650734 0.718976 0.701397 0.626378 0.549949 0.497317 0.469395 0.455587 0.441504 0.414517 0.370563 0.317204 0.266023 0.223845 0.191441 0.166489 0.14636 0.129312 0.114434 0.101168 0.0889905 0.0773929 0.0660518 
0.18507 0.185488 0.164471 0.1344 0.107092 0.0885019 0.0803636 0.0827537 0.095275 0.116722 0.143431 0.167383 0.177611 0.167862 0.142693 0.112395 0.084779 0.06297 0.0471082 0.0362057 0.0291476 0.0250581 0.023368 0.0237895 0.0262882 0.0310827 0.0386566 0.0497402 0.0651709 0.0854884 0.110097 0.13604 0.1573 0.166723 0.161047 0.143931 0.122751 0.10362 0.0895423 0.0810943 0.0775992 0.077902 0.0807202 0.0847837 0.0889883 0.0926194 0.0954726 0.0976744 0.099282 0.100007 0.0993487 0.0970533 0.0935077 0.0896703 0.086573 0.0847825 0.0842184 0.0844556 0.0853378 0.087514 0.0925906 0.102929 0.121371 0.151095 0.195537 0.257922 0.338875 0.427917 0.48713 0.468741 0.390092 0.303697 0.233777 0.182855 0.14692 0.121235 0.101872 0.0860793 0.0723502 0.0602416 0.0499951 0.0421354 0.037218 0.035763 0.0383094 0.0455127 0.0582365 0.0776201 0.105091 0.142158 0.189405 0.243508 0.291973 0.313078 0.294832 0.251157 0.203817 0.164342 0.134853 0.113543 0.0979305 0.0861205 0.0770698 0.0703962 0.0660379 0.0639435 0.0638784 0.0653621 0.0677225 0.0702487 0.0724104 0.0740978 0.0758232 0.0788253 0.0850375 0.0969236 0.117177 0.148158 0.190803 0.242872 0.29763 0.345787 0.38121 0.403971 0.417402 0.424403 0.425069 0.416371 0.396605 0.371721 0.356017 0.367419 0.424116 0.543854 0.738503 0.981176 1.11443 0.984009 0.776949 0.62653 0.543579 0.505444 0.479963 0.439837 0.383219 0.327199 0.284773 0.25957 0.251415 0.260781 0.290043 0.342799 0.42244 0.529987 0.66061 0.80091 0.935739 1.06235 1.18093 1.26552 1.27758 1.23214 1.18438 1.16945 1.19774 1.25224 1.29083 1.2961 1.28114 1.24823 1.19818 1.14148 1.0874 1.03308 0.960724 0.856287 0.736394 0.629827 0.549804 0.494991 0.460168 0.443194 0.445936 0.47151 0.522078 0.599879 0.711292 0.868532 1.07944 1.32956 1.56523 1.286 0.973861 0.76773 0.633516 0.546528 0.495181 0.471025 0.459561 0.442874 0.413781 0.380569 0.355467 0.346699 0.358983 0.394702 0.451955 0.520261 0.578062 0.600326 0.578752 0.527918 0.467287 0.411571 0.371434 0.352487 0.352835 0.362386 0.368494 0.366795 0.362088 0.357657 0.351216 0.340034 0.323576 0.30151 0.273759 0.242322 0.211012 0.18394 0.164683 0.156135 0.160548 0.179413 0.212594 0.255791 0.296912 0.31844 0.313618 0.295938 0.283293 0.283579 0.294864 0.311127 0.327321 0.340488 0.347306 0.342028 0.318287 0.275868 0.224123 0.174965 0.135516 0.107488 0.0896504 0.0799054 0.0763804 0.0778736 0.0839572 0.0948762 0.111313 0.13409 0.16391 0.201342 0.247338 0.304471 0.378365 0.47814 0.61425 0.785404 0.931289 0.970415 1.00007 1.09965 1.21227 1.19254 1.01662 0.811909 0.643412 0.519823 0.439383 0.401098 0.406832 0.462567 0.577779 0.749488 0.855066 0.728909 0.583179 0.503085 0.489375 0.537553 0.642491 0.77681 0.83232 0.720048 0.562529 0.439742 0.361458 0.320721 0.309841 0.323844 0.360523 0.419621 0.501972 0.608218 0.734207 0.856579 0.921958 0.904233 0.840271 0.762702 0.689652 0.638609 0.623242 0.648241 0.707299 0.782347 0.848788 0.890558 0.909436 0.916295 0.91914 0.920733 0.923735 0.937653 0.978344 1.05267 1.1392 1.20093 1.23235 1.25376 1.27938 1.31249 1.35592 1.41806 1.50057 1.58446 1.63349 1.61359 1.51452 1.36075 1.19125 1.03805 0.925214 0.867943 0.869614 0.916493 0.961948 0.934135 0.839682 0.746635 0.68102 0.633019 0.590783 0.560416 0.558716 0.597694 0.671483 0.727721 0.686884 0.585165 0.498123 0.449135 0.439087 0.465929 0.528036 0.619914 0.719436 0.777008 0.759255 0.697875 0.634683 0.592013 0.58734 0.642167 0.781126 1.01816 1.23313 1.10266 0.894161 0.725448 0.609458 0.538234 0.498035 0.475442 0.457513 0.432655 0.39518 0.348783 0.303101 0.267231 0.247144 0.247019 0.27128 0.325078 0.410958 0.515387 0.582011 0.548476 0.454801 0.362109 0.289374 0.236775 0.201215 0.180381 0.172942 0.177801 0.193138 0.215164 0.237023 0.250062 0.249098 0.236614 0.219765 0.204885 0.195829 0.194926 0.20359 0.221823 0.247093 0.273265 0.291131 0.292703 0.27743 0.252604 0.226918 0.205389 0.189155 0.177423 0.168959 0.162436 0.156289 0.148986 0.139897 0.12989 0.12099 0.115501 0.115445 0.122497 0.138037 0.162867 0.196345 0.234972 0.27134 0.295543 0.300375 0.286421 0.261085 0.233109 0.208535 0.189865 0.176969 0.168472 0.163147 0.160974 0.163505 0.17341 0.193213 0.222932 0.256377 0.278908 0.275472 0.246784 0.208035 0.17268 0.146094 0.128596 0.119193 0.117585 0.12475 0.142726 0.173979 0.220702 0.284511 0.36667 0.466474 0.571936 0.647185 0.653141 0.59787 0.525065 0.467242 0.432057 0.411662 0.393355 0.366548 0.327837 0.282346 0.238498 0.201887 0.17378 0.152754 0.136599 0.123393 0.111802 0.100975 0.0903504 0.0795668 0.0685109 
0.294397 0.293053 0.246954 0.18929 0.14262 0.113359 0.10129 0.105348 0.125414 0.161644 0.211054 0.260682 0.284469 0.264159 0.213994 0.159958 0.115629 0.0833592 0.0611586 0.0463671 0.0368537 0.0311887 0.0285105 0.0283715 0.030652 0.0355551 0.0436558 0.0559496 0.0737878 0.0984838 0.130208 0.165802 0.196392 0.2093 0.198124 0.169909 0.137527 0.109825 0.0899771 0.0778465 0.0720525 0.0709626 0.073031 0.0768965 0.0814647 0.086012 0.0902103 0.0939724 0.097176 0.0994884 0.100504 0.100151 0.0990111 0.0981832 0.0986704 0.100695 0.103453 0.105656 0.106735 0.107865 0.111999 0.123067 0.145269 0.182951 0.241034 0.325746 0.444815 0.600624 0.738404 0.68442 0.513488 0.367864 0.264848 0.194603 0.146819 0.113904 0.0906061 0.0734183 0.0601886 0.0498074 0.0418985 0.0365348 0.0340381 0.0348785 0.0396398 0.0489893 0.0635934 0.0839439 0.110101 0.14137 0.175807 0.209295 0.234678 0.243606 0.232697 0.207338 0.176984 0.148699 0.125443 0.107458 0.0939095 0.0838844 0.0768074 0.0724685 0.0708463 0.0718694 0.0752155 0.0802183 0.0859168 0.0912462 0.095333 0.0978513 0.0993755 0.101614 0.107406 0.120493 0.145177 0.18575 0.245106 0.321612 0.404969 0.477688 0.527731 0.55519 0.564591 0.561464 0.549289 0.525078 0.485047 0.435601 0.39363 0.377305 0.400205 0.469629 0.581154 0.702491 0.763478 0.721508 0.629571 0.553467 0.516465 0.510841 0.509402 0.483644 0.434252 0.383727 0.346705 0.325679 0.31986 0.331239 0.365245 0.428588 0.527006 0.662931 0.830598 1.00865 1.16984 1.31922 1.47781 1.59834 1.56751 1.42774 1.31558 1.27622 1.30061 1.35528 1.3935 1.3979 1.38454 1.36087 1.32065 1.25713 1.17038 1.06723 0.95664 0.847259 0.749775 0.673346 0.618442 0.576997 0.540668 0.509142 0.489425 0.489248 0.513599 0.566159 0.652273 0.778384 0.942042 1.11199 1.19289 1.05505 0.837913 0.665255 0.547737 0.474277 0.434368 0.417668 0.410979 0.400792 0.38109 0.356168 0.334844 0.324869 0.331481 0.357027 0.399328 0.449496 0.492525 0.513704 0.507261 0.477625 0.434177 0.388483 0.351987 0.331933 0.328703 0.336267 0.346922 0.357897 0.37118 0.386646 0.400174 0.408262 0.408093 0.394275 0.363565 0.320388 0.273111 0.229087 0.19362 0.170133 0.160316 0.164279 0.180378 0.204416 0.22916 0.246926 0.255682 0.261478 0.272317 0.290496 0.310335 0.322728 0.323373 0.315069 0.301648 0.283158 0.257213 0.223549 0.186272 0.151362 0.123149 0.1032 0.0910696 0.0854102 0.0847912 0.0882024 0.0952918 0.106341 0.12201 0.143003 0.169872 0.203163 0.243942 0.294455 0.35826 0.439041 0.537493 0.644808 0.737448 0.804427 0.881702 0.996987 1.09309 1.0613 0.91789 0.751655 0.608205 0.49949 0.428225 0.396271 0.40756 0.470557 0.600287 0.811687 0.973463 0.774725 0.592874 0.496174 0.472122 0.513949 0.62097 0.778393 0.859301 0.719605 0.547782 0.426283 0.354706 0.323176 0.3241 0.353158 0.408424 0.489517 0.597475 0.735502 0.909004 1.1049 1.19247 1.08356 0.944729 0.82852 0.735507 0.670214 0.639332 0.644611 0.681323 0.739675 0.808187 0.87833 0.945433 1.0043 1.04749 1.07001 1.07357 1.07143 1.08796 1.14205 1.23137 1.33262 1.41083 1.44688 1.46284 1.48571 1.52905 1.6019 1.70058 1.79266 1.82071 1.75047 1.60195 1.41981 1.24111 1.08593 0.966508 0.89196 0.863015 0.86474 0.864763 0.830905 0.763743 0.689969 0.628004 0.580201 0.544204 0.522044 0.518862 0.536102 0.564213 0.578294 0.555452 0.505924 0.459047 0.434674 0.442052 0.487453 0.578349 0.721804 0.905073 1.01675 0.928273 0.783293 0.670425 0.604687 0.594102 0.653864 0.806166 1.06375 1.30377 1.21236 0.98262 0.776246 0.63657 0.556512 0.519668 0.510392 0.510768 0.498958 0.459946 0.39963 0.337326 0.28864 0.261176 0.258546 0.284193 0.342518 0.435626 0.549247 0.622954 0.58763 0.486173 0.384353 0.30355 0.245718 0.208655 0.190252 0.18934 0.205475 0.237945 0.283226 0.330482 0.360511 0.359742 0.335985 0.306786 0.282987 0.268858 0.267142 0.280482 0.310034 0.353118 0.400246 0.433418 0.433761 0.400117 0.351171 0.305399 0.270246 0.245164 0.227182 0.213933 0.203699 0.194291 0.183087 0.16872 0.152416 0.137261 0.126421 0.12217 0.125969 0.138791 0.161055 0.19196 0.228388 0.264156 0.291028 0.302225 0.296345 0.277893 0.254026 0.230974 0.212391 0.199318 0.191031 0.18638 0.185211 0.189222 0.20188 0.227183 0.266773 0.314045 0.34743 0.340645 0.295245 0.237815 0.188007 0.151527 0.127378 0.113223 0.107536 0.110122 0.121966 0.144861 0.181107 0.233338 0.304046 0.393107 0.491023 0.570709 0.594931 0.554311 0.484609 0.423186 0.381944 0.355598 0.333932 0.308838 0.277563 0.242787 0.209489 0.181372 0.159571 0.143284 0.130858 0.120611 0.111234 0.101887 0.0920963 0.08166 0.0706371 
0.454832 0.448218 0.348577 0.247496 0.176824 0.136272 0.120589 0.126834 0.155701 0.210915 0.295412 0.396714 0.455393 0.407521 0.305811 0.214818 0.149484 0.105769 0.0770964 0.0583506 0.0462318 0.038791 0.0349321 0.0340762 0.0360106 0.0408867 0.0493193 0.0625173 0.0823229 0.110897 0.149488 0.195348 0.23697 0.25459 0.237182 0.196751 0.153173 0.117807 0.0934398 0.0789557 0.0722013 0.0710431 0.0735968 0.078236 0.0836381 0.0888941 0.0935663 0.0975733 0.100934 0.103579 0.105439 0.106797 0.108566 0.112112 0.118499 0.127455 0.136732 0.142895 0.143962 0.141909 0.142304 0.151771 0.176195 0.220594 0.289973 0.390898 0.534566 0.741269 1.01346 0.879975 0.604631 0.417013 0.292181 0.208288 0.151307 0.112304 0.085368 0.0664997 0.053071 0.0435028 0.0370087 0.0333756 0.0327993 0.0357783 0.0430348 0.0553983 0.0735578 0.0976137 0.126485 0.157512 0.186738 0.209859 0.223106 0.224001 0.212596 0.192153 0.167737 0.143866 0.123244 0.106844 0.0945941 0.0860563 0.0808688 0.0789091 0.0802162 0.084756 0.0921537 0.101532 0.111551 0.120642 0.127374 0.130928 0.131715 0.1319 0.135461 0.147743 0.174951 0.223727 0.29992 0.404437 0.524852 0.633259 0.709473 0.750937 0.754545 0.729772 0.692318 0.642682 0.575211 0.496713 0.426222 0.381353 0.371386 0.397058 0.449353 0.506362 0.5383 0.531008 0.501533 0.477906 0.475768 0.492252 0.507767 0.501044 0.474208 0.446523 0.429038 0.420609 0.419222 0.430859 0.467703 0.541564 0.659967 0.824369 1.02592 1.23549 1.41392 1.57685 1.77972 1.95599 1.86621 1.63273 1.47731 1.42559 1.44486 1.49742 1.5481 1.57982 1.59707 1.60355 1.58065 1.50316 1.36839 1.20105 1.0403 0.911587 0.822458 0.769768 0.740865 0.714365 0.672286 0.616695 0.564676 0.531139 0.523229 0.543475 0.59304 0.670813 0.766299 0.849137 0.868843 0.796034 0.673119 0.556983 0.470667 0.41651 0.38989 0.382796 0.384334 0.383371 0.373498 0.355646 0.335801 0.321125 0.317494 0.328075 0.351938 0.383218 0.412505 0.430719 0.432567 0.41711 0.387698 0.352328 0.321035 0.301243 0.295228 0.300831 0.314735 0.335868 0.36494 0.400966 0.441033 0.482348 0.516482 0.523724 0.491945 0.432485 0.362734 0.294787 0.236971 0.194232 0.168017 0.157213 0.159127 0.169961 0.185363 0.201996 0.219689 0.241677 0.271259 0.306529 0.337031 0.348568 0.336518 0.30973 0.278944 0.248748 0.219062 0.189336 0.160775 0.135848 0.116733 0.10439 0.098521 0.0979863 0.101357 0.107507 0.116076 0.127528 0.142714 0.162252 0.186248 0.214684 0.248238 0.288714 0.33831 0.397762 0.464449 0.532128 0.594733 0.655818 0.730382 0.820526 0.883549 0.861801 0.768006 0.652852 0.547012 0.463127 0.407093 0.382952 0.395061 0.44911 0.549515 0.680509 0.746725 0.661226 0.539903 0.459841 0.433555 0.460979 0.53867 0.642916 0.687257 0.605668 0.486641 0.395975 0.344486 0.328943 0.345733 0.393071 0.470252 0.576804 0.712458 0.877897 1.08206 1.35074 1.49928 1.25098 1.05406 0.910025 0.798656 0.719092 0.675209 0.666699 0.690238 0.742475 0.821058 0.923613 1.04267 1.15674 1.23443 1.26292 1.25397 1.2321 1.23276 1.28528 1.39869 1.55631 1.68709 1.71301 1.6976 1.70387 1.74984 1.84265 1.97115 2.08936 2.11217 1.99409 1.78523 1.56273 1.36603 1.19626 1.05427 0.949833 0.886628 0.853082 0.825949 0.784914 0.726706 0.662314 0.603484 0.555923 0.521135 0.499662 0.49134 0.493432 0.499044 0.498021 0.483511 0.459486 0.438195 0.432434 0.453025 0.510915 0.620531 0.802847 1.0872 1.40618 1.08889 0.854483 0.7014 0.613581 0.587868 0.630681 0.751708 0.942456 1.12216 1.13737 0.967534 0.776566 0.644068 0.571668 0.548036 0.561901 0.594313 0.60678 0.561096 0.471772 0.381846 0.315077 0.27741 0.269113 0.290504 0.342589 0.423003 0.51453 0.571805 0.552316 0.476076 0.387488 0.310767 0.254119 0.219183 0.205718 0.213677 0.244095 0.299011 0.37862 0.470505 0.532833 0.524796 0.47403 0.424243 0.388328 0.366515 0.361587 0.378971 0.422384 0.490285 0.570651 0.632102 0.630083 0.560993 0.472156 0.398755 0.347957 0.313687 0.288504 0.268663 0.252922 0.239027 0.223049 0.202508 0.179064 0.15717 0.140958 0.132881 0.134144 0.145462 0.167229 0.198926 0.237966 0.278623 0.312445 0.331356 0.332004 0.317239 0.293606 0.268134 0.246312 0.230881 0.22169 0.21698 0.215549 0.21858 0.229997 0.254996 0.296595 0.348638 0.386329 0.376689 0.321696 0.254447 0.197309 0.155679 0.127734 0.110411 0.101524 0.100232 0.10691 0.122902 0.150295 0.191712 0.249709 0.324782 0.410599 0.486434 0.517254 0.486746 0.424365 0.365736 0.323716 0.295485 0.273692 0.252414 0.229262 0.205111 0.18234 0.162949 0.147674 0.136075 0.127016 0.119181 0.111466 0.103153 0.0938928 0.0836218 0.0725348 
0.622829 0.604711 0.427328 0.286498 0.198989 0.151763 0.134507 0.142912 0.178801 0.250356 0.371901 0.554795 0.711967 0.58141 0.393248 0.26282 0.179984 0.127758 0.0942046 0.0720914 0.057386 0.0479471 0.0426331 0.0408073 0.0421514 0.0466906 0.054951 0.0681625 0.0883727 0.118192 0.159536 0.210153 0.257467 0.277654 0.256726 0.209878 0.161008 0.122552 0.0969283 0.0825209 0.0768368 0.0774856 0.0822744 0.089141 0.0962487 0.102272 0.106656 0.109569 0.111558 0.113179 0.114962 0.117718 0.122858 0.132297 0.147591 0.168225 0.189607 0.203391 0.203499 0.193469 0.184705 0.188693 0.213194 0.262755 0.339852 0.445681 0.581243 0.743979 0.878685 0.801571 0.60118 0.430804 0.306646 0.218546 0.156601 0.113493 0.0837947 0.0634632 0.0496194 0.04039 0.0347408 0.0323136 0.0332951 0.0383272 0.0484315 0.0648634 0.0887439 0.120277 0.157531 0.195485 0.227028 0.246462 0.252122 0.245287 0.228315 0.204451 0.177758 0.152123 0.130227 0.113247 0.101223 0.0936657 0.0901057 0.0903917 0.0946667 0.103045 0.115174 0.129936 0.145492 0.159609 0.17005 0.175079 0.174482 0.170774 0.169395 0.177623 0.203521 0.255634 0.342331 0.467827 0.621603 0.772782 0.899999 0.987789 0.988014 0.922963 0.844664 0.758267 0.657012 0.548566 0.451885 0.382406 0.345987 0.340339 0.356803 0.381755 0.401134 0.408726 0.410167 0.416644 0.43533 0.463939 0.491182 0.506728 0.514322 0.526584 0.546584 0.562074 0.56423 0.568393 0.602169 0.685568 0.825754 1.01667 1.23799 1.45296 1.62296 1.76554 1.95332 2.13897 1.99108 1.75925 1.63865 1.61936 1.6561 1.72298 1.80167 1.87212 1.92881 1.98777 1.99808 1.89166 1.68399 1.42082 1.19185 1.03631 0.951857 0.922776 0.923607 0.914936 0.861462 0.770028 0.67521 0.601176 0.556288 0.540712 0.551372 0.582499 0.622707 0.652444 0.649278 0.604588 0.534024 0.462671 0.407558 0.375431 0.36616 0.374538 0.390995 0.403907 0.404458 0.390831 0.367759 0.342919 0.323787 0.315509 0.319365 0.332407 0.348745 0.361835 0.366238 0.358604 0.339165 0.312817 0.287217 0.269064 0.261832 0.266067 0.281333 0.308003 0.347256 0.400156 0.468406 0.553335 0.641354 0.686402 0.656861 0.579639 0.482558 0.382412 0.294605 0.227914 0.183501 0.158495 0.148832 0.150556 0.16049 0.176964 0.200415 0.232864 0.275335 0.323255 0.362487 0.37456 0.354205 0.314683 0.271733 0.233061 0.199989 0.171817 0.148337 0.130241 0.118482 0.113541 0.114983 0.121367 0.130587 0.140779 0.151396 0.163507 0.1788 0.198037 0.220305 0.243927 0.268478 0.295762 0.328282 0.366623 0.408398 0.450086 0.490819 0.534761 0.587308 0.643446 0.679395 0.670333 0.619809 0.55061 0.481728 0.424304 0.385128 0.368931 0.379328 0.418213 0.481435 0.548057 0.574856 0.537659 0.469475 0.412126 0.385653 0.395119 0.435237 0.484489 0.502394 0.467154 0.406985 0.356519 0.330905 0.334335 0.368547 0.435316 0.535701 0.668976 0.832265 1.01473 1.19615 1.36612 1.42287 1.28739 1.12374 0.981193 0.863855 0.779539 0.731868 0.717394 0.733494 0.783262 0.873425 1.0105 1.19264 1.38188 1.48568 1.48468 1.44172 1.39937 1.39555 1.45583 1.58723 1.78594 1.97164 1.99505 1.9698 1.96811 2.0172 2.13227 2.28457 2.41029 2.4346 2.30368 2.03182 1.76897 1.56496 1.3745 1.19076 1.04298 0.9433 0.881865 0.837479 0.790723 0.733909 0.671146 0.611052 0.560302 0.521877 0.496034 0.481101 0.473817 0.470059 0.46586 0.45876 0.449425 0.442449 0.445957 0.470424 0.527882 0.632574 0.800111 1.03042 1.18814 1.05008 0.857013 0.708972 0.613862 0.572361 0.587983 0.662927 0.784913 0.906812 0.942095 0.855824 0.733278 0.6387 0.586127 0.577862 0.615861 0.691014 0.746453 0.684833 0.546703 0.422782 0.338254 0.291496 0.277312 0.292131 0.333268 0.394842 0.460985 0.503285 0.497908 0.449032 0.380404 0.314011 0.262872 0.232917 0.226438 0.244774 0.290284 0.368148 0.486624 0.64516 0.772503 0.736099 0.637305 0.568236 0.524148 0.492624 0.479717 0.49782 0.554221 0.648786 0.768526 0.869221 0.861725 0.736631 0.59713 0.495567 0.432373 0.391371 0.358201 0.328461 0.303686 0.282979 0.261278 0.234675 0.204971 0.17768 0.157541 0.146916 0.146718 0.157591 0.180257 0.214908 0.259774 0.309449 0.35451 0.384618 0.393911 0.383065 0.357272 0.324886 0.295398 0.27504 0.264275 0.259284 0.256022 0.254202 0.258174 0.274121 0.305373 0.345958 0.37406 0.362729 0.313087 0.25164 0.197981 0.157708 0.12964 0.111093 0.0999799 0.0953607 0.0974048 0.107175 0.126405 0.157233 0.201598 0.259653 0.326228 0.385442 0.411698 0.392533 0.346597 0.299744 0.263696 0.238416 0.219662 0.203517 0.187983 0.172874 0.158943 0.146992 0.137367 0.129829 0.123651 0.117869 0.111597 0.104233 0.095504 0.0854273 0.0742939 
0.579413 0.566142 0.413012 0.283014 0.200421 0.155834 0.140257 0.150026 0.187593 0.262253 0.391106 0.594968 0.800545 0.629739 0.421021 0.285274 0.200875 0.147493 0.11218 0.0876991 0.0704245 0.0586469 0.0514797 0.0483275 0.0487444 0.0525289 0.0599474 0.071983 0.0904553 0.117723 0.155391 0.201046 0.243042 0.26062 0.242017 0.200112 0.155901 0.121129 0.0986343 0.0873796 0.0853083 0.0902014 0.0996487 0.110914 0.121185 0.128308 0.131561 0.131758 0.130552 0.129596 0.130242 0.133874 0.142468 0.158847 0.186012 0.224599 0.267611 0.296424 0.293229 0.265395 0.23841 0.231921 0.254869 0.309731 0.393977 0.498564 0.60773 0.6992 0.734552 0.673993 0.54783 0.417028 0.307549 0.222796 0.160014 0.115139 0.0839776 0.0628033 0.0486952 0.0396465 0.0345154 0.0329203 0.0351454 0.0420891 0.0552398 0.0765862 0.108239 0.151338 0.203797 0.257557 0.299493 0.319956 0.319579 0.303857 0.277018 0.243029 0.207 0.173896 0.146948 0.127282 0.114478 0.107433 0.105174 0.107385 0.114415 0.126742 0.144179 0.165328 0.187681 0.208188 0.223631 0.230848 0.228237 0.21843 0.208832 0.209067 0.228682 0.276846 0.362353 0.490703 0.656209 0.84056 1.03825 1.21979 1.22384 1.11171 0.993022 0.865573 0.726919 0.58967 0.470989 0.382418 0.326877 0.300793 0.296747 0.30569 0.319691 0.334949 0.352689 0.376529 0.40839 0.446079 0.484805 0.523334 0.569543 0.635444 0.71843 0.778145 0.774149 0.749772 0.769293 0.862758 1.03389 1.26095 1.49733 1.69207 1.81419 1.87623 1.93683 1.98205 1.89819 1.79625 1.78799 1.85039 1.93127 2.03374 2.15295 2.24502 2.30493 2.43687 2.52619 2.32188 2.04108 1.66478 1.37491 1.20432 1.13149 1.12859 1.15895 1.16583 1.09571 0.962194 0.81943 0.70102 0.616783 0.564855 0.538942 0.531015 0.531299 0.528265 0.511628 0.47812 0.434229 0.391893 0.362144 0.352007 0.36379 0.394332 0.433956 0.467642 0.481455 0.470428 0.439217 0.397466 0.356187 0.324464 0.306661 0.302038 0.306331 0.313674 0.318024 0.314523 0.301396 0.281214 0.259714 0.242903 0.234909 0.237774 0.252571 0.28065 0.324288 0.387306 0.476244 0.597855 0.739396 0.833461 0.826813 0.754558 0.633211 0.489591 0.362571 0.26803 0.204797 0.166671 0.147516 0.14263 0.149001 0.165368 0.192105 0.230334 0.279535 0.33338 0.376299 0.389165 0.366513 0.322043 0.273263 0.230019 0.194978 0.167716 0.147561 0.134582 0.129407 0.132547 0.143569 0.160331 0.178923 0.195298 0.20822 0.22049 0.236405 0.257697 0.281307 0.301285 0.314563 0.324409 0.336601 0.353907 0.375056 0.397574 0.421061 0.447754 0.479226 0.511145 0.531949 0.530823 0.507557 0.471003 0.431358 0.396639 0.372705 0.363812 0.372778 0.39996 0.440023 0.47771 0.490745 0.467538 0.420453 0.373183 0.343154 0.336571 0.349472 0.368547 0.375902 0.363077 0.33913 0.31979 0.31666 0.336863 0.385902 0.468604 0.587495 0.741102 0.924651 1.11748 1.26191 1.33736 1.35171 1.28962 1.17267 1.03894 0.92391 0.84806 0.810661 0.798842 0.808881 0.852885 0.947437 1.10889 1.35445 1.66914 1.78631 1.68625 1.59909 1.55058 1.56494 1.64491 1.76111 1.91278 2.08113 2.1987 2.26696 2.26244 2.29985 2.439 2.61512 2.69594 2.66768 2.55892 2.23505 1.9824 1.83578 1.61827 1.35844 1.15712 1.02503 0.945103 0.892024 0.84207 0.782537 0.714756 0.647718 0.589328 0.543127 0.509505 0.487195 0.474181 0.468673 0.469179 0.473076 0.476086 0.476011 0.478181 0.494442 0.53723 0.616377 0.73486 0.870508 0.949464 0.911037 0.805253 0.695538 0.608417 0.555204 0.543799 0.576571 0.643698 0.716676 0.753867 0.737334 0.692138 0.644936 0.610161 0.604674 0.646522 0.740244 0.826207 0.749612 0.579228 0.439743 0.349289 0.299952 0.283159 0.292988 0.324713 0.371591 0.421252 0.455505 0.458322 0.427123 0.374258 0.31797 0.273474 0.250005 0.252116 0.281925 0.341136 0.433966 0.571387 0.766453 0.949834 0.888776 0.777233 0.72584 0.692169 0.647589 0.618357 0.631452 0.694685 0.805739 0.945866 1.0569 1.02984 0.863099 0.69226 0.576859 0.51156 0.469594 0.428193 0.384479 0.346384 0.31611 0.288122 0.257199 0.224523 0.195471 0.174505 0.163546 0.163237 0.174405 0.198499 0.236906 0.289281 0.351129 0.412201 0.459456 0.484078 0.482372 0.453347 0.406621 0.361913 0.333265 0.321513 0.317723 0.311403 0.299604 0.288634 0.287075 0.298659 0.318086 0.329941 0.317843 0.281476 0.235513 0.193118 0.159411 0.134337 0.116208 0.103576 0.095867 0.093404 0.0971854 0.10862 0.129219 0.160029 0.200404 0.245714 0.28494 0.303209 0.293803 0.265958 0.234527 0.20831 0.18906 0.175111 0.164277 0.155086 0.146902 0.139617 0.133329 0.128116 0.123854 0.120099 0.116151 0.111277 0.104927 0.0968347 0.0870402 0.075906 
0.40265 0.400349 0.325028 0.2424 0.18262 0.148721 0.13756 0.147535 0.180774 0.243254 0.341837 0.468713 0.551713 0.494181 0.376506 0.279234 0.211844 0.165402 0.131481 0.105391 0.0852956 0.0706363 0.0610915 0.0561827 0.0552951 0.0578979 0.0638437 0.0736453 0.0885585 0.110202 0.139312 0.17323 0.202978 0.214946 0.202122 0.172396 0.139872 0.114036 0.0983768 0.0931431 0.0973586 0.109403 0.126743 0.145588 0.161318 0.170138 0.171035 0.166185 0.159351 0.153932 0.15223 0.155962 0.167354 0.190171 0.229896 0.291249 0.368584 0.42662 0.415178 0.352368 0.296334 0.275923 0.29804 0.362016 0.460091 0.569784 0.654361 0.687373 0.665015 0.594667 0.495801 0.392023 0.298068 0.220158 0.159788 0.115559 0.084524 0.0634192 0.0494492 0.0406245 0.0358245 0.0347478 0.0378554 0.0463675 0.0623255 0.0886447 0.128898 0.186168 0.259691 0.338623 0.39992 0.425954 0.421733 0.397731 0.357611 0.306538 0.253817 0.207681 0.172338 0.148389 0.134248 0.12753 0.126274 0.12984 0.138976 0.154886 0.177801 0.205992 0.235988 0.263752 0.28515 0.29529 0.29029 0.272534 0.251972 0.24095 0.249986 0.287647 0.361381 0.476227 0.631414 0.822222 1.04865 1.26818 1.32088 1.24449 1.12285 0.962217 0.787156 0.623169 0.485971 0.382794 0.31389 0.274895 0.259271 0.26026 0.272477 0.292995 0.321234 0.357398 0.400504 0.448004 0.498616 0.557388 0.638849 0.76443 0.946798 1.10714 1.0573 0.963509 0.957667 1.06528 1.28743 1.58473 1.85455 2.00524 2.02165 1.94908 1.8646 1.8066 1.76955 1.79008 1.90463 2.06817 2.2103 2.37023 2.55406 2.5508 2.50142 2.55691 2.61258 2.44908 2.1914 1.82303 1.55056 1.40341 1.3588 1.3864 1.4397 1.44889 1.35728 1.18444 0.994598 0.830851 0.706763 0.619471 0.560107 0.519234 0.488624 0.461397 0.432647 0.401018 0.369601 0.344843 0.33431 0.344646 0.379748 0.438159 0.509401 0.572823 0.606179 0.599497 0.556666 0.48994 0.417451 0.355997 0.314097 0.292196 0.286008 0.289022 0.293807 0.293429 0.283881 0.266144 0.245405 0.227898 0.218303 0.219263 0.232291 0.258997 0.302149 0.366742 0.460682 0.591289 0.748284 0.880512 0.950521 0.951714 0.81029 0.602007 0.429479 0.30824 0.228643 0.179622 0.152887 0.142966 0.146667 0.162634 0.190853 0.231627 0.28334 0.338783 0.382598 0.396837 0.375663 0.3311 0.280784 0.236044 0.200647 0.174525 0.157026 0.148366 0.149725 0.162545 0.187159 0.220752 0.255688 0.281998 0.29599 0.305171 0.321012 0.348598 0.380874 0.400875 0.398291 0.382432 0.368771 0.36413 0.367229 0.374629 0.384697 0.397984 0.414868 0.432859 0.446396 0.450126 0.442647 0.426862 0.407717 0.390181 0.378366 0.375417 0.38363 0.403814 0.4328 0.459961 0.468218 0.446019 0.400447 0.351143 0.314127 0.295281 0.291996 0.296414 0.29969 0.297488 0.292608 0.292194 0.303948 0.335012 0.392318 0.481989 0.606712 0.76321 0.943894 1.12713 1.2573 1.3241 1.36389 1.35348 1.24764 1.09559 0.977346 0.920596 0.909951 0.909282 0.910536 0.942111 1.02845 1.18502 1.43154 1.76979 1.88541 1.76289 1.68461 1.66612 1.73544 1.88358 1.95481 1.97483 2.08779 2.31634 2.55921 2.49046 2.49088 2.64557 2.90178 2.92615 2.67937 2.48874 2.24444 2.10036 2.12596 1.8463 1.49446 1.26044 1.11601 1.0333 0.981988 0.932123 0.865844 0.785801 0.70582 0.636065 0.579707 0.536881 0.507326 0.491044 0.488776 0.500957 0.523294 0.542345 0.543559 0.531012 0.524973 0.541767 0.587609 0.659392 0.739063 0.791888 0.791759 0.746356 0.677976 0.604248 0.542397 0.508539 0.510015 0.542421 0.591334 0.639229 0.676552 0.69909 0.693427 0.658902 0.629919 0.639885 0.691926 0.732924 0.670129 0.538761 0.422566 0.344579 0.301866 0.287713 0.296495 0.32329 0.361969 0.403199 0.434085 0.441656 0.420074 0.376078 0.325959 0.286647 0.269941 0.282199 0.325628 0.398466 0.495994 0.616361 0.75831 0.871032 0.870476 0.846843 0.873157 0.878759 0.812958 0.76266 0.769874 0.829997 0.935257 1.05985 1.13001 1.06633 0.898033 0.731893 0.622628 0.566044 0.528917 0.480851 0.422694 0.370734 0.330732 0.297594 0.265604 0.234721 0.208773 0.190937 0.182307 0.183267 0.195043 0.220086 0.2613 0.320319 0.394614 0.474468 0.545712 0.599218 0.623577 0.592879 0.515727 0.442083 0.401107 0.391472 0.393759 0.384322 0.356095 0.322281 0.29753 0.286797 0.285686 0.283928 0.271903 0.247986 0.218205 0.189301 0.164543 0.144178 0.12732 0.113321 0.102296 0.0950571 0.0927975 0.0967573 0.107926 0.12662 0.15171 0.179498 0.203171 0.214993 0.211659 0.197172 0.178953 0.162507 0.14989 0.140913 0.134625 0.130109 0.126698 0.123958 0.121665 0.119754 0.118143 0.116522 0.114315 0.110833 0.105508 0.098044 0.0885015 0.0773277 
0.262983 0.265368 0.233317 0.190533 0.155401 0.134524 0.128749 0.138157 0.164079 0.208664 0.271111 0.338424 0.377626 0.362818 0.313568 0.261709 0.218911 0.183678 0.152665 0.124927 0.101388 0.0831802 0.0707218 0.0636506 0.0611232 0.062206 0.0662576 0.0732292 0.0837233 0.0985956 0.117924 0.139425 0.157342 0.164275 0.156818 0.139121 0.119303 0.104072 0.0970688 0.0998027 0.112653 0.134948 0.164166 0.194958 0.219528 0.230884 0.227433 0.21406 0.198328 0.186267 0.181067 0.184104 0.196851 0.223032 0.270224 0.348757 0.461088 0.56026 0.534655 0.425514 0.341032 0.310747 0.336312 0.416007 0.542469 0.680917 0.751156 0.719157 0.638448 0.545419 0.451419 0.36158 0.279965 0.210364 0.155059 0.113847 0.0846306 0.0646319 0.0513147 0.0428463 0.0382431 0.0373662 0.0408916 0.0503447 0.0682449 0.0983159 0.145525 0.215197 0.309221 0.416306 0.503357 0.542946 0.546419 0.523517 0.468407 0.39106 0.313241 0.249155 0.203264 0.174497 0.159241 0.153125 0.152654 0.156682 0.166645 0.184972 0.212663 0.24763 0.285059 0.319661 0.346662 0.359792 0.352646 0.326977 0.295182 0.27203 0.268539 0.292283 0.34923 0.444068 0.579417 0.755927 0.967624 1.1742 1.29774 1.31169 1.21592 1.03589 0.834213 0.649686 0.49784 0.383521 0.305301 0.258206 0.236073 0.23322 0.245447 0.270372 0.306918 0.353925 0.408614 0.466934 0.527968 0.600214 0.703827 0.868907 1.13296 1.4697 1.31338 1.16321 1.1416 1.2656 1.55391 1.98063 2.328 2.41276 2.24316 1.99759 1.80509 1.6969 1.67836 1.76078 1.95038 2.19852 2.40064 2.56142 2.79541 2.58022 2.40875 2.34611 2.32445 2.25569 2.1032 1.89223 1.72301 1.63785 1.63802 1.70562 1.7862 1.78962 1.66238 1.44094 1.19962 0.989216 0.825927 0.705039 0.61467 0.543981 0.486036 0.437058 0.395079 0.359721 0.332699 0.318021 0.321522 0.349833 0.408522 0.498362 0.608787 0.712618 0.775496 0.778596 0.721956 0.619681 0.504009 0.405622 0.337421 0.299115 0.284837 0.286531 0.294536 0.298449 0.290807 0.271563 0.247419 0.2264 0.213938 0.212588 0.223407 0.247405 0.286701 0.345441 0.429791 0.544629 0.684662 0.831951 0.985309 1.11724 0.946137 0.67556 0.476341 0.341324 0.252227 0.195727 0.163189 0.1492 0.150577 0.165759 0.194278 0.235844 0.288445 0.345081 0.391002 0.40793 0.38851 0.344351 0.294111 0.249941 0.215738 0.191306 0.176099 0.171041 0.178795 0.203051 0.246771 0.308187 0.373789 0.417601 0.42672 0.422262 0.433406 0.473378 0.53065 0.561198 0.530998 0.472238 0.424436 0.397005 0.384538 0.380252 0.380643 0.38516 0.393817 0.405207 0.416276 0.423695 0.425594 0.422431 0.416543 0.410794 0.407416 0.407984 0.414202 0.42803 0.44933 0.470832 0.475733 0.449322 0.397747 0.342131 0.29852 0.271945 0.260132 0.257692 0.259252 0.261861 0.266024 0.275082 0.294083 0.329117 0.38674 0.472504 0.588106 0.72917 0.887313 1.04874 1.19041 1.30991 1.4225 1.48616 1.34928 1.13926 1.00976 0.976661 1.00436 1.02245 1.01642 1.03922 1.11474 1.24082 1.41414 1.60479 1.70719 1.70897 1.70239 1.73614 1.86085 2.15119 2.14582 1.98051 2.01762 2.21341 2.42753 2.44548 2.46241 2.5824 2.75758 2.73964 2.51009 2.3105 2.13947 2.04068 2.0019 1.80198 1.52871 1.32666 1.20095 1.13251 1.09232 1.04525 0.968138 0.869375 0.772423 0.690301 0.624524 0.573921 0.5387 0.520774 0.523991 0.552534 0.602864 0.647982 0.645304 0.600001 0.557258 0.541708 0.556 0.593945 0.643004 0.685327 0.706094 0.699527 0.663306 0.600844 0.532207 0.482454 0.464681 0.479508 0.521697 0.586806 0.67345 0.766595 0.800916 0.737903 0.657739 0.614883 0.606244 0.595658 0.544723 0.462386 0.384182 0.328984 0.299498 0.292794 0.304981 0.331856 0.368104 0.406293 0.436291 0.446291 0.428216 0.386256 0.33733 0.30074 0.290379 0.314285 0.375397 0.467956 0.571035 0.658269 0.724372 0.769516 0.79415 0.83945 0.934748 0.984798 0.920436 0.881584 0.901734 0.947793 1.0145 1.09151 1.11064 1.01893 0.86081 0.714729 0.620436 0.573652 0.541329 0.491914 0.428384 0.370406 0.32581 0.291209 0.261845 0.236828 0.217999 0.206693 0.202801 0.206274 0.2187 0.243423 0.284554 0.345425 0.425905 0.519075 0.614914 0.714351 0.8055 0.780687 0.63713 0.517705 0.463011 0.460994 0.477238 0.466249 0.415291 0.353392 0.304778 0.274839 0.25889 0.249021 0.238496 0.224671 0.208679 0.192552 0.177087 0.161832 0.146182 0.130269 0.115164 0.102509 0.0939598 0.0907809 0.0936369 0.102411 0.115895 0.131425 0.145013 0.152681 0.152681 0.146528 0.137584 0.128824 0.121799 0.116875 0.113823 0.112232 0.111657 0.1117 0.112092 0.112712 0.113426 0.113879 0.113423 0.111278 0.106799 0.09969 0.090108 0.078658 
0.171591 0.175998 0.164204 0.145222 0.128237 0.118367 0.117497 0.126339 0.14555 0.175309 0.213161 0.250985 0.275736 0.27932 0.266833 0.248222 0.227443 0.203136 0.174648 0.144608 0.117028 0.0948578 0.0792181 0.0697813 0.0654283 0.0648165 0.0668344 0.0709234 0.0771431 0.085833 0.0968576 0.108716 0.118244 0.121861 0.11813 0.109236 0.0996908 0.0940218 0.0956666 0.107104 0.130116 0.165313 0.210514 0.258432 0.296217 0.3111 0.300369 0.273894 0.245519 0.224827 0.215566 0.217692 0.230208 0.254558 0.29765 0.371011 0.479033 0.575674 0.547149 0.435904 0.352244 0.326177 0.360787 0.458346 0.620976 0.821259 0.894323 0.768675 0.623613 0.50516 0.408488 0.326166 0.254752 0.194435 0.146275 0.110066 0.084137 0.0661607 0.0539541 0.0459525 0.0414015 0.0403789 0.0437701 0.0533089 0.0717509 0.103154 0.15304 0.227704 0.33059 0.452191 0.560002 0.628048 0.669584 0.673319 0.601294 0.484206 0.374074 0.290369 0.234408 0.201855 0.186508 0.181633 0.181774 0.185119 0.194091 0.212812 0.243365 0.28342 0.326738 0.366574 0.397628 0.413101 0.405196 0.374821 0.335082 0.301784 0.286252 0.295622 0.335261 0.41021 0.525641 0.68626 0.890584 1.11355 1.28841 1.33833 1.24834 1.06621 0.85832 0.664716 0.503969 0.382346 0.298313 0.246559 0.220981 0.216377 0.229197 0.257578 0.300675 0.357119 0.422992 0.491797 0.560482 0.638363 0.747197 0.912465 1.14562 1.36651 1.39303 1.32047 1.29953 1.42217 1.73599 2.25959 2.68085 2.78335 2.36863 1.99102 1.74663 1.62268 1.6101 1.70595 1.91205 2.20487 2.43778 2.46737 2.44741 2.32482 2.19188 2.12713 2.11651 2.11088 2.06874 1.99632 1.9366 1.91994 1.96515 2.07771 2.20376 2.20237 2.01078 1.72124 1.42461 1.17011 0.971145 0.81955 0.699963 0.600263 0.515245 0.444155 0.387231 0.344624 0.317178 0.307513 0.320573 0.363415 0.443877 0.566762 0.724911 0.88514 0.989092 1.00023 0.920884 0.769299 0.600241 0.461915 0.368443 0.316195 0.296785 0.30057 0.315477 0.326173 0.319716 0.29548 0.264358 0.237863 0.222189 0.219136 0.228578 0.250171 0.284412 0.333388 0.40082 0.490175 0.601224 0.730577 0.874523 0.976288 0.87157 0.666372 0.493516 0.366148 0.275865 0.214869 0.177525 0.159746 0.158684 0.172569 0.200439 0.241532 0.293864 0.351289 0.399852 0.420085 0.402794 0.360332 0.312683 0.271828 0.240774 0.218646 0.205008 0.202009 0.214693 0.250405 0.317581 0.421354 0.546626 0.62697 0.61111 0.568022 0.562645 0.616988 0.725258 0.795738 0.706599 0.579286 0.493872 0.447481 0.424018 0.412106 0.407014 0.407823 0.41411 0.424382 0.436241 0.447019 0.454471 0.458034 0.459312 0.460274 0.461276 0.461689 0.46213 0.465481 0.474347 0.484666 0.481404 0.449624 0.394862 0.337553 0.292501 0.263685 0.248791 0.243539 0.244102 0.248228 0.255591 0.267781 0.288202 0.321744 0.373852 0.448739 0.547197 0.665994 0.801179 0.95171 1.11861 1.29528 1.44293 1.50173 1.33961 1.11678 0.993495 0.977784 1.02891 1.06896 1.083 1.12849 1.21726 1.31914 1.41343 1.50494 1.58499 1.64844 1.70938 1.78031 1.8803 2.00892 1.99139 1.88341 1.88261 1.99028 2.12509 2.20675 2.26672 2.35491 2.43931 2.43592 2.33865 2.20708 2.067 1.94276 1.82909 1.67842 1.50611 1.36495 1.27398 1.22572 1.19628 1.14953 1.05981 0.942893 0.83167 0.741019 0.670321 0.616249 0.578111 0.558662 0.564714 0.60565 0.683673 0.762152 0.751328 0.660745 0.578173 0.533306 0.5234 0.539718 0.572236 0.60958 0.64077 0.65486 0.637776 0.583976 0.514302 0.458619 0.433253 0.441926 0.484354 0.56279 0.683378 0.836342 0.90996 0.805329 0.678059 0.593199 0.541037 0.498802 0.449483 0.393904 0.344556 0.31118 0.296827 0.300644 0.320201 0.351876 0.390313 0.428113 0.456072 0.463627 0.442697 0.397513 0.34673 0.311426 0.306602 0.341908 0.423056 0.544892 0.668407 0.725022 0.719454 0.707488 0.716724 0.764386 0.847841 0.905301 0.909823 0.942662 1.0098 1.03103 1.02534 1.03187 1.00575 0.909468 0.774572 0.653709 0.573716 0.530597 0.498972 0.45498 0.399694 0.347701 0.306452 0.275126 0.251203 0.234041 0.224185 0.221307 0.223933 0.231291 0.244927 0.268352 0.305719 0.360713 0.434781 0.525 0.629073 0.761529 0.933762 0.924753 0.703045 0.552852 0.493353 0.500741 0.531475 0.52054 0.450345 0.36743 0.303121 0.261928 0.238547 0.226139 0.219216 0.214564 0.210688 0.20637 0.199826 0.189235 0.173901 0.154853 0.13447 0.115548 0.100412 0.0904728 0.0862 0.0872445 0.0924894 0.100071 0.107621 0.112955 0.114952 0.113923 0.111102 0.107775 0.104795 0.102579 0.1013 0.101006 0.101649 0.103111 0.10527 0.107995 0.111007 0.113696 0.115107 0.114186 0.110156 0.102805 0.0925484 0.0802949 
0.114548 0.119961 0.11782 0.111802 0.106266 0.104291 0.107439 0.116377 0.131337 0.1519 0.176222 0.200491 0.220092 0.232668 0.239355 0.241337 0.236225 0.220117 0.193124 0.160637 0.12933 0.103645 0.0851856 0.073585 0.0674773 0.065205 0.0653145 0.0668866 0.0696235 0.0735973 0.078723 0.0842436 0.0886604 0.0904193 0.0890587 0.0858802 0.0835748 0.0853617 0.0944748 0.114129 0.147451 0.196624 0.26039 0.329689 0.384913 0.404202 0.383018 0.339243 0.295526 0.265405 0.252643 0.254765 0.266416 0.284057 0.311065 0.356018 0.418675 0.466185 0.447176 0.380867 0.328095 0.319576 0.365433 0.471587 0.641342 0.848105 0.912118 0.755966 0.589572 0.461339 0.364364 0.288125 0.225959 0.175255 0.135285 0.105203 0.0834364 0.068024 0.0571649 0.0496263 0.0449392 0.0434208 0.0461274 0.0548632 0.0723166 0.102287 0.149754 0.220118 0.316094 0.430821 0.544641 0.64712 0.749822 0.808177 0.716259 0.554858 0.417949 0.321067 0.259421 0.22552 0.211265 0.208039 0.208509 0.210178 0.216557 0.233527 0.264314 0.306739 0.353924 0.398183 0.433474 0.45256 0.447115 0.416722 0.373081 0.331948 0.305387 0.301005 0.324353 0.381138 0.47871 0.626955 0.836973 1.10913 1.35966 1.36744 1.22773 1.04803 0.850715 0.660113 0.498389 0.375134 0.2896 0.236466 0.209706 0.204427 0.217516 0.247581 0.294241 0.356455 0.42995 0.506417 0.580478 0.660791 0.767732 0.919485 1.11933 1.33949 1.5027 1.47975 1.42367 1.5148 1.77552 2.14438 2.41687 2.43808 2.19236 1.88778 1.66808 1.55722 1.54655 1.62483 1.79034 2.02171 2.19681 2.20199 2.14195 2.06077 1.9945 1.98561 2.04314 2.13171 2.18439 2.19545 2.21062 2.24434 2.31025 2.43126 2.58099 2.56869 2.31021 1.97521 1.64785 1.36469 1.13781 0.959169 0.811545 0.682278 0.568941 0.474501 0.401239 0.349334 0.318541 0.310227 0.328668 0.381529 0.479468 0.634002 0.849893 1.09803 1.25772 1.23719 1.10196 0.893259 0.677795 0.508995 0.397447 0.335778 0.313785 0.321207 0.344531 0.363451 0.358259 0.328104 0.289924 0.259198 0.242371 0.240037 0.250599 0.271998 0.302448 0.341314 0.390072 0.45188 0.529149 0.620389 0.713033 0.765376 0.726837 0.62113 0.501719 0.393065 0.304153 0.238413 0.195587 0.173452 0.169412 0.181294 0.207477 0.246564 0.296362 0.351392 0.399208 0.421754 0.410056 0.375431 0.336296 0.303141 0.277688 0.258196 0.244459 0.240411 0.25413 0.297045 0.384151 0.534253 0.758012 0.93298 0.829642 0.718181 0.684232 0.733479 0.873005 0.997314 0.8348 0.660005 0.559551 0.508619 0.482218 0.467719 0.46223 0.465624 0.47603 0.489865 0.504209 0.517179 0.526385 0.530681 0.532741 0.53526 0.536424 0.532321 0.521979 0.508896 0.497902 0.488461 0.470756 0.434461 0.383553 0.332911 0.293602 0.268227 0.254341 0.248382 0.247694 0.2509 0.257692 0.26895 0.287164 0.316396 0.361187 0.424669 0.507022 0.606266 0.722718 0.864275 1.04478 1.25404 1.37558 1.32817 1.1783 1.01732 0.925148 0.916381 0.964296 1.02333 1.0881 1.19499 1.34703 1.46588 1.47967 1.48448 1.53888 1.63618 1.7545 1.85464 1.89947 1.89368 1.83778 1.76817 1.75096 1.80078 1.88531 1.96908 2.05252 2.14862 2.23897 2.29213 2.2968 2.23611 2.09873 1.92829 1.76894 1.62491 1.49776 1.4 1.33742 1.30116 1.26956 1.21282 1.11294 0.989171 0.8744 0.783148 0.714023 0.661721 0.623164 0.600188 0.600878 0.636975 0.712709 0.790754 0.773066 0.668942 0.572234 0.513287 0.489664 0.493526 0.516487 0.549024 0.580324 0.597654 0.586295 0.541174 0.480463 0.430769 0.407967 0.417202 0.459888 0.538493 0.655694 0.794659 0.862291 0.788522 0.677398 0.584189 0.509212 0.44641 0.392234 0.347137 0.314605 0.297771 0.297672 0.313676 0.344035 0.385255 0.430441 0.468805 0.489171 0.484284 0.452136 0.400467 0.347918 0.314176 0.313311 0.35534 0.448276 0.59092 0.736399 0.770943 0.711835 0.658857 0.642348 0.664299 0.713515 0.766001 0.821164 0.91252 1.01765 1.01758 0.955272 0.908987 0.856177 0.770557 0.665235 0.569959 0.502246 0.460266 0.428762 0.393259 0.352295 0.312937 0.280264 0.255286 0.237852 0.228392 0.227197 0.233056 0.243523 0.257049 0.274426 0.297796 0.329358 0.371544 0.426696 0.495562 0.579592 0.685779 0.797269 0.784793 0.64015 0.523006 0.47483 0.483518 0.510964 0.49901 0.432047 0.351732 0.287914 0.246194 0.222889 0.212854 0.211821 0.216623 0.224391 0.231464 0.233342 0.226373 0.209788 0.18598 0.159095 0.133288 0.111554 0.0954017 0.0851247 0.0802257 0.0797084 0.082242 0.0863411 0.0906562 0.0942772 0.0968336 0.0983197 0.0988497 0.098577 0.0977729 0.0968846 0.09646 0.0969994 0.0988502 0.10217 0.10686 0.112411 0.117746 0.121308 0.121506 0.117342 0.108817 0.0968645 0.0829268 
0.079799 0.0858965 0.0887032 0.0898198 0.0913139 0.0948723 0.1015 0.111607 0.125096 0.141296 0.158935 0.176474 0.192902 0.20831 0.222991 0.234897 0.238264 0.22712 0.201485 0.168094 0.135028 0.107512 0.0874049 0.0743398 0.0668568 0.0631767 0.0617037 0.0613472 0.0616245 0.0624889 0.0639609 0.0657928 0.0674206 0.0683022 0.0684575 0.0688317 0.0712791 0.0783457 0.0931512 0.119425 0.161387 0.222756 0.303671 0.394254 0.46813 0.492182 0.459524 0.398175 0.340016 0.301757 0.286859 0.290341 0.30157 0.310221 0.315613 0.32579 0.342958 0.352929 0.338411 0.307201 0.286355 0.297756 0.353374 0.458085 0.603521 0.74321 0.775571 0.674038 0.534357 0.413755 0.321389 0.251687 0.198102 0.156489 0.124578 0.100716 0.0832193 0.0703853 0.0607808 0.0535302 0.0484716 0.0461526 0.0477432 0.0549912 0.0702904 0.096798 0.138359 0.198746 0.279537 0.377066 0.483566 0.597768 0.721901 0.798667 0.717546 0.562016 0.42862 0.333878 0.273625 0.24093 0.227955 0.225679 0.225886 0.225697 0.229317 0.243713 0.272966 0.315705 0.366048 0.416907 0.461589 0.490916 0.493406 0.465109 0.416794 0.366293 0.327791 0.309673 0.317481 0.356899 0.435905 0.566802 0.76862 1.0689 1.46149 1.33807 1.1411 0.973882 0.799471 0.625315 0.474162 0.357759 0.276483 0.225663 0.199794 0.194462 0.206965 0.236248 0.282222 0.344191 0.418378 0.497152 0.575631 0.661679 0.771839 0.917175 1.10136 1.3336 1.59353 1.56774 1.48259 1.56205 1.78168 2.02905 2.15243 2.10718 1.9383 1.73263 1.57102 1.48717 1.47717 1.52682 1.62968 1.76538 1.87289 1.90573 1.88963 1.86335 1.86349 1.92766 2.08226 2.30857 2.43267 2.44453 2.49548 2.57361 2.63896 2.67571 2.7285 2.682 2.46367 2.17303 1.86499 1.57318 1.32412 1.12016 0.944701 0.784467 0.640929 0.52196 0.431799 0.369857 0.334118 0.324383 0.344119 0.401268 0.508588 0.683731 0.947407 1.30298 1.55042 1.43387 1.21108 0.952873 0.715669 0.535926 0.417755 0.352009 0.328319 0.336873 0.364187 0.387907 0.384734 0.353774 0.315313 0.286567 0.273711 0.276487 0.292333 0.317673 0.347964 0.378887 0.409515 0.443893 0.487712 0.542697 0.601416 0.644767 0.651836 0.614984 0.538085 0.438682 0.342884 0.267434 0.216755 0.189184 0.181494 0.190664 0.214225 0.250005 0.295313 0.345045 0.3891 0.413866 0.412619 0.393084 0.36873 0.347364 0.329248 0.311619 0.294661 0.284768 0.293347 0.334559 0.425583 0.588679 0.845369 1.07484 0.948621 0.831473 0.780777 0.788443 0.853001 0.893906 0.798797 0.680139 0.609809 0.575795 0.556133 0.544332 0.544981 0.560191 0.583814 0.605299 0.619598 0.629004 0.633137 0.629905 0.625033 0.624205 0.622474 0.610876 0.58645 0.553329 0.518603 0.485919 0.452044 0.412328 0.369127 0.33056 0.302533 0.285201 0.275175 0.269198 0.266005 0.265767 0.269009 0.276643 0.290871 0.315523 0.354923 0.411691 0.484888 0.570808 0.668491 0.786419 0.938301 1.10833 1.18698 1.11936 1.00218 0.897215 0.837608 0.833182 0.873718 0.943881 1.04823 1.21432 1.47231 1.72272 1.57138 1.48593 1.52424 1.6535 1.83332 1.97997 1.99178 1.90805 1.80294 1.71327 1.66635 1.67156 1.71695 1.78699 1.88003 1.9983 2.1289 2.25918 2.37097 2.37761 2.21366 1.98016 1.7782 1.62572 1.51492 1.44088 1.39647 1.36409 1.31918 1.2435 1.136 1.01598 0.907504 0.822098 0.75886 0.711259 0.672942 0.643197 0.629377 0.641841 0.681025 0.717023 0.696131 0.620464 0.540827 0.484616 0.456417 0.453231 0.469108 0.495128 0.519643 0.530246 0.517364 0.4811 0.43554 0.399553 0.385586 0.398568 0.439584 0.508009 0.599165 0.69346 0.746532 0.732651 0.677067 0.598808 0.509654 0.427507 0.363469 0.320014 0.29655 0.291999 0.305095 0.334451 0.378552 0.434358 0.492758 0.534297 0.539474 0.508296 0.454659 0.393331 0.339731 0.308006 0.308534 0.348995 0.434791 0.560838 0.682227 0.71109 0.658497 0.602855 0.574285 0.575241 0.59963 0.64014 0.699152 0.783329 0.861466 0.864642 0.814295 0.76289 0.708762 0.639089 0.559113 0.485131 0.428564 0.389662 0.360604 0.333203 0.304866 0.277604 0.25394 0.235476 0.2237 0.220249 0.225941 0.239772 0.259441 0.283223 0.310443 0.339345 0.366724 0.392131 0.420136 0.456205 0.502937 0.557548 0.598795 0.584146 0.516205 0.45022 0.41885 0.421118 0.43266 0.419309 0.37169 0.312311 0.262296 0.228843 0.211429 0.207355 0.213895 0.228453 0.247544 0.26551 0.274899 0.269939 0.250238 0.220372 0.186606 0.154269 0.126686 0.105236 0.090006 0.0804363 0.0757075 0.0749009 0.0770697 0.0812946 0.0867066 0.0924408 0.0975807 0.101239 0.102834 0.102404 0.100682 0.0988507 0.0981478 0.0995553 0.103632 0.110373 0.11899 0.127727 0.134035 0.135369 0.130327 0.119318 0.104204 0.0873156 
0.0592876 0.0661405 0.0719647 0.0775075 0.0837742 0.091677 0.101825 0.114388 0.128921 0.144259 0.158875 0.171859 0.183769 0.196245 0.210044 0.222597 0.227514 0.218493 0.195199 0.163857 0.1322 0.10538 0.0853511 0.0718839 0.0636547 0.0589986 0.0563911 0.0547475 0.0535312 0.0526441 0.0521703 0.0521376 0.0524557 0.0530723 0.0542495 0.0568008 0.0622066 0.0726649 0.0911817 0.121689 0.168945 0.237554 0.328721 0.432798 0.519797 0.548346 0.509411 0.438071 0.371429 0.327873 0.311192 0.315238 0.325359 0.325215 0.311315 0.294043 0.281319 0.270637 0.256955 0.243843 0.24365 0.270053 0.333649 0.438975 0.574016 0.688448 0.704008 0.612363 0.484019 0.370008 0.283232 0.220215 0.174517 0.141022 0.116309 0.0979901 0.0841962 0.0734298 0.0646313 0.0573086 0.0516093 0.0482751 0.0485206 0.0539512 0.0665764 0.0888502 0.123542 0.173154 0.238739 0.318774 0.409977 0.509215 0.605354 0.655341 0.612024 0.510652 0.409065 0.329945 0.276546 0.246067 0.233022 0.229798 0.228942 0.227786 0.230354 0.243429 0.271441 0.314471 0.369257 0.431359 0.494882 0.547118 0.565807 0.536527 0.474159 0.406877 0.353065 0.320583 0.31338 0.33556 0.393242 0.495582 0.654023 0.87071 1.06969 1.06548 0.955273 0.833837 0.697844 0.556082 0.429159 0.329309 0.258564 0.213829 0.190787 0.185841 0.1968 0.22286 0.264027 0.319881 0.387917 0.463617 0.545593 0.641613 0.762957 0.909426 1.06902 1.23969 1.39484 1.4349 1.45117 1.58412 1.84626 2.09537 2.08087 1.92466 1.75047 1.59275 1.47589 1.41454 1.40465 1.43338 1.49159 1.56554 1.63147 1.674 1.70056 1.73258 1.79756 1.92512 2.14428 2.45896 2.61583 2.60561 2.67848 2.82029 2.92158 2.79488 2.71225 2.65097 2.54264 2.3706 2.11432 1.8108 1.53239 1.30266 1.10001 0.905293 0.727243 0.582121 0.475523 0.404207 0.363079 0.349838 0.366939 0.421979 0.527567 0.701033 0.9617 1.3057 1.5742 1.52869 1.25259 0.957186 0.717701 0.543739 0.429139 0.363525 0.337331 0.341695 0.364358 0.385619 0.385683 0.363584 0.336218 0.318624 0.316515 0.329742 0.355826 0.39047 0.426102 0.452878 0.466324 0.473286 0.485727 0.511723 0.552859 0.60541 0.659196 0.683632 0.630056 0.512115 0.391853 0.299659 0.239046 0.205588 0.194087 0.200283 0.220923 0.253356 0.294775 0.340807 0.38391 0.414567 0.427417 0.426012 0.418543 0.409751 0.397918 0.378943 0.353851 0.332429 0.329461 0.359713 0.436593 0.57032 0.750966 0.897278 0.927691 0.909756 0.866401 0.813061 0.783225 0.75866 0.710389 0.664077 0.645662 0.643558 0.638121 0.634513 0.65086 0.693002 0.745963 0.77922 0.779537 0.766689 0.751689 0.730286 0.711267 0.704374 0.700469 0.68376 0.647587 0.595644 0.538132 0.484162 0.436488 0.394495 0.359445 0.334538 0.32082 0.314776 0.31044 0.304057 0.296213 0.289639 0.286554 0.288554 0.298111 0.319448 0.357553 0.415491 0.490674 0.572786 0.650981 0.728862 0.81943 0.911693 0.954185 0.923573 0.859521 0.800007 0.765604 0.765373 0.800089 0.869232 0.980406 1.15154 1.40094 1.61813 1.50776 1.438 1.49423 1.65775 1.88996 2.08852 2.11192 1.99438 1.84638 1.71666 1.62784 1.59007 1.60018 1.65229 1.74586 1.87922 2.04382 2.23973 2.45051 2.50834 2.29324 2.01315 1.79105 1.63688 1.53674 1.47999 1.45325 1.42877 1.37244 1.27783 1.16421 1.05045 0.949882 0.870092 0.811396 0.76699 0.727335 0.68834 0.655627 0.63838 0.63743 0.636564 0.612189 0.561523 0.503653 0.456143 0.427222 0.41854 0.426966 0.444675 0.460295 0.463226 0.448992 0.421593 0.391691 0.371078 0.367713 0.384949 0.422908 0.478926 0.546563 0.614528 0.669506 0.704025 0.705022 0.642824 0.532753 0.426986 0.35065 0.305861 0.288658 0.295064 0.321741 0.365703 0.424855 0.497845 0.5763 0.62752 0.610254 0.538544 0.454956 0.381323 0.326491 0.296458 0.295974 0.328519 0.394594 0.484536 0.566508 0.598534 0.580579 0.546869 0.520427 0.509485 0.515522 0.537792 0.576168 0.626483 0.668411 0.676111 0.654264 0.621906 0.58156 0.529248 0.469323 0.412518 0.366948 0.333874 0.309394 0.288607 0.268766 0.249592 0.232099 0.218003 0.209712 0.209828 0.220101 0.2408 0.271361 0.311479 0.359397 0.406214 0.435661 0.440752 0.434284 0.432265 0.440407 0.454174 0.460459 0.444974 0.410038 0.374927 0.355087 0.351137 0.350538 0.337232 0.306683 0.268845 0.235911 0.214389 0.205829 0.20952 0.224051 0.247466 0.276101 0.302841 0.317561 0.312613 0.288703 0.253171 0.214148 0.177371 0.145801 0.120393 0.101088 0.0875065 0.0792196 0.0757897 0.0767289 0.0814243 0.0890048 0.0981747 0.10716 0.113993 0.117176 0.116396 0.112753 0.108298 0.10526 0.105449 0.109964 0.118998 0.131524 0.144923 0.15511 0.157854 0.150985 0.135666 0.1154 0.0939319 
0.0480142 0.0559881 0.064334 0.0734216 0.0837298 0.0957452 0.109869 0.126172 0.143878 0.160908 0.174418 0.18279 0.187372 0.191539 0.197517 0.203744 0.20498 0.195928 0.175817 0.149036 0.121576 0.0977713 0.0794839 0.0667137 0.0584544 0.0533426 0.0500893 0.0477455 0.0458076 0.0441566 0.0428876 0.0421408 0.0420385 0.0427546 0.0446711 0.0485499 0.0556825 0.0680346 0.0884097 0.120585 0.169183 0.238672 0.330207 0.434573 0.523296 0.556696 0.524193 0.456588 0.389208 0.341985 0.32078 0.320261 0.325051 0.317131 0.291908 0.260377 0.233318 0.213532 0.200379 0.195932 0.206658 0.24163 0.310516 0.421082 0.569883 0.708594 0.715617 0.58946 0.446481 0.332484 0.25086 0.194736 0.15654 0.130315 0.111797 0.0980055 0.086924 0.0773128 0.0685732 0.0606618 0.0540364 0.0495739 0.0484563 0.0520949 0.0621328 0.0804684 0.109159 0.150047 0.204079 0.270565 0.346669 0.426091 0.494621 0.527624 0.507808 0.448776 0.379004 0.31746 0.271566 0.242384 0.227364 0.221401 0.219066 0.218364 0.222346 0.23645 0.264876 0.309283 0.369746 0.446222 0.537105 0.628825 0.677095 0.637175 0.542488 0.448426 0.376604 0.330395 0.309811 0.315938 0.351476 0.41998 0.522413 0.645923 0.745499 0.769559 0.73009 0.658775 0.566565 0.465226 0.370836 0.294225 0.238711 0.203015 0.184311 0.180039 0.188664 0.209719 0.243383 0.289693 0.347844 0.416939 0.499345 0.603116 0.735376 0.884805 1.01751 1.12115 1.20735 1.27753 1.3739 1.56794 1.89744 2.22265 2.09186 1.82475 1.62308 1.48471 1.39419 1.34879 1.34446 1.37137 1.41434 1.45447 1.48725 1.52519 1.58232 1.6699 1.79576 1.96304 2.17292 2.39882 2.54363 2.61466 2.70404 2.82518 2.88276 2.74837 2.6454 2.62185 2.6499 2.6593 2.44608 2.07925 1.75481 1.51085 1.29058 1.04941 0.82464 0.650879 0.530276 0.452257 0.406527 0.388241 0.399113 0.446391 0.540929 0.694377 0.913163 1.18239 1.43854 1.49188 1.20578 0.916424 0.697504 0.541791 0.437355 0.374106 0.344226 0.340531 0.353297 0.368457 0.373122 0.366165 0.357759 0.35827 0.372411 0.400451 0.440584 0.488809 0.53511 0.56215 0.559725 0.539558 0.522372 0.522861 0.550243 0.612617 0.713976 0.815043 0.767266 0.593343 0.436921 0.327722 0.259108 0.22143 0.207137 0.210933 0.22928 0.25983 0.300656 0.348921 0.399147 0.442992 0.473152 0.48911 0.496181 0.496735 0.485829 0.458135 0.41773 0.379401 0.360864 0.375827 0.432431 0.53182 0.661429 0.791657 0.903225 0.982478 0.948366 0.829514 0.732596 0.673734 0.6417 0.637875 0.662116 0.692409 0.706292 0.720147 0.766107 0.856373 0.969696 1.02559 0.972726 0.896816 0.840265 0.792642 0.758613 0.74737 0.746765 0.734969 0.696927 0.631925 0.555406 0.484435 0.426788 0.38399 0.356647 0.345201 0.347118 0.354621 0.357411 0.350131 0.335673 0.320236 0.308402 0.30302 0.307352 0.326522 0.367117 0.43452 0.526315 0.620943 0.682755 0.709915 0.735378 0.769516 0.793146 0.79119 0.769859 0.743541 0.725618 0.7268 0.754131 0.812282 0.906023 1.038 1.19298 1.30385 1.32161 1.33926 1.43655 1.63204 1.90597 2.1685 2.23378 2.09522 1.91055 1.73989 1.60977 1.53471 1.5163 1.55364 1.64675 1.7883 1.96049 2.15657 2.36703 2.42201 2.20597 1.95327 1.75809 1.62467 1.54307 1.50516 1.4981 1.48873 1.43156 1.33052 1.2215 1.11742 1.02088 0.939614 0.878605 0.832223 0.788427 0.739384 0.688184 0.644364 0.613168 0.589127 0.560781 0.522311 0.477944 0.436581 0.406084 0.390641 0.389648 0.397309 0.404275 0.402579 0.390676 0.373513 0.358681 0.352685 0.35921 0.379405 0.412634 0.456378 0.506456 0.559875 0.618718 0.685539 0.731588 0.679275 0.546822 0.423523 0.340651 0.297476 0.287963 0.307043 0.349996 0.410613 0.482548 0.564662 0.655089 0.714464 0.671446 0.558814 0.44992 0.367674 0.313192 0.285092 0.282912 0.306513 0.353914 0.417027 0.478271 0.517604 0.527941 0.516127 0.493509 0.471791 0.459692 0.460794 0.474398 0.495554 0.514208 0.520805 0.514776 0.49983 0.475365 0.439963 0.397843 0.3571 0.323796 0.299199 0.280886 0.265323 0.249971 0.234053 0.218405 0.205169 0.197414 0.198438 0.211021 0.237349 0.28 0.342714 0.426606 0.515272 0.560277 0.533972 0.479264 0.435617 0.410451 0.396835 0.384718 0.366936 0.343885 0.32224 0.307812 0.300302 0.29362 0.28087 0.260477 0.237339 0.218353 0.208341 0.209254 0.221086 0.242784 0.27242 0.306166 0.336417 0.352133 0.345383 0.318417 0.280618 0.240703 0.203539 0.170848 0.142911 0.11984 0.101983 0.0897611 0.0834511 0.0830792 0.0883311 0.0983541 0.111465 0.124996 0.135667 0.140702 0.139194 0.132684 0.124415 0.117936 0.116093 0.120666 0.132224 0.149684 0.169513 0.185414 0.190226 0.180296 0.158204 0.130327 0.102505 
0.0429779 0.0526964 0.0639225 0.0768127 0.0914524 0.107936 0.126497 0.147307 0.169517 0.189931 0.20331 0.20608 0.200285 0.192002 0.185924 0.182188 0.177156 0.16672 0.14963 0.128162 0.106108 0.0865659 0.0710749 0.0598154 0.0521431 0.0470735 0.0436309 0.0410685 0.0389641 0.0371959 0.0358386 0.0350534 0.0350384 0.0360617 0.0385574 0.0432538 0.0513137 0.0644901 0.0852927 0.117098 0.163981 0.229741 0.315109 0.412119 0.498014 0.541115 0.526573 0.470565 0.403463 0.349254 0.317774 0.305677 0.299784 0.284996 0.256787 0.223121 0.193463 0.172222 0.160642 0.160477 0.175812 0.213145 0.280902 0.388232 0.53815 0.690156 0.692808 0.547743 0.402676 0.295312 0.222187 0.17439 0.143944 0.124561 0.111448 0.101169 0.0916585 0.0820874 0.0724976 0.0634054 0.0555807 0.0499627 0.0476172 0.0497271 0.0576291 0.0728637 0.0971456 0.132148 0.179012 0.237518 0.304742 0.373078 0.428827 0.455681 0.44557 0.406284 0.354446 0.304041 0.262688 0.233226 0.215327 0.20637 0.203124 0.204282 0.211644 0.22877 0.258988 0.304824 0.368976 0.455685 0.569962 0.705469 0.79576 0.733313 0.595242 0.475433 0.389956 0.334427 0.304358 0.297795 0.314289 0.353222 0.410991 0.476348 0.528457 0.548554 0.535056 0.496243 0.439824 0.375083 0.312792 0.26087 0.222516 0.197444 0.183929 0.180355 0.185955 0.200861 0.225742 0.261346 0.308383 0.368381 0.445508 0.546804 0.675693 0.815932 0.928319 1.00226 1.06904 1.15294 1.27835 1.48483 1.80743 2.17135 2.01909 1.70359 1.50134 1.38264 1.31449 1.28792 1.3025 1.35486 1.41806 1.43927 1.43006 1.45155 1.5334 1.67784 1.86528 2.05117 2.20865 2.34438 2.46299 2.57669 2.66179 2.7094 2.70294 2.63021 2.57159 2.59546 2.73466 2.98899 2.76309 2.29462 1.93895 1.73292 1.5378 1.20877 0.919013 0.72066 0.594383 0.515814 0.467643 0.442851 0.443926 0.479314 0.559096 0.689572 0.864753 1.05718 1.21244 1.22439 1.05231 0.843148 0.671464 0.543365 0.451901 0.390993 0.356456 0.344114 0.347768 0.358818 0.369623 0.37854 0.39019 0.410577 0.443078 0.487732 0.542482 0.60353 0.660317 0.690019 0.676539 0.635234 0.592626 0.567186 0.573108 0.624584 0.732101 0.859936 0.812628 0.618173 0.454114 0.343157 0.274422 0.236711 0.221898 0.224645 0.241944 0.272704 0.317048 0.374781 0.442389 0.509559 0.561524 0.592646 0.610934 0.617829 0.599404 0.54919 0.482209 0.421798 0.386779 0.387878 0.428717 0.506573 0.612198 0.733887 0.864631 0.97226 0.942189 0.803689 0.684982 0.614735 0.588427 0.601592 0.645217 0.695473 0.733325 0.778116 0.864714 1.01167 1.21578 1.33222 1.14977 0.975533 0.865607 0.792803 0.7497 0.73818 0.746205 0.749693 0.721586 0.652377 0.564209 0.483026 0.420198 0.378314 0.357902 0.358404 0.375313 0.397225 0.408889 0.402277 0.381893 0.357029 0.334855 0.320241 0.317889 0.334052 0.37715 0.456494 0.575019 0.702886 0.754746 0.722055 0.690356 0.689683 0.707901 0.726263 0.733075 0.727056 0.716868 0.715689 0.734458 0.779303 0.851731 0.946742 1.04739 1.12662 1.17861 1.24261 1.36813 1.58264 1.87941 2.18129 2.28016 2.14197 1.9391 1.74207 1.58562 1.48789 1.45335 1.485 1.58636 1.74564 1.90954 2.02591 2.10545 2.0966 1.96446 1.80297 1.67303 1.58467 1.53457 1.51622 1.51811 1.51312 1.46613 1.38945 1.31465 1.23278 1.13347 1.0392 0.967728 0.914204 0.863704 0.804106 0.73487 0.667334 0.613108 0.573752 0.541835 0.508697 0.470886 0.43137 0.396508 0.371888 0.359305 0.355736 0.354983 0.351924 0.346242 0.341832 0.343105 0.352053 0.367927 0.389088 0.41465 0.444083 0.476823 0.514653 0.563759 0.626705 0.672566 0.629142 0.510942 0.398501 0.323961 0.289354 0.291086 0.326189 0.390474 0.472645 0.553014 0.621243 0.683706 0.715622 0.657387 0.539662 0.430668 0.352103 0.302976 0.278758 0.276109 0.293231 0.328697 0.379199 0.437596 0.492916 0.530684 0.535906 0.507967 0.466212 0.430309 0.408195 0.399271 0.399285 0.4028 0.405356 0.404897 0.400027 0.388285 0.368624 0.344276 0.320936 0.302633 0.289701 0.27948 0.268385 0.254001 0.236218 0.217123 0.200171 0.189305 0.188342 0.20082 0.230653 0.28375 0.36978 0.500543 0.669216 0.762286 0.66821 0.545713 0.463248 0.414552 0.384515 0.361675 0.340171 0.319442 0.301841 0.288974 0.279431 0.269532 0.256319 0.240224 0.225042 0.215574 0.215325 0.225625 0.245796 0.273681 0.306077 0.338535 0.364305 0.374722 0.364602 0.337805 0.303704 0.269532 0.237581 0.207072 0.177316 0.149372 0.125435 0.107549 0.0970085 0.0943863 0.0996328 0.111928 0.129275 0.148122 0.163646 0.171282 0.16908 0.159029 0.145934 0.135008 0.130286 0.134312 0.14821 0.171181 0.199043 0.222765 0.230574 0.216175 0.184653 0.146958 0.11157 
0.0423571 0.0546691 0.0697392 0.0875391 0.107599 0.129235 0.152166 0.176768 0.202742 0.226284 0.239295 0.235295 0.217203 0.194795 0.175723 0.161687 0.150203 0.137898 0.123046 0.106217 0.0892855 0.0740888 0.0616939 0.0523312 0.0456481 0.0410118 0.0377555 0.0353436 0.0334517 0.0319662 0.0309309 0.030486 0.03084 0.032291 0.0352895 0.0405296 0.0490607 0.0624233 0.0827976 0.11311 0.156927 0.217768 0.297206 0.391173 0.485202 0.552401 0.562337 0.510164 0.430223 0.35893 0.310601 0.282536 0.263778 0.242931 0.215689 0.185906 0.159714 0.141078 0.131921 0.133985 0.150149 0.184826 0.243623 0.331431 0.44434 0.543655 0.544982 0.449302 0.340052 0.254298 0.195315 0.157847 0.13564 0.122915 0.114652 0.107038 0.0980454 0.0874598 0.0761818 0.0654018 0.0561903 0.0494694 0.0461121 0.047047 0.0533591 0.0663844 0.0877491 0.119271 0.16258 0.218188 0.283653 0.350924 0.405238 0.430605 0.421173 0.385545 0.338469 0.291672 0.251631 0.221278 0.201359 0.190965 0.188483 0.193054 0.205315 0.22685 0.259384 0.304903 0.366717 0.450409 0.562503 0.698 0.790113 0.727563 0.58944 0.470477 0.385456 0.32885 0.295079 0.28087 0.284042 0.302047 0.330568 0.362304 0.387581 0.398382 0.392231 0.371174 0.33936 0.302581 0.267223 0.238023 0.216797 0.20294 0.1949 0.19161 0.193197 0.200825 0.216108 0.240657 0.276139 0.324927 0.390839 0.47827 0.586962 0.702633 0.799768 0.873771 0.947904 1.04123 1.16478 1.33653 1.57376 1.81302 1.72643 1.50103 1.34745 1.26114 1.21991 1.21789 1.26104 1.35965 1.48363 1.49209 1.4234 1.42595 1.53499 1.74073 1.99067 2.16804 2.22083 2.26472 2.36341 2.51456 2.61527 2.65076 2.64025 2.58233 2.52755 2.54082 2.65523 2.80079 2.67691 2.30275 1.97709 1.83579 1.72419 1.29056 0.973406 0.780024 0.667249 0.599093 0.551696 0.517803 0.504241 0.52391 0.589256 0.705933 0.859544 0.99908 1.06164 1.02574 0.914512 0.782206 0.663734 0.564946 0.484167 0.422299 0.381287 0.361254 0.359553 0.371162 0.390482 0.414114 0.442637 0.479696 0.528639 0.589062 0.656228 0.72358 0.7817 0.812102 0.799857 0.754439 0.695194 0.641 0.612165 0.624507 0.678466 0.731874 0.691004 0.563817 0.438051 0.34574 0.286628 0.253962 0.241406 0.244653 0.261938 0.29413 0.344285 0.416079 0.509407 0.611028 0.69045 0.733218 0.764369 0.788266 0.756749 0.658198 0.545703 0.457192 0.406764 0.398535 0.431584 0.500333 0.593982 0.698461 0.797944 0.859413 0.829699 0.728528 0.629162 0.565233 0.542037 0.556957 0.601309 0.658946 0.720339 0.799714 0.92018 1.08949 1.28978 1.377 1.17782 0.972425 0.833145 0.74477 0.697075 0.685906 0.700308 0.71717 0.703192 0.642286 0.55725 0.476819 0.414483 0.374748 0.359477 0.36856 0.397133 0.432296 0.455821 0.456233 0.435689 0.403411 0.369459 0.342718 0.3305 0.339856 0.379452 0.459949 0.588133 0.734757 0.780137 0.710998 0.653082 0.642557 0.667231 0.703806 0.729607 0.734373 0.726072 0.721575 0.734623 0.77175 0.83286 0.911037 0.991432 1.05729 1.10952 1.17805 1.304 1.51444 1.79997 2.07797 2.1945 2.10455 1.91182 1.7093 1.5473 1.4452 1.40716 1.43905 1.55337 1.75252 1.93574 1.91796 1.84853 1.78194 1.70027 1.62126 1.56632 1.54036 1.53651 1.53988 1.53513 1.51258 1.47346 1.44366 1.43919 1.40022 1.28419 1.16707 1.08464 1.02218 0.961319 0.887911 0.797424 0.705332 0.631441 0.581608 0.548296 0.519043 0.484574 0.443408 0.40097 0.364656 0.339057 0.324207 0.317088 0.315055 0.318426 0.329821 0.350787 0.378485 0.405717 0.42617 0.439657 0.45022 0.461753 0.477954 0.502905 0.534372 0.549538 0.513698 0.434366 0.354228 0.299893 0.279206 0.294146 0.346586 0.436212 0.548159 0.637115 0.667273 0.664976 0.642592 0.578624 0.485489 0.398885 0.336032 0.297955 0.280431 0.279304 0.292725 0.321688 0.368942 0.436862 0.522726 0.60463 0.629474 0.575002 0.492515 0.423219 0.375971 0.347212 0.331466 0.32413 0.321861 0.322175 0.322619 0.320784 0.315937 0.310174 0.306884 0.307814 0.311295 0.312583 0.306172 0.289127 0.263137 0.233582 0.206817 0.188213 0.181844 0.191263 0.220923 0.278177 0.375701 0.532993 0.766209 0.930143 0.757505 0.598273 0.504113 0.44992 0.414487 0.385537 0.358703 0.33479 0.315975 0.302441 0.291299 0.278562 0.262618 0.245907 0.233421 0.229993 0.238483 0.259118 0.289375 0.324227 0.35723 0.382397 0.395331 0.393384 0.377372 0.353333 0.329206 0.308768 0.289107 0.264064 0.231172 0.19438 0.160092 0.133086 0.115794 0.109111 0.113031 0.126684 0.147845 0.172235 0.193445 0.204659 0.202296 0.188656 0.170362 0.154466 0.146158 0.148677 0.16374 0.191101 0.226455 0.258304 0.269377 0.249803 0.208073 0.160635 0.118366 
0.0448949 0.0607837 0.0811073 0.105691 0.133137 0.161013 0.187386 0.212521 0.237623 0.259902 0.269749 0.258275 0.229059 0.19487 0.165462 0.143468 0.12704 0.113198 0.099883 0.0865522 0.0737331 0.0622527 0.0526984 0.0452466 0.0397284 0.0357805 0.0329906 0.0310062 0.0295936 0.02865 0.0281859 0.0283044 0.0291975 0.0311677 0.0346697 0.0403656 0.0491991 0.0624998 0.0821242 0.110613 0.151283 0.208098 0.285103 0.385093 0.506034 0.626983 0.676506 0.600286 0.477799 0.376102 0.306863 0.262561 0.231973 0.20574 0.179539 0.154168 0.132663 0.117707 0.111101 0.114422 0.129668 0.15935 0.205763 0.268587 0.338945 0.390939 0.391284 0.340696 0.272984 0.213626 0.170874 0.144237 0.130057 0.123512 0.119511 0.113876 0.104662 0.0924128 0.0790196 0.0663794 0.0558146 0.0481611 0.0440509 0.0441496 0.0493264 0.0607895 0.0801819 0.109578 0.151211 0.206571 0.274235 0.346104 0.404677 0.429716 0.415313 0.374504 0.324796 0.277499 0.237742 0.207663 0.188136 0.179103 0.179929 0.190032 0.20912 0.23679 0.272278 0.315297 0.367589 0.433235 0.515097 0.602775 0.651782 0.613975 0.52255 0.432314 0.362189 0.312721 0.280994 0.264369 0.26037 0.266019 0.277519 0.290368 0.300013 0.303086 0.298416 0.286969 0.271272 0.254861 0.241268 0.232572 0.228462 0.226581 0.224174 0.220097 0.215701 0.21402 0.218303 0.231163 0.254674 0.290945 0.342422 0.410916 0.494566 0.584592 0.669557 0.748748 0.833071 0.929746 1.03834 1.16046 1.29245 1.38562 1.36232 1.26467 1.17917 1.1307 1.11684 1.137 1.19916 1.31675 1.46166 1.47174 1.39596 1.40808 1.55039 1.81271 2.08606 2.1857 2.12734 2.09685 2.16872 2.33021 2.5015 2.64608 2.68508 2.61886 2.522 2.46419 2.46675 2.47174 2.35311 2.08654 1.81844 1.64225 1.46839 1.19638 0.964829 0.823892 0.751058 0.708358 0.664778 0.616115 0.580232 0.578293 0.627448 0.738462 0.900321 1.03152 1.02455 0.939449 0.847977 0.768867 0.698314 0.623961 0.545129 0.474278 0.422812 0.395706 0.393112 0.411617 0.444428 0.483096 0.523121 0.568559 0.627344 0.701301 0.780921 0.850335 0.899916 0.928468 0.932991 0.904572 0.83614 0.745946 0.67012 0.630554 0.622807 0.616727 0.574777 0.496339 0.412878 0.346426 0.30245 0.278585 0.270595 0.275379 0.292586 0.325213 0.379301 0.462483 0.579255 0.716271 0.823352 0.872687 0.928176 1.01946 0.983193 0.779827 0.600304 0.481952 0.41976 0.407649 0.440396 0.510113 0.601918 0.692732 0.75696 0.77337 0.733117 0.656146 0.579092 0.525959 0.505047 0.516573 0.555886 0.615693 0.69331 0.7957 0.929107 1.07979 1.20004 1.20846 1.07885 0.909963 0.771602 0.677749 0.626382 0.612475 0.62575 0.64602 0.644474 0.604829 0.539603 0.470393 0.412044 0.373508 0.360044 0.373216 0.409249 0.456834 0.49864 0.518659 0.508143 0.469749 0.419108 0.37435 0.347119 0.344032 0.370951 0.434103 0.533554 0.63907 0.6747 0.634354 0.59731 0.600057 0.638471 0.690625 0.729107 0.740149 0.733957 0.730965 0.746464 0.786886 0.851575 0.933779 1.01751 1.07774 1.10869 1.14862 1.24653 1.42876 1.68313 1.93474 2.06143 2.00818 1.83834 1.65031 1.50428 1.41608 1.38245 1.40788 1.51029 1.70213 1.87801 1.76501 1.6202 1.52988 1.47799 1.45924 1.4756 1.52344 1.58458 1.62183 1.60144 1.5365 1.47679 1.47079 1.53461 1.55192 1.41733 1.30264 1.23385 1.1609 1.07453 0.976664 0.860503 0.745106 0.656947 0.603014 0.573243 0.550181 0.518404 0.472698 0.419325 0.369113 0.330047 0.304891 0.293016 0.293634 0.307976 0.338772 0.386519 0.443223 0.489422 0.50767 0.501568 0.486349 0.471797 0.461809 0.457755 0.456218 0.445257 0.411976 0.360215 0.308945 0.275033 0.267814 0.29321 0.357322 0.464645 0.601923 0.699427 0.687434 0.62646 0.56431 0.49794 0.427901 0.366649 0.32341 0.299345 0.290581 0.292415 0.303337 0.327369 0.373601 0.454436 0.582176 0.746416 0.814116 0.683697 0.534669 0.427745 0.357284 0.312222 0.284564 0.269156 0.262615 0.262459 0.266619 0.273664 0.283602 0.298059 0.318858 0.345565 0.373393 0.392796 0.392734 0.3679 0.323824 0.273279 0.228287 0.196174 0.18051 0.183591 0.208637 0.26149 0.351477 0.488606 0.66236 0.767059 0.707157 0.616059 0.556332 0.519795 0.489722 0.456725 0.420852 0.387935 0.363421 0.347612 0.335003 0.318579 0.296548 0.274431 0.260555 0.261252 0.279204 0.313355 0.358539 0.404883 0.439537 0.452962 0.444814 0.422417 0.395678 0.374345 0.365526 0.368955 0.372396 0.356577 0.31475 0.259798 0.207494 0.166229 0.138798 0.125642 0.12629 0.139558 0.162992 0.191861 0.218507 0.233885 0.232431 0.216405 0.193971 0.173669 0.161542 0.161316 0.17512 0.203092 0.241021 0.276271 0.288425 0.265381 0.217797 0.165278 0.119742 
0.0494314 0.0697722 0.0968849 0.130694 0.168534 0.204619 0.23296 0.252754 0.268202 0.280279 0.281279 0.2625 0.227068 0.187344 0.153003 0.12699 0.10801 0.0935167 0.081413 0.0705976 0.0608069 0.0521949 0.0449717 0.039223 0.0348785 0.0317575 0.0296347 0.0282975 0.0275816 0.027388 0.0276896 0.028544 0.030118 0.0327177 0.0368131 0.0430524 0.0522833 0.0656159 0.0845648 0.111294 0.148963 0.202169 0.277584 0.385013 0.53832 0.745931 0.887968 0.720159 0.527564 0.394843 0.308403 0.251398 0.211375 0.180171 0.153632 0.130891 0.112896 0.101045 0.0966441 0.100961 0.115332 0.14089 0.177587 0.222255 0.266007 0.293837 0.292453 0.263149 0.220917 0.180864 0.15097 0.133055 0.125265 0.123564 0.122821 0.11855 0.1089 0.0951069 0.0799315 0.0658407 0.0543165 0.0460753 0.0415155 0.0410638 0.0453981 0.0556068 0.0733154 0.100739 0.1405 0.194802 0.263159 0.33783 0.399266 0.423075 0.403091 0.356863 0.304706 0.257763 0.22008 0.192957 0.177026 0.172599 0.179698 0.198104 0.226988 0.26399 0.304778 0.344797 0.382735 0.421436 0.463188 0.501221 0.51557 0.490135 0.436031 0.3768 0.326202 0.28806 0.262208 0.247315 0.241375 0.241672 0.24506 0.248589 0.250074 0.248454 0.243966 0.238087 0.233248 0.232285 0.237457 0.24905 0.264162 0.276849 0.280833 0.273812 0.259383 0.244375 0.234897 0.234718 0.245812 0.269405 0.306453 0.357168 0.419806 0.490202 0.564429 0.643027 0.729482 0.82301 0.916961 1.00521 1.08064 1.12442 1.11903 1.08012 1.04193 1.02492 1.03406 1.06939 1.13306 1.22593 1.31855 1.34483 1.33213 1.37836 1.53828 1.81735 2.06139 2.03752 1.92741 1.86606 1.90497 2.04952 2.28841 2.5895 2.70685 2.67046 2.52187 2.36831 2.25168 2.13458 1.9803 1.77368 1.56014 1.37976 1.21594 1.05197 0.92335 0.857971 0.84614 0.845198 0.806935 0.734384 0.667134 0.63574 0.659629 0.75266 0.910973 1.0428 0.996961 0.894194 0.830103 0.80628 0.788946 0.732999 0.63986 0.547388 0.479866 0.445776 0.447218 0.481958 0.539682 0.59929 0.643389 0.681035 0.73628 0.821318 0.923437 1.00272 1.03457 1.05353 1.08488 1.09084 1.01272 0.87391 0.745484 0.65925 0.607689 0.567792 0.519941 0.46159 0.404233 0.359247 0.330938 0.317767 0.315848 0.322329 0.337856 0.367337 0.418994 0.502209 0.622469 0.766268 0.880485 0.936536 1.01351 1.19173 1.1725 0.842355 0.621425 0.489416 0.423944 0.413307 0.451082 0.529752 0.632768 0.728062 0.775864 0.758814 0.696168 0.619115 0.551154 0.504861 0.485117 0.492964 0.527509 0.587333 0.672542 0.783815 0.914416 1.03935 1.11372 1.09548 0.987244 0.841294 0.70887 0.613013 0.557713 0.539059 0.54818 0.569808 0.583443 0.572863 0.534822 0.478248 0.420158 0.377588 0.361098 0.374453 0.416022 0.479085 0.551563 0.61227 0.625702 0.573749 0.490971 0.417469 0.369171 0.348952 0.357087 0.393243 0.451321 0.509632 0.536669 0.531568 0.527864 0.550086 0.599614 0.659508 0.704632 0.722658 0.725334 0.733981 0.764038 0.821128 0.902935 1.00322 1.10694 1.16786 1.15654 1.14123 1.19035 1.32496 1.529 1.74191 1.86947 1.85147 1.72099 1.57156 1.46802 1.41603 1.39082 1.39288 1.44532 1.53916 1.59013 1.51353 1.39968 1.326 1.30516 1.33662 1.41945 1.54796 1.69914 1.80291 1.75496 1.6012 1.47306 1.43061 1.47081 1.49374 1.43388 1.41758 1.43321 1.32767 1.17118 1.03083 0.892206 0.766052 0.675864 0.627066 0.607396 0.594464 0.565891 0.513268 0.446319 0.381302 0.329714 0.296127 0.281201 0.285416 0.311532 0.36476 0.449093 0.555274 0.640058 0.651529 0.610144 0.560443 0.51652 0.478816 0.446548 0.417619 0.387266 0.351335 0.31192 0.277337 0.256901 0.258009 0.286946 0.35008 0.451071 0.57521 0.657517 0.63707 0.566904 0.498094 0.43743 0.384253 0.3425 0.316345 0.305755 0.30603 0.310997 0.318813 0.336018 0.376484 0.458787 0.605565 0.833417 0.961674 0.74135 0.552793 0.42727 0.343773 0.288175 0.25233 0.231245 0.221663 0.221462 0.229484 0.245711 0.271499 0.309147 0.360213 0.422812 0.488362 0.538591 0.549001 0.50694 0.427163 0.339272 0.265133 0.213273 0.184734 0.178787 0.195883 0.23863 0.310873 0.412686 0.527042 0.609666 0.635077 0.635646 0.638146 0.637737 0.620061 0.580118 0.526545 0.475407 0.439061 0.418881 0.404903 0.383465 0.351265 0.319221 0.301348 0.306232 0.3364 0.389559 0.457936 0.525146 0.56636 0.563486 0.523305 0.469708 0.425008 0.403899 0.41476 0.456551 0.504636 0.504808 0.437342 0.346148 0.265495 0.204641 0.163946 0.142067 0.137397 0.148034 0.171148 0.20178 0.231737 0.250721 0.251679 0.236216 0.212687 0.189997 0.174551 0.170451 0.180013 0.203273 0.235883 0.265837 0.274765 0.25211 0.20717 0.157452 0.114068 
0.0546066 0.0797077 0.114503 0.159586 0.211225 0.25857 0.287774 0.295489 0.291802 0.284891 0.271957 0.246665 0.210394 0.171648 0.137842 0.111689 0.0925097 0.0783778 0.0674517 0.0584886 0.0508584 0.0443422 0.0389121 0.0345806 0.0313312 0.0291031 0.0278004 0.0273084 0.0275074 0.0282857 0.0295653 0.0313471 0.033771 0.0371668 0.0420612 0.0491353 0.0591609 0.0729891 0.0916803 0.116852 0.151255 0.199545 0.269261 0.372116 0.524921 0.740431 0.898468 0.727764 0.536558 0.404088 0.313847 0.250014 0.202858 0.166675 0.138236 0.116063 0.0998838 0.0901117 0.0875303 0.0931523 0.108037 0.13276 0.166262 0.204142 0.237541 0.255286 0.250463 0.226027 0.192493 0.160656 0.137071 0.123757 0.119378 0.120205 0.121141 0.117623 0.107899 0.0935603 0.0777741 0.0632576 0.051538 0.0432322 0.0385732 0.0378101 0.0414551 0.0504465 0.0662707 0.0910154 0.127197 0.176976 0.239971 0.308891 0.365205 0.385939 0.365718 0.321704 0.273389 0.231334 0.199281 0.178341 0.169128 0.172276 0.188442 0.218087 0.260528 0.311856 0.363105 0.402803 0.425022 0.433504 0.435474 0.433046 0.421296 0.395493 0.358857 0.319852 0.285289 0.258348 0.239858 0.229386 0.225533 0.22603 0.228141 0.229412 0.228353 0.224863 0.220368 0.217619 0.220185 0.231719 0.254855 0.289394 0.329813 0.363897 0.376894 0.362694 0.330149 0.294535 0.266835 0.251702 0.250128 0.261876 0.286461 0.323117 0.370477 0.426837 0.491377 0.564941 0.648016 0.736922 0.823421 0.898931 0.956255 0.987876 0.991007 0.976258 0.963723 0.970056 1.00072 1.05062 1.11266 1.18264 1.24596 1.28116 1.3026 1.35998 1.49292 1.69295 1.83977 1.81041 1.70829 1.63507 1.64059 1.74682 1.9598 2.24225 2.47724 2.70441 2.4346 2.18302 1.99446 1.81393 1.64292 1.4717 1.30455 1.15581 1.03093 0.934245 0.880536 0.88289 0.933815 0.982495 0.951475 0.853656 0.754763 0.689578 0.676185 0.724506 0.822674 0.901286 0.883013 0.831653 0.822011 0.867532 0.921284 0.879447 0.753533 0.630615 0.544281 0.503805 0.514177 0.577806 0.684468 0.786899 0.822854 0.821001 0.849152 0.939517 1.09027 1.21263 1.18892 1.16335 1.21451 1.26275 1.1706 0.983887 0.819146 0.708249 0.635332 0.577545 0.522005 0.468461 0.423616 0.393621 0.379825 0.378596 0.383905 0.391464 0.402326 0.423374 0.464548 0.534757 0.636195 0.753864 0.850443 0.908127 0.964685 1.03319 0.97822 0.776144 0.595481 0.477806 0.419183 0.413634 0.458272 0.550311 0.679242 0.81036 0.868392 0.813186 0.71133 0.619189 0.551521 0.508569 0.489033 0.493316 0.523116 0.580383 0.66614 0.777295 0.90116 1.01222 1.07413 1.05097 0.941857 0.794595 0.659488 0.560208 0.501051 0.478567 0.486444 0.515769 0.553802 0.58134 0.572555 0.518253 0.446006 0.389201 0.364145 0.375166 0.422327 0.505117 0.622778 0.760245 0.827852 0.729063 0.581626 0.467629 0.39505 0.35673 0.345956 0.357486 0.384109 0.413677 0.434106 0.445782 0.462102 0.495389 0.546777 0.604571 0.65107 0.678594 0.698028 0.72868 0.785495 0.872351 0.979415 1.09245 1.20241 1.25558 1.19685 1.12893 1.13085 1.21347 1.35765 1.51859 1.6311 1.64112 1.56106 1.47131 1.4371 1.45108 1.43554 1.39339 1.38791 1.40185 1.37586 1.29574 1.20908 1.1622 1.17441 1.25145 1.3933 1.59417 1.84287 2.08401 1.97447 1.6628 1.44114 1.33208 1.30749 1.31461 1.34128 1.45965 1.72427 1.45792 1.19849 1.0209 0.87554 0.757136 0.678463 0.642429 0.636606 0.635517 0.610368 0.550406 0.470698 0.393417 0.332621 0.293566 0.277316 0.285123 0.321415 0.395334 0.519793 0.69984 0.867888 0.853892 0.752433 0.667698 0.598316 0.535015 0.476163 0.422521 0.374186 0.33077 0.293338 0.265183 0.250679 0.254134 0.279611 0.330508 0.405956 0.490365 0.544476 0.538901 0.495045 0.443511 0.39585 0.355725 0.326934 0.312585 0.311978 0.319203 0.326022 0.329467 0.337322 0.365159 0.430131 0.544902 0.694187 0.758828 0.655077 0.519671 0.410483 0.328717 0.269743 0.229707 0.205351 0.194175 0.194808 0.207304 0.233431 0.276715 0.341625 0.4312 0.543405 0.666847 0.771111 0.800011 0.720427 0.573692 0.426458 0.312588 0.236733 0.193593 0.177572 0.185645 0.217406 0.273504 0.352172 0.444587 0.535946 0.618919 0.699047 0.774841 0.822386 0.815784 0.757067 0.670536 0.588148 0.531226 0.502042 0.485028 0.456891 0.411698 0.368094 0.346959 0.358798 0.405544 0.483586 0.583611 0.683539 0.738815 0.71187 0.624459 0.528073 0.458506 0.433555 0.464112 0.557555 0.692667 0.727248 0.589224 0.43858 0.323992 0.242236 0.187512 0.156021 0.144756 0.150815 0.170791 0.199633 0.229479 0.250457 0.255317 0.244301 0.223855 0.201648 0.183997 0.175478 0.178644 0.193263 0.214959 0.233852 0.236892 0.217175 0.180677 0.139528 0.102515 
0.0588504 0.0879105 0.129431 0.185173 0.251235 0.311532 0.341205 0.333078 0.306431 0.278511 0.251425 0.220971 0.186469 0.151924 0.121713 0.0978211 0.0800113 0.0669796 0.0572737 0.0497447 0.0436607 0.0386441 0.0345521 0.031366 0.0291119 0.0278139 0.0274677 0.0280261 0.0293895 0.0314123 0.0339407 0.0368973 0.0403965 0.0448343 0.0508836 0.0593615 0.0710184 0.0863701 0.105761 0.129836 0.16042 0.201469 0.259559 0.343248 0.458809 0.591972 0.666012 0.611326 0.503943 0.405368 0.324293 0.25801 0.204619 0.162834 0.131102 0.107886 0.0921594 0.0836151 0.0826444 0.0902221 0.107667 0.136026 0.17465 0.218655 0.256563 0.27319 0.26106 0.22782 0.188212 0.153572 0.129158 0.11575 0.111335 0.112004 0.112817 0.109485 0.100366 0.0869211 0.0720996 0.0584701 0.0474874 0.0397175 0.0353243 0.0344581 0.0374968 0.0451937 0.0587699 0.0799211 0.110597 0.152227 0.203839 0.258831 0.302728 0.319167 0.304459 0.270737 0.233052 0.200706 0.177721 0.165703 0.16565 0.178609 0.205857 0.248791 0.30777 0.378645 0.447849 0.493984 0.503075 0.480396 0.442417 0.402662 0.365851 0.331406 0.298892 0.269603 0.24531 0.227264 0.216043 0.211576 0.212995 0.218463 0.225262 0.230338 0.231332 0.227906 0.222557 0.220154 0.226663 0.247986 0.288904 0.350958 0.427812 0.498447 0.528131 0.497901 0.431363 0.363683 0.312413 0.280842 0.267105 0.268687 0.283589 0.310214 0.347191 0.393713 0.45016 0.517908 0.597293 0.684678 0.771683 0.848235 0.90619 0.940258 0.950151 0.945578 0.946021 0.971588 1.02957 1.10447 1.17425 1.2418 1.30802 1.34998 1.36766 1.3995 1.47777 1.58931 1.66361 1.63846 1.54184 1.44738 1.41234 1.4633 1.60115 1.79864 2.01476 2.18453 2.05067 1.8459 1.66954 1.50395 1.35539 1.21977 1.09361 0.983202 0.898427 0.849 0.844424 0.889961 0.975445 1.05075 1.03733 0.944931 0.833682 0.738011 0.681858 0.676206 0.708833 0.7427 0.749752 0.752665 0.792647 0.888453 0.99592 0.973975 0.838095 0.70104 0.601665 0.556349 0.577266 0.677508 0.86638 1.08127 1.07516 0.978385 0.950453 1.02097 1.21539 1.46246 1.28112 1.1828 1.22126 1.27971 1.19186 1.01384 0.864251 0.765589 0.695579 0.631488 0.567737 0.511358 0.47131 0.452436 0.453257 0.466082 0.480089 0.487602 0.489885 0.496904 0.521358 0.572264 0.649811 0.740387 0.818423 0.866197 0.886931 0.87685 0.805529 0.678266 0.550147 0.457097 0.409205 0.408407 0.456896 0.558906 0.718699 0.923897 1.03639 0.904543 0.748661 0.642974 0.578549 0.540584 0.521424 0.521324 0.544578 0.595481 0.675359 0.779539 0.895408 1.00456 1.07904 1.06393 0.935901 0.767736 0.62268 0.519425 0.45775 0.433556 0.443653 0.486381 0.558931 0.642895 0.672928 0.597258 0.486135 0.404258 0.367325 0.375218 0.427196 0.526731 0.68457 0.91762 1.12199 0.885568 0.658928 0.510858 0.419548 0.367128 0.341846 0.336012 0.343201 0.356767 0.371684 0.388077 0.410992 0.445408 0.491145 0.541203 0.586023 0.622979 0.661648 0.718762 0.809225 0.935821 1.07317 1.17456 1.23256 1.23785 1.16794 1.09353 1.07394 1.11733 1.20831 1.31603 1.39773 1.4167 1.38018 1.34704 1.37653 1.4612 1.45183 1.36309 1.32381 1.30254 1.23386 1.13448 1.05649 1.03153 1.07487 1.19414 1.38636 1.62749 1.886 2.11961 1.9736 1.6186 1.35965 1.21022 1.14496 1.137 1.18311 1.3037 1.43833 1.31709 1.11518 0.953012 0.823078 0.724258 0.663343 0.641065 0.645736 0.651841 0.628645 0.565169 0.479789 0.397531 0.333365 0.292698 0.276729 0.287022 0.328696 0.412651 0.556728 0.780201 1.02716 0.992605 0.870103 0.785124 0.709145 0.628484 0.545226 0.466198 0.397794 0.342638 0.300955 0.272959 0.259485 0.261571 0.280073 0.315028 0.363283 0.414009 0.448421 0.453525 0.434271 0.403071 0.368823 0.337877 0.316044 0.307239 0.310878 0.320493 0.326647 0.325366 0.324087 0.337146 0.376979 0.44601 0.523674 0.560012 0.527459 0.456456 0.378824 0.308896 0.252924 0.212707 0.187514 0.17613 0.178275 0.195454 0.231559 0.293184 0.388824 0.525247 0.70062 0.902433 1.09841 1.15468 0.987883 0.733502 0.513182 0.358834 0.261169 0.205324 0.180378 0.180334 0.203045 0.248607 0.317502 0.409228 0.522895 0.658884 0.815815 0.977425 1.08256 1.06538 0.963595 0.82998 0.70783 0.621929 0.574099 0.546145 0.508607 0.453375 0.404134 0.385916 0.410356 0.478554 0.583891 0.714157 0.846339 0.916403 0.855463 0.712933 0.57337 0.479358 0.446586 0.485196 0.610356 0.832305 0.924456 0.687727 0.497575 0.364409 0.269439 0.204307 0.164829 0.14732 0.14806 0.163105 0.187513 0.214473 0.235869 0.245324 0.241378 0.227119 0.207792 0.189248 0.176663 0.173048 0.178216 0.188323 0.196158 0.193637 0.176877 0.149135 0.117582 0.0882218 
0.0607471 0.0916869 0.136409 0.197341 0.27076 0.337937 0.367009 0.348087 0.306583 0.265251 0.229249 0.195956 0.163636 0.133366 0.107157 0.0861531 0.0702612 0.0586064 0.0500786 0.0436899 0.0387311 0.03479 0.0316967 0.0294429 0.0281039 0.0277758 0.0285272 0.0303596 0.0331757 0.0367711 0.0408814 0.0453178 0.0501696 0.0559742 0.0637116 0.0745466 0.0893643 0.108275 0.13043 0.154651 0.181032 0.212535 0.254943 0.314324 0.391413 0.471957 0.522528 0.51923 0.475365 0.412708 0.342767 0.273833 0.213286 0.164968 0.129033 0.103875 0.0878328 0.0800219 0.0805855 0.0907094 0.112536 0.148778 0.201275 0.266803 0.328651 0.354131 0.325182 0.264878 0.204065 0.156911 0.125793 0.108522 0.101348 0.0997859 0.0991281 0.095579 0.0876063 0.0761875 0.0635949 0.051932 0.0424722 0.0357542 0.0319449 0.0311598 0.0336735 0.0400403 0.0511493 0.0681793 0.0923429 0.124198 0.162287 0.201324 0.231767 0.244067 0.236151 0.215053 0.190667 0.170391 0.158397 0.156973 0.167682 0.191904 0.23115 0.287391 0.362507 0.454344 0.548198 0.613172 0.619776 0.566591 0.483701 0.403355 0.339066 0.290896 0.255111 0.22863 0.209813 0.198081 0.193431 0.195983 0.205464 0.220544 0.23816 0.253334 0.26068 0.257997 0.249041 0.242293 0.24759 0.274162 0.33023 0.421895 0.548036 0.68484 0.755057 0.686557 0.556028 0.443456 0.366134 0.319323 0.295635 0.289651 0.297975 0.318298 0.348863 0.3888 0.438894 0.501487 0.578436 0.667455 0.759609 0.842318 0.906488 0.947899 0.96513 0.965252 0.97018 1.01019 1.10254 1.21948 1.30728 1.39769 1.51732 1.5811 1.5596 1.53038 1.5451 1.59929 1.63538 1.58587 1.45134 1.31163 1.23062 1.22881 1.29943 1.41751 1.54358 1.61505 1.5739 1.46565 1.34546 1.22954 1.12432 1.02774 0.937546 0.859942 0.807292 0.791185 0.817555 0.883317 0.97174 1.04495 1.05818 1.00494 0.90207 0.780503 0.684076 0.633953 0.623499 0.632654 0.647776 0.675325 0.733323 0.829394 0.926785 0.939345 0.856204 0.737449 0.635855 0.587636 0.61406 0.735334 0.979524 1.34556 1.27617 1.11021 1.02544 1.03069 1.13308 1.2321 1.14565 1.06681 1.07561 1.10206 1.05372 0.953971 0.870831 0.818445 0.77234 0.711114 0.640181 0.578415 0.540572 0.532582 0.550687 0.581441 0.606176 0.611995 0.601344 0.589551 0.594107 0.626543 0.688719 0.769862 0.845355 0.88565 0.876317 0.822143 0.732168 0.622508 0.518658 0.441177 0.400014 0.399601 0.444312 0.54137 0.701516 0.927215 1.07081 0.914677 0.76059 0.672088 0.62708 0.601741 0.584913 0.579209 0.592995 0.633178 0.701024 0.790147 0.889309 0.989639 1.07515 1.07018 0.920319 0.735371 0.586984 0.48479 0.423687 0.399283 0.411268 0.464045 0.565679 0.712548 0.798508 0.672672 0.51273 0.409599 0.365096 0.371948 0.42699 0.532172 0.692429 0.901611 1.03579 0.882348 0.681605 0.534379 0.437814 0.378429 0.344774 0.328876 0.325232 0.329805 0.340125 0.355834 0.378262 0.40871 0.446475 0.488212 0.530348 0.574053 0.628309 0.707795 0.826947 0.988549 1.15349 1.22889 1.21406 1.16894 1.10815 1.05744 1.04144 1.06437 1.11771 1.18288 1.2326 1.24486 1.22554 1.21197 1.24378 1.30838 1.30109 1.23261 1.19594 1.16636 1.08846 0.990522 0.926044 0.922001 0.993161 1.15194 1.3978 1.6661 1.82449 1.85156 1.7088 1.45862 1.23618 1.0865 1.0056 0.980689 1.00467 1.06571 1.11114 1.07028 0.966554 0.853587 0.754153 0.679373 0.636098 0.623785 0.631252 0.635877 0.611861 0.550966 0.469835 0.39135 0.329933 0.291241 0.276736 0.287848 0.328787 0.407923 0.536398 0.71568 0.886426 0.930865 0.907149 0.877944 0.827575 0.748417 0.645479 0.538423 0.446874 0.37737 0.32881 0.298793 0.285283 0.286051 0.298274 0.318985 0.345137 0.37202 0.39251 0.400487 0.394457 0.376663 0.351514 0.325453 0.305535 0.296522 0.29828 0.304889 0.307646 0.302579 0.295438 0.29744 0.317182 0.354702 0.397685 0.424658 0.420817 0.388147 0.338004 0.283592 0.235373 0.198636 0.174859 0.16434 0.168119 0.189204 0.233609 0.311362 0.436641 0.623424 0.867957 1.13581 1.44425 1.52636 1.16937 0.825495 0.563228 0.389267 0.281428 0.218866 0.187933 0.181482 0.197207 0.236247 0.302378 0.401855 0.543082 0.732387 0.962031 1.20486 1.36716 1.28463 1.12396 0.959975 0.812316 0.695607 0.616283 0.56381 0.513516 0.457134 0.414249 0.407998 0.451014 0.544443 0.674413 0.813955 0.937463 0.989795 0.901716 0.73343 0.576206 0.471076 0.430133 0.458033 0.557677 0.704881 0.755216 0.632313 0.488715 0.370042 0.276903 0.209255 0.166162 0.144693 0.141006 0.15104 0.170297 0.193373 0.214227 0.227641 0.230721 0.223307 0.208019 0.189931 0.174594 0.165506 0.162871 0.163794 0.163389 0.156872 0.142132 0.120865 0.0970306 0.0743584 
0.0595984 0.0897079 0.132732 0.190408 0.258461 0.31946 0.345964 0.329232 0.289805 0.248069 0.210723 0.177319 0.146791 0.119394 0.0960435 0.0773174 0.0630852 0.0526624 0.0451354 0.0396367 0.0355076 0.0323552 0.0300319 0.0285709 0.0281082 0.0288104 0.0308115 0.0341533 0.0387278 0.0442468 0.0502946 0.0565282 0.0630145 0.0705418 0.080655 0.0952545 0.115766 0.142011 0.171233 0.198637 0.220822 0.240001 0.263744 0.29982 0.350425 0.408186 0.456965 0.480837 0.472403 0.431822 0.366591 0.292023 0.223382 0.168547 0.128586 0.101514 0.0850333 0.0777844 0.0797637 0.0924962 0.119254 0.165317 0.237648 0.341135 0.460438 0.517111 0.444264 0.326697 0.230415 0.164893 0.124315 0.101535 0.0904379 0.0858048 0.083167 0.0792403 0.0725749 0.0635886 0.0537484 0.0445634 0.0370462 0.0316908 0.0286859 0.0281421 0.0302528 0.035385 0.0441039 0.0571035 0.0749705 0.0976728 0.123746 0.149516 0.169422 0.178503 0.17583 0.165292 0.152983 0.14441 0.143574 0.153307 0.175703 0.212186 0.263574 0.330928 0.416853 0.523589 0.644056 0.74998 0.783059 0.696103 0.551342 0.42286 0.329374 0.265946 0.224013 0.196915 0.180618 0.173241 0.174413 0.184659 0.204656 0.23404 0.269454 0.302535 0.321336 0.318767 0.300628 0.28195 0.278274 0.302319 0.365175 0.477782 0.650277 0.886239 1.08766 0.899224 0.669379 0.514823 0.419612 0.364243 0.335316 0.325262 0.330198 0.347645 0.375276 0.411323 0.456097 0.512773 0.585547 0.674519 0.770188 0.85654 0.924632 0.974012 1.00126 1.00495 1.00505 1.04357 1.15294 1.30457 1.41761 1.57094 1.8596 1.99454 1.87574 1.74488 1.67791 1.68386 1.68655 1.59263 1.39328 1.20318 1.08685 1.0509 1.0802 1.14804 1.21837 1.25205 1.229 1.16563 1.09013 1.01877 0.955158 0.894389 0.832921 0.778564 0.747941 0.755199 0.803418 0.880976 0.964733 1.0301 1.05972 1.03909 0.945838 0.804344 0.680103 0.603205 0.570072 0.566294 0.580607 0.61123 0.663106 0.736598 0.81171 0.848213 0.816377 0.726531 0.633476 0.586879 0.61193 0.724769 0.932363 1.17398 1.27127 1.21207 1.0879 1.0047 0.984532 0.97475 0.928423 0.884585 0.877603 0.885809 0.875875 0.853654 0.844479 0.848694 0.837301 0.788415 0.717175 0.653595 0.61968 0.625257 0.665932 0.720849 0.758936 0.760475 0.732607 0.698971 0.682835 0.700165 0.758306 0.852107 0.952492 1.00077 0.960437 0.860168 0.737749 0.616395 0.512871 0.438027 0.396731 0.391089 0.423719 0.498688 0.617736 0.760878 0.841132 0.797774 0.729037 0.694859 0.689228 0.687953 0.678648 0.667806 0.669282 0.694787 0.746567 0.814135 0.88213 0.943986 0.99051 0.965929 0.833356 0.672303 0.541342 0.449658 0.393132 0.368981 0.378699 0.428017 0.524804 0.662223 0.740059 0.631935 0.486694 0.391716 0.352431 0.363304 0.421451 0.525827 0.668896 0.815589 0.880839 0.807829 0.66923 0.542236 0.449832 0.38953 0.352955 0.332671 0.323665 0.323123 0.329801 0.343271 0.363312 0.389565 0.421254 0.457192 0.497095 0.544249 0.607287 0.698703 0.829255 0.99552 1.15201 1.20943 1.17235 1.11724 1.07653 1.05917 1.06319 1.08141 1.11332 1.15401 1.18224 1.17844 1.14536 1.1068 1.08887 1.08765 1.06779 1.03015 1.00253 0.971651 0.91202 0.84373 0.805682 0.823286 0.914507 1.09906 1.39567 1.74374 1.75989 1.63317 1.4729 1.28388 1.10971 0.979258 0.896599 0.856467 0.852581 0.872234 0.888022 0.871396 0.819684 0.750756 0.68395 0.633531 0.606788 0.602289 0.608978 0.608014 0.581213 0.524569 0.451509 0.380682 0.325014 0.290166 0.277658 0.28829 0.324354 0.389966 0.488184 0.611895 0.731473 0.815158 0.872024 0.911173 0.918326 0.871025 0.755804 0.619347 0.505345 0.423183 0.369375 0.339444 0.32934 0.333537 0.344099 0.353604 0.359818 0.364999 0.370435 0.373882 0.371164 0.359099 0.338294 0.313877 0.292848 0.280185 0.276248 0.276509 0.274394 0.266773 0.25729 0.253522 0.261388 0.28136 0.307352 0.328768 0.335515 0.322682 0.292779 0.254417 0.216951 0.186403 0.165671 0.156543 0.161388 0.18443 0.233063 0.319515 0.462396 0.684514 0.985297 1.24495 1.40371 1.38044 1.0889 0.789922 0.557211 0.398642 0.29752 0.236084 0.202402 0.190647 0.19985 0.232933 0.296653 0.402487 0.567192 0.806521 1.09762 1.32801 1.4183 1.30978 1.16086 1.02964 0.892685 0.747398 0.626964 0.542283 0.478548 0.427074 0.397847 0.407678 0.469504 0.586251 0.735188 0.857457 0.917529 0.910004 0.814954 0.667136 0.527345 0.429879 0.385603 0.394865 0.449589 0.520073 0.547397 0.504361 0.42498 0.338995 0.261062 0.200046 0.15918 0.137303 0.131323 0.137672 0.152609 0.172089 0.191777 0.207441 0.215465 0.213651 0.202656 0.186485 0.170416 0.158091 0.150214 0.144951 0.139189 0.130107 0.116534 0.0993644 0.0807751 0.0629866 
0.0557229 0.0828188 0.120454 0.169088 0.224182 0.272702 0.297212 0.291542 0.266077 0.23354 0.200203 0.168045 0.138101 0.111497 0.0891706 0.0714925 0.0582033 0.048598 0.041791 0.036947 0.0334336 0.0308873 0.0292029 0.0284714 0.0288979 0.0307205 0.0341352 0.0392164 0.0458317 0.053583 0.061861 0.0701264 0.0784303 0.0879458 0.101121 0.121195 0.151019 0.190966 0.235851 0.273438 0.29167 0.292494 0.291449 0.303426 0.334692 0.38237 0.435206 0.475179 0.483316 0.450147 0.382986 0.302305 0.227756 0.168847 0.126647 0.0986964 0.0822389 0.0756059 0.0787035 0.0932925 0.123476 0.176644 0.265 0.407003 0.620193 0.781285 0.580641 0.380315 0.249828 0.169377 0.121407 0.0941193 0.0796012 0.0722242 0.0678238 0.063565 0.0580741 0.0513228 0.0440964 0.0373526 0.031821 0.0279161 0.0258297 0.0256658 0.0275483 0.0316828 0.038367 0.0479273 0.0605455 0.0759414 0.092964 0.109351 0.12214 0.128984 0.129677 0.126563 0.123535 0.124742 0.133949 0.154436 0.188833 0.238405 0.302102 0.37745 0.465278 0.573505 0.71258 0.885712 1.01891 0.858126 0.617813 0.441199 0.324018 0.248833 0.201702 0.17333 0.158271 0.154014 0.160258 0.178311 0.210355 0.257895 0.318294 0.379095 0.416609 0.41292 0.377398 0.336768 0.314461 0.325762 0.381638 0.492403 0.668856 0.921267 1.17459 0.946922 0.708744 0.557365 0.467327 0.41587 0.388409 0.37799 0.382381 0.400256 0.428723 0.463807 0.503442 0.550265 0.610837 0.689186 0.777821 0.859815 0.927688 0.984939 1.02488 1.0324 1.01915 1.0335 1.11402 1.245 1.38544 1.60848 2.02276 2.30791 2.25764 1.97705 1.79066 1.72712 1.66222 1.50958 1.28394 1.08549 0.964838 0.922108 0.940706 0.994806 1.04832 1.06466 1.03379 0.977161 0.920271 0.875574 0.84177 0.808099 0.766252 0.725234 0.70737 0.730461 0.796244 0.885904 0.968231 1.02273 1.04391 1.02051 0.928454 0.788822 0.66315 0.581575 0.543009 0.535369 0.546651 0.570359 0.605987 0.653502 0.704798 0.738833 0.727044 0.664633 0.592639 0.555837 0.578459 0.672871 0.841432 1.06449 1.29715 1.34652 1.14934 0.989492 0.890277 0.821037 0.762564 0.720882 0.704983 0.708942 0.722717 0.74725 0.787704 0.834121 0.856609 0.833192 0.776937 0.72003 0.693285 0.715224 0.784385 0.872087 0.927445 0.921491 0.874027 0.819093 0.783063 0.786471 0.845629 0.966431 1.12063 1.19936 1.11749 0.958536 0.792034 0.644389 0.528402 0.448066 0.4019 0.387444 0.4038 0.450806 0.524063 0.605317 0.660362 0.675219 0.680757 0.706419 0.749338 0.785002 0.79681 0.786926 0.77244 0.777661 0.811212 0.8559 0.883828 0.886136 0.866622 0.809363 0.705413 0.587088 0.485941 0.411142 0.362076 0.338272 0.34167 0.375407 0.439379 0.515956 0.549208 0.498208 0.414391 0.352387 0.329719 0.349429 0.412537 0.518707 0.657745 0.790586 0.843825 0.782701 0.66259 0.546198 0.458385 0.400073 0.364182 0.34321 0.332056 0.32858 0.33264 0.344428 0.363463 0.388737 0.419187 0.453976 0.49349 0.541425 0.606078 0.698229 0.824137 0.972564 1.1005 1.15262 1.1325 1.0971 1.09011 1.12274 1.16824 1.18917 1.20699 1.24684 1.2723 1.24661 1.17386 1.07388 0.982926 0.918326 0.871153 0.834405 0.807139 0.77966 0.743169 0.708575 0.698622 0.733655 0.830957 1.00745 1.27099 1.54307 1.55948 1.43818 1.29682 1.14771 1.01118 0.902427 0.823067 0.770451 0.743234 0.73629 0.736254 0.727151 0.701193 0.662692 0.623507 0.595903 0.586584 0.593205 0.60381 0.600708 0.570205 0.512713 0.442186 0.37553 0.324198 0.292967 0.282516 0.292331 0.322542 0.374011 0.446179 0.533344 0.623994 0.70977 0.792345 0.871869 0.936857 0.937207 0.824707 0.675134 0.552332 0.466589 0.413963 0.390356 0.391897 0.410476 0.429394 0.430115 0.411121 0.387565 0.371237 0.362738 0.355856 0.343843 0.324234 0.300151 0.277491 0.260801 0.250834 0.244635 0.2379 0.228507 0.218458 0.212348 0.214107 0.224618 0.241025 0.257482 0.267057 0.264526 0.249259 0.225566 0.199563 0.176257 0.159178 0.151331 0.156165 0.178501 0.225717 0.309238 0.445626 0.653241 0.921724 1.10781 1.12233 1.04167 0.872496 0.68028 0.517603 0.398907 0.317744 0.263368 0.228434 0.210515 0.211223 0.235421 0.291567 0.393303 0.561465 0.821897 1.16063 1.30487 1.24641 1.1583 1.08559 1.03796 0.939782 0.766065 0.607695 0.497962 0.425769 0.380284 0.363243 0.384429 0.454518 0.576675 0.723855 0.815883 0.814252 0.759375 0.667011 0.552793 0.445425 0.366703 0.325392 0.320851 0.344463 0.377351 0.394135 0.380175 0.339492 0.284076 0.22705 0.17906 0.145367 0.126541 0.120744 0.125332 0.137471 0.154206 0.172375 0.188537 0.199106 0.201233 0.194482 0.181577 0.166771 0.15336 0.142471 0.133309 0.124128 0.113319 0.100218 0.0853086 0.069821 0.0550919 
0.0501867 0.0733537 0.104575 0.143647 0.187027 0.226715 0.253036 0.26106 0.252682 0.232186 0.203539 0.170958 0.138729 0.110051 0.0865224 0.0684155 0.0551784 0.0458692 0.039463 0.0350594 0.0320097 0.0299689 0.0288761 0.0288849 0.0302722 0.0333473 0.0383616 0.0454073 0.0543009 0.0644953 0.0751419 0.0854697 0.0955266 0.10699 0.123525 0.150401 0.193339 0.25583 0.332306 0.396659 0.411005 0.377793 0.338059 0.320154 0.332166 0.371178 0.425308 0.471505 0.482446 0.446807 0.376659 0.294931 0.220667 0.162512 0.121174 0.0941037 0.0785084 0.0726715 0.0764345 0.0914934 0.121895 0.174977 0.262857 0.403733 0.613997 0.769784 0.574051 0.375159 0.244688 0.163646 0.114595 0.0857744 0.0694347 0.0603078 0.054732 0.0503007 0.0457475 0.0407704 0.0356854 0.0310301 0.0272837 0.0247615 0.0236307 0.0239729 0.0258453 0.0293201 0.034493 0.0414462 0.0501488 0.0602925 0.0711182 0.0813827 0.0896598 0.0950075 0.0976683 0.0993133 0.102718 0.111249 0.128539 0.158306 0.203844 0.266435 0.342507 0.423096 0.503195 0.594488 0.721253 0.90918 1.11847 0.898288 0.622863 0.43455 0.311741 0.233487 0.184964 0.15651 0.142521 0.140582 0.150883 0.175804 0.219397 0.28589 0.37513 0.472165 0.537797 0.534459 0.474575 0.402322 0.352212 0.341382 0.377264 0.463238 0.597032 0.755732 0.852263 0.791417 0.66894 0.573127 0.514432 0.480826 0.46129 0.4528 0.458331 0.480292 0.515348 0.554692 0.58983 0.619636 0.652997 0.70134 0.765015 0.832795 0.899153 0.96505 1.01623 1.0256 0.997287 0.97985 1.01417 1.10423 1.24629 1.47693 1.82644 2.22636 2.45504 2.06578 1.77319 1.61886 1.48244 1.30411 1.10904 0.949 0.854795 0.829638 0.86417 0.939528 1.01433 1.02523 0.963634 0.88457 0.823578 0.787167 0.767272 0.747618 0.715714 0.680984 0.669323 0.700549 0.776036 0.873851 0.957453 1.00299 1.00309 0.955354 0.861482 0.743469 0.639529 0.572125 0.542789 0.540967 0.551826 0.564975 0.579662 0.599372 0.622127 0.635761 0.622826 0.58054 0.532801 0.509937 0.532144 0.611097 0.753431 0.960355 1.20951 1.3059 1.15757 0.995004 0.858534 0.747762 0.662212 0.604843 0.577457 0.577108 0.599527 0.642957 0.704581 0.772207 0.822588 0.834843 0.806696 0.762402 0.743373 0.780154 0.877052 1.00105 1.07791 1.06723 1.00833 0.94105 0.887815 0.873616 0.926485 1.06388 1.26126 1.37534 1.27029 1.06316 0.855792 0.682227 0.553218 0.466812 0.415393 0.391999 0.392891 0.416043 0.457107 0.506123 0.550869 0.58926 0.634538 0.700805 0.786119 0.872118 0.934238 0.938699 0.895719 0.867515 0.877672 0.899787 0.889567 0.837011 0.764609 0.682679 0.592772 0.504606 0.429212 0.370847 0.329827 0.30673 0.303027 0.319281 0.351551 0.385749 0.397808 0.375456 0.336202 0.306411 0.30232 0.331829 0.399812 0.508746 0.651803 0.792971 0.850219 0.782939 0.661047 0.547739 0.463753 0.40882 0.375529 0.355821 0.344286 0.339372 0.342261 0.354407 0.375977 0.405901 0.442314 0.482707 0.525286 0.572308 0.632158 0.716291 0.831089 0.966189 1.08549 1.14248 1.13208 1.10972 1.13754 1.24659 1.38699 1.38883 1.37125 1.45368 1.51336 1.44977 1.32308 1.12176 0.93711 0.810958 0.732123 0.683695 0.653447 0.631636 0.61355 0.604096 0.615239 0.660409 0.751879 0.897256 1.0851 1.25308 1.3117 1.26736 1.17034 1.05463 0.946666 0.857183 0.782162 0.718941 0.672716 0.646655 0.635248 0.627654 0.615039 0.596263 0.578417 0.571811 0.582959 0.60917 0.635995 0.640358 0.604984 0.535511 0.454886 0.383792 0.332661 0.303933 0.295926 0.305712 0.331015 0.370764 0.423697 0.486264 0.55329 0.622442 0.696228 0.776584 0.852145 0.873007 0.796023 0.676299 0.570815 0.496141 0.454184 0.445194 0.469578 0.521166 0.569842 0.56328 0.500207 0.431339 0.383873 0.357367 0.341583 0.326387 0.306648 0.283241 0.260326 0.241509 0.227644 0.216984 0.206932 0.196204 0.185894 0.178712 0.177211 0.182319 0.192738 0.205123 0.214975 0.218286 0.213383 0.201468 0.18546 0.16877 0.154982 0.1479 0.151617 0.17087 0.21174 0.282259 0.391509 0.542878 0.711268 0.820846 0.83041 0.774579 0.680848 0.576272 0.484271 0.412723 0.357384 0.311732 0.273505 0.245391 0.23286 0.242657 0.283135 0.365675 0.505245 0.71356 0.952836 1.04679 0.997776 0.94601 0.929845 0.938516 0.876272 0.70979 0.549984 0.438405 0.3683 0.329544 0.319781 0.343139 0.405225 0.50444 0.61375 0.672463 0.654588 0.594708 0.517062 0.433145 0.356107 0.297505 0.263008 0.252199 0.259288 0.273716 0.282957 0.277979 0.256652 0.223178 0.185695 0.152351 0.128139 0.114567 0.110958 0.115669 0.126713 0.14193 0.158916 0.174894 0.186794 0.19197 0.189466 0.180637 0.168258 0.154952 0.14221 0.130263 0.118499 0.106121 0.0927354 0.0785853 0.0644077 0.0510774 
0.0441918 0.0636639 0.0894991 0.121713 0.158576 0.196296 0.229895 0.254412 0.26461 0.255636 0.227856 0.189128 0.149292 0.11467 0.0874722 0.0674703 0.0534435 0.0439472 0.0376568 0.0335222 0.0308406 0.0292706 0.0287915 0.0296195 0.0321057 0.0366318 0.0434989 0.0527925 0.0642269 0.0770308 0.0900375 0.102195 0.113548 0.126325 0.145513 0.178745 0.235844 0.327551 0.458274 0.590682 0.60012 0.492552 0.393011 0.338868 0.328996 0.354739 0.4012 0.442313 0.448268 0.409804 0.342528 0.267917 0.201194 0.148967 0.111739 0.0873965 0.0735709 0.0687562 0.0727519 0.0868875 0.114273 0.160054 0.231058 0.331958 0.447295 0.500715 0.428264 0.311391 0.214628 0.147416 0.103819 0.076673 0.060287 0.0505037 0.0443792 0.0399546 0.0361169 0.0324423 0.0289718 0.0259663 0.023716 0.0224414 0.0222677 0.0232388 0.025344 0.0285421 0.0327773 0.0379758 0.0440115 0.0506427 0.0574522 0.0638658 0.0693314 0.0736516 0.0773329 0.0817635 0.0891712 0.102485 0.125234 0.161416 0.214871 0.287107 0.372476 0.454709 0.520084 0.580332 0.660824 0.765257 0.824377 0.722558 0.545979 0.395773 0.288638 0.217345 0.172175 0.145562 0.132916 0.132534 0.145361 0.174844 0.226721 0.307909 0.421893 0.555494 0.659551 0.669299 0.584444 0.472047 0.387217 0.349274 0.359684 0.413621 0.499755 0.592806 0.651186 0.650111 0.616559 0.588232 0.576172 0.571212 0.563193 0.555186 0.56113 0.592069 0.644625 0.699768 0.734604 0.737689 0.72193 0.716672 0.737983 0.7837 0.849184 0.927778 0.991916 1.00021 0.954547 0.908235 0.906104 0.963086 1.08484 1.28646 1.5792 1.93741 2.16419 1.90562 1.60266 1.39675 1.23112 1.06964 0.921958 0.811575 0.755107 0.758143 0.820917 0.939773 1.078 1.09457 0.971485 0.853837 0.779451 0.73933 0.717119 0.695459 0.663815 0.631611 0.622299 0.653353 0.725416 0.818983 0.90165 0.946564 0.938031 0.880186 0.794438 0.7034 0.6283 0.584366 0.576083 0.593347 0.61177 0.61178 0.599224 0.588903 0.583253 0.573588 0.550803 0.515977 0.483035 0.470088 0.491429 0.55687 0.673187 0.840693 1.03179 1.15839 1.15325 1.03994 0.882974 0.733445 0.613622 0.532107 0.488979 0.479797 0.499464 0.543732 0.607374 0.680984 0.749705 0.793496 0.7936 0.763467 0.752004 0.797382 0.906833 1.04807 1.14403 1.15229 1.112 1.05285 0.987171 0.948305 0.98008 1.1095 1.32191 1.4862 1.37887 1.12563 0.890972 0.706708 0.575286 0.488815 0.435515 0.40586 0.395119 0.40155 0.4228 0.454283 0.491674 0.53592 0.594838 0.677887 0.78957 0.929817 1.07919 1.11313 1.01077 0.935243 0.915832 0.912193 0.873178 0.789084 0.689172 0.594307 0.51004 0.438 0.379117 0.332945 0.298768 0.276843 0.267879 0.271353 0.283571 0.296445 0.300049 0.290545 0.275098 0.266532 0.276245 0.312549 0.381608 0.486583 0.621012 0.751421 0.806223 0.75067 0.642928 0.540168 0.463307 0.413252 0.383313 0.365578 0.354781 0.350139 0.354243 0.370117 0.399184 0.440869 0.492277 0.547297 0.598357 0.643707 0.692768 0.761093 0.860792 0.991665 1.12846 1.20435 1.17866 1.13877 1.17693 1.34667 1.70491 1.56621 1.48606 1.6608 1.83689 1.66242 1.52944 1.18642 0.913367 0.741904 0.639847 0.58145 0.549894 0.53467 0.530801 0.53901 0.564412 0.614371 0.69639 0.813661 0.955069 1.08523 1.15799 1.15287 1.08566 0.992375 0.904465 0.830094 0.759442 0.688879 0.629186 0.589811 0.569879 0.561401 0.555732 0.549664 0.548114 0.560809 0.595627 0.652307 0.715548 0.746936 0.703882 0.601433 0.492344 0.406944 0.352462 0.326502 0.323132 0.335226 0.356917 0.385878 0.422206 0.464512 0.509066 0.554215 0.603332 0.65941 0.71289 0.733562 0.698665 0.62871 0.558006 0.506809 0.483896 0.495024 0.54847 0.651808 0.774357 0.761649 0.610583 0.478208 0.395541 0.349827 0.32407 0.304933 0.28521 0.26373 0.242725 0.224528 0.209707 0.197161 0.185358 0.173658 0.162858 0.154746 0.15111 0.15284 0.15945 0.169058 0.178816 0.185771 0.187823 0.184223 0.175592 0.163945 0.152637 0.145827 0.1478 0.162758 0.195025 0.248938 0.327136 0.425358 0.524071 0.590805 0.608839 0.589874 0.553246 0.515563 0.486307 0.463171 0.435497 0.395758 0.347162 0.300485 0.267133 0.255812 0.273219 0.325636 0.417972 0.545299 0.672043 0.735965 0.73477 0.720971 0.723544 0.729947 0.685457 0.575376 0.458035 0.369193 0.312083 0.28176 0.275552 0.294151 0.338435 0.402969 0.467405 0.499862 0.486926 0.443759 0.387727 0.329179 0.275969 0.23436 0.207665 0.195711 0.195127 0.200102 0.203906 0.201065 0.189193 0.169713 0.147045 0.126338 0.111333 0.103706 0.103532 0.109972 0.121707 0.137105 0.154227 0.170829 0.184485 0.19301 0.19507 0.190598 0.180725 0.167363 0.152544 0.137672 0.123171 0.10877 0.0941166 0.0792572 0.0646998 0.0511625 
0.03859 0.0551514 0.0772941 0.1058 0.141002 0.182676 0.229579 0.277009 0.311941 0.314816 0.27957 0.2239 0.168653 0.123739 0.0906891 0.0677134 0.0523417 0.0423516 0.0359967 0.0320286 0.0296735 0.0285894 0.0287961 0.030578 0.0343736 0.0406551 0.0497854 0.0618295 0.0763302 0.0921518 0.107622 0.121244 0.132976 0.145544 0.165069 0.201031 0.266458 0.379218 0.563654 0.832338 0.831794 0.587129 0.429046 0.345119 0.315038 0.323348 0.352996 0.379847 0.379254 0.344427 0.288272 0.227464 0.173175 0.130283 0.0993786 0.0790885 0.0677208 0.0641415 0.0681471 0.0805896 0.103343 0.138933 0.189129 0.250859 0.308105 0.329712 0.298778 0.237659 0.175896 0.12661 0.091389 0.0677426 0.0524909 0.04284 0.0366295 0.0323408 0.029042 0.0262893 0.0239877 0.0222379 0.0212066 0.0210397 0.0218173 0.0235379 0.0261201 0.0294194 0.0332563 0.0374482 0.0418292 0.0462466 0.0505451 0.054576 0.0582773 0.0618367 0.0658885 0.0716682 0.0810845 0.0967336 0.121884 0.160341 0.215749 0.289232 0.3739 0.450143 0.499599 0.531372 0.566948 0.604459 0.608787 0.547772 0.444202 0.341229 0.259578 0.201743 0.163622 0.140493 0.129335 0.129496 0.14277 0.173387 0.228068 0.315516 0.443369 0.608342 0.773813 0.832888 0.707524 0.535859 0.412599 0.349539 0.338173 0.367119 0.422706 0.486609 0.538982 0.571305 0.594376 0.624892 0.66501 0.696147 0.69931 0.684547 0.686085 0.732553 0.822985 0.916927 0.963818 0.928164 0.828126 0.743383 0.711207 0.73086 0.79567 0.895145 0.987797 0.994459 0.916711 0.839535 0.811624 0.844894 0.940791 1.10072 1.31972 1.56228 1.69426 1.56642 1.34667 1.15483 0.996947 0.863619 0.75769 0.688747 0.665072 0.691531 0.772394 0.912832 1.08892 1.11581 0.967348 0.844455 0.772256 0.728734 0.693401 0.655279 0.613381 0.578334 0.56712 0.59134 0.650157 0.72898 0.804157 0.851257 0.852657 0.813047 0.754691 0.695178 0.647041 0.626 0.647128 0.706035 0.752348 0.729587 0.673904 0.632144 0.604042 0.573616 0.534994 0.49473 0.463989 0.453378 0.471131 0.523352 0.615058 0.74916 0.919859 1.10174 1.21075 1.12438 0.93962 0.750274 0.593898 0.486638 0.426843 0.406437 0.417473 0.453568 0.508972 0.577017 0.647838 0.703544 0.72196 0.710204 0.711545 0.761324 0.866176 1.00011 1.10967 1.16242 1.16987 1.13633 1.06286 0.996007 0.996088 1.09761 1.31354 1.62355 1.42568 1.11196 0.879097 0.709137 0.590744 0.512311 0.461534 0.429296 0.411757 0.408418 0.418567 0.439862 0.470141 0.510548 0.566799 0.647356 0.761552 0.920124 1.11248 1.16829 1.04226 0.949986 0.912775 0.887952 0.832581 0.739099 0.632082 0.534109 0.453448 0.389898 0.340495 0.302111 0.272796 0.252077 0.240075 0.236154 0.237929 0.241245 0.241889 0.238659 0.235117 0.238218 0.255703 0.294521 0.359932 0.453288 0.565905 0.668788 0.714873 0.682732 0.604154 0.521197 0.45555 0.411493 0.384809 0.369082 0.360058 0.35793 0.366459 0.3901 0.431787 0.492058 0.567591 0.64777 0.71503 0.759634 0.79316 0.837726 0.912625 1.03056 1.18508 1.28613 1.2242 1.14992 1.16764 1.29012 1.44972 1.44153 1.41842 1.53109 1.62316 1.56325 1.43203 1.12831 0.862804 0.686507 0.579042 0.518713 0.490047 0.483057 0.492027 0.514564 0.55083 0.603341 0.676854 0.775496 0.894889 1.01289 1.09007 1.09389 1.03298 0.947706 0.869796 0.80399 0.737826 0.6668 0.602344 0.555907 0.52964 0.518564 0.515756 0.517975 0.529081 0.558322 0.615776 0.708573 0.834218 0.941494 0.880649 0.699742 0.542517 0.438132 0.381235 0.362078 0.369418 0.389212 0.408267 0.422866 0.438449 0.458549 0.480054 0.499961 0.521543 0.549353 0.579247 0.59619 0.587324 0.556974 0.522414 0.500209 0.500202 0.52951 0.600535 0.734254 0.931394 0.912855 0.670964 0.496715 0.392563 0.334261 0.30145 0.279778 0.261192 0.243089 0.225978 0.210833 0.197632 0.18543 0.173268 0.161009 0.149535 0.140368 0.135039 0.134507 0.13879 0.146847 0.156739 0.166035 0.172337 0.173809 0.169794 0.161455 0.15186 0.145138 0.145389 0.156134 0.18023 0.219557 0.273717 0.337567 0.399512 0.445576 0.469751 0.478774 0.486199 0.504398 0.536526 0.568327 0.571834 0.531027 0.458156 0.379171 0.315039 0.276222 0.266355 0.286183 0.333686 0.399915 0.464518 0.504659 0.517777 0.520438 0.524166 0.521281 0.490819 0.42906 0.3589 0.30108 0.262188 0.241467 0.237256 0.248894 0.275197 0.310923 0.344029 0.359593 0.350963 0.323526 0.286598 0.247627 0.211995 0.183477 0.164003 0.153475 0.149957 0.150217 0.150561 0.147891 0.140674 0.129481 0.116669 0.105274 0.097833 0.0958308 0.0997485 0.109316 0.12369 0.141514 0.161016 0.180224 0.197252 0.210383 0.21787 0.217978 0.209914 0.195029 0.176511 0.157467 0.139366 0.12208 0.104943 0.0877384 0.070974 0.0555148 
0.0337467 0.0481771 0.0679808 0.0948355 0.131016 0.179619 0.243873 0.322492 0.395622 0.414525 0.357272 0.269459 0.191364 0.133584 0.0939914 0.0679115 0.0511818 0.0406864 0.0342458 0.0304283 0.0284067 0.0278529 0.0288412 0.0317456 0.037128 0.0456077 0.0576787 0.0734351 0.0922104 0.112286 0.131051 0.146044 0.156808 0.166504 0.182221 0.214231 0.275462 0.381681 0.549089 0.75751 0.759352 0.567205 0.417772 0.328906 0.287427 0.279691 0.290567 0.301586 0.296047 0.268932 0.227614 0.182821 0.142279 0.109684 0.0858516 0.0701424 0.0615546 0.0593664 0.06343 0.0742238 0.0926613 0.119498 0.154003 0.191689 0.222306 0.232656 0.216919 0.182776 0.143412 0.108056 0.080286 0.0601858 0.0463888 0.0372099 0.0311427 0.0270379 0.0241353 0.0220224 0.0205528 0.0197483 0.0197064 0.0205245 0.0222453 0.0248208 0.0280975 0.0318295 0.0357236 0.0395077 0.0429949 0.0461175 0.0489169 0.051516 0.0541212 0.0570922 0.0610766 0.0671637 0.0769996 0.0928275 0.11743 0.15387 0.204674 0.269615 0.341392 0.403145 0.439968 0.456957 0.468632 0.475627 0.463358 0.420865 0.356514 0.289225 0.232399 0.190116 0.160955 0.142172 0.13219 0.131528 0.142827 0.170736 0.222042 0.30584 0.433104 0.615853 0.86818 1.10007 0.811936 0.565611 0.416364 0.340098 0.317505 0.334212 0.377714 0.435032 0.493988 0.54928 0.607695 0.682033 0.771328 0.842368 0.854446 0.821837 0.809432 0.875197 1.03284 1.19826 1.27057 1.19081 0.946755 0.76733 0.684186 0.678639 0.737603 0.851408 0.975748 0.981704 0.870586 0.773349 0.733967 0.754387 0.828544 0.947904 1.0956 1.23319 1.29234 1.22836 1.08803 0.936734 0.804279 0.699044 0.624732 0.585099 0.583206 0.620732 0.698431 0.812981 0.932168 0.964054 0.901272 0.838256 0.800048 0.763945 0.70992 0.642709 0.578598 0.531861 0.512961 0.526775 0.570518 0.633635 0.699973 0.751424 0.774972 0.773193 0.75886 0.736351 0.706647 0.693675 0.739236 0.871043 1.01104 0.917521 0.78859 0.728119 0.696207 0.647455 0.582294 0.523707 0.484749 0.470006 0.481601 0.520588 0.588538 0.690825 0.836609 1.02573 1.17803 1.12934 0.958103 0.752076 0.573125 0.449705 0.378834 0.349343 0.351063 0.376293 0.419055 0.47372 0.532513 0.582114 0.608401 0.616796 0.635629 0.690484 0.787995 0.913745 1.03893 1.13807 1.19195 1.1771 1.09595 1.00726 0.97484 1.02788 1.16438 1.30424 1.21567 1.00895 0.833414 0.702394 0.608744 0.543238 0.497212 0.464955 0.444876 0.437736 0.443441 0.459607 0.48336 0.514866 0.559021 0.623653 0.716484 0.840024 0.968478 1.01542 0.965871 0.912629 0.88375 0.854355 0.793907 0.698609 0.591183 0.494392 0.417447 0.359454 0.315786 0.281995 0.255445 0.235306 0.221565 0.213887 0.210968 0.210655 0.210904 0.211208 0.213576 0.222362 0.243195 0.281615 0.341377 0.421636 0.512466 0.591131 0.628688 0.612605 0.559357 0.496478 0.442681 0.404474 0.380541 0.366797 0.360613 0.363187 0.379035 0.413604 0.471121 0.55342 0.657815 0.770727 0.863151 0.913407 0.933888 0.95085 0.986425 1.05826 1.16521 1.23323 1.1806 1.11858 1.12705 1.19164 1.24929 1.25445 1.25685 1.30276 1.34105 1.30994 1.19 0.989831 0.789235 0.638011 0.54026 0.48604 0.464816 0.468462 0.491036 0.527707 0.574226 0.628437 0.693351 0.776621 0.881356 0.991517 1.06537 1.06315 0.996712 0.912224 0.838627 0.777525 0.717699 0.653848 0.592601 0.543401 0.511113 0.495164 0.492098 0.49984 0.520813 0.561668 0.631992 0.745725 0.926511 1.20811 1.08208 0.771804 0.576434 0.463806 0.412349 0.408484 0.43841 0.477861 0.495513 0.484468 0.466671 0.457148 0.453707 0.450704 0.449595 0.455294 0.467622 0.479544 0.483412 0.478981 0.474671 0.480695 0.502449 0.542203 0.606638 0.704831 0.80848 0.778792 0.616184 0.467789 0.368463 0.308827 0.274165 0.252535 0.236531 0.222914 0.210913 0.200311 0.190393 0.18007 0.168635 0.156317 0.144248 0.134054 0.127356 0.125345 0.128425 0.136012 0.146496 0.157448 0.166097 0.170072 0.168309 0.161748 0.153253 0.14664 0.145552 0.152858 0.170493 0.199201 0.237809 0.28232 0.326126 0.363027 0.392206 0.420882 0.462261 0.530124 0.628714 0.732654 0.777749 0.724956 0.606305 0.477037 0.372389 0.302294 0.264974 0.255781 0.268925 0.296027 0.325664 0.34762 0.359198 0.364487 0.366523 0.361807 0.343589 0.311726 0.275302 0.24418 0.222902 0.211618 0.209171 0.21475 0.227308 0.243716 0.25789 0.263004 0.255738 0.23791 0.214081 0.188818 0.165664 0.146955 0.133731 0.12576 0.121766 0.119865 0.118092 0.114932 0.10975 0.103007 0.0961032 0.0908851 0.0890885 0.0920079 0.100403 0.114467 0.133707 0.15679 0.181634 0.206011 0.228343 0.24759 0.26179 0.267044 0.259751 0.240805 0.215838 0.190704 0.167935 0.146885 0.12594 0.104505 0.0834214 0.0641235 
0.0296705 0.042462 0.0605491 0.0862691 0.123259 0.177095 0.255301 0.363259 0.482566 0.523297 0.430191 0.304834 0.206165 0.138646 0.0946898 0.06677 0.0493502 0.0386776 0.0323018 0.0287031 0.0270566 0.0270827 0.0289397 0.0331302 0.0404067 0.0516494 0.0676556 0.088755 0.114197 0.141459 0.166114 0.183365 0.191381 0.193989 0.199988 0.220227 0.265158 0.342354 0.448354 0.544061 0.549022 0.463654 0.365599 0.292612 0.249996 0.232159 0.229062 0.228538 0.220257 0.200457 0.172283 0.141603 0.113287 0.090054 0.0728305 0.0615189 0.0556713 0.0549354 0.0592814 0.069025 0.084608 0.10603 0.131858 0.158085 0.177948 0.18434 0.174352 0.151548 0.123157 0.0956244 0.0725283 0.0548797 0.0422098 0.0334752 0.0275838 0.0236363 0.0210034 0.0193189 0.01843 0.0183304 0.0190877 0.0207758 0.023412 0.0269064 0.0310341 0.0354478 0.0397431 0.0435644 0.0467117 0.049195 0.0512101 0.0530572 0.0550723 0.0576402 0.0613164 0.0670061 0.0761025 0.0904938 0.112388 0.143894 0.186147 0.237616 0.291787 0.33721 0.364823 0.376479 0.379725 0.376317 0.36123 0.331082 0.290355 0.248414 0.212711 0.185705 0.166102 0.151775 0.142169 0.139048 0.145975 0.167722 0.210271 0.281219 0.390154 0.548749 0.764248 0.920473 0.730013 0.521568 0.388544 0.319047 0.298241 0.315196 0.361253 0.427047 0.500598 0.571756 0.644164 0.735445 0.850752 0.950803 0.971603 0.918606 0.884283 0.953859 1.1669 1.40028 1.41402 1.29166 0.968683 0.750885 0.644642 0.621485 0.663689 0.756862 0.856835 0.863445 0.777848 0.700827 0.672362 0.693283 0.753899 0.840627 0.933896 1.00489 1.02176 0.970597 0.870034 0.754514 0.650489 0.570811 0.520196 0.500068 0.510215 0.548966 0.612855 0.693805 0.771229 0.816243 0.831017 0.846563 0.866844 0.852066 0.772146 0.661814 0.564679 0.498539 0.467422 0.470197 0.502343 0.556259 0.621532 0.685642 0.738213 0.779621 0.818015 0.839507 0.810089 0.768382 0.798819 0.961982 1.27088 1.03338 0.879684 0.861853 0.877357 0.80367 0.687107 0.598664 0.546245 0.523961 0.528179 0.554307 0.59654 0.657149 0.748425 0.870721 0.972528 0.973584 0.865242 0.690782 0.525524 0.40735 0.336867 0.304187 0.299478 0.315068 0.345117 0.384564 0.427488 0.466072 0.494438 0.517466 0.551446 0.612689 0.708386 0.835367 0.983346 1.13271 1.23021 1.20904 1.10212 0.993325 0.933781 0.937071 0.986074 1.02501 0.988259 0.894012 0.796559 0.715657 0.650233 0.596409 0.552869 0.520106 0.499559 0.492834 0.499544 0.515395 0.534204 0.554163 0.580939 0.622974 0.684974 0.76275 0.836066 0.87333 0.870845 0.857598 0.847447 0.824896 0.765629 0.669359 0.562531 0.469137 0.397464 0.345029 0.305769 0.274533 0.248759 0.228044 0.212819 0.203217 0.198572 0.197525 0.198636 0.201315 0.206705 0.218015 0.239988 0.277561 0.333685 0.406103 0.483766 0.546795 0.575385 0.563763 0.523798 0.474219 0.429404 0.396005 0.374623 0.363245 0.360802 0.369301 0.393648 0.439772 0.512515 0.614142 0.742578 0.884985 1.00924 1.08442 1.11172 1.10856 1.0957 1.09485 1.11256 1.11837 1.088 1.0646 1.08849 1.13781 1.15302 1.13064 1.12198 1.14968 1.18098 1.15666 1.04894 0.888779 0.729071 0.603251 0.520203 0.476638 0.466086 0.48231 0.519478 0.570763 0.627456 0.681887 0.734909 0.798667 0.883825 0.977934 1.03751 1.02501 0.957887 0.880596 0.816174 0.764562 0.717282 0.666881 0.612075 0.559214 0.517703 0.493484 0.487768 0.49995 0.529796 0.577442 0.644961 0.741458 0.882107 1.03806 0.96071 0.735307 0.568087 0.471714 0.436419 0.456329 0.524102 0.606682 0.626475 0.566459 0.497198 0.450854 0.422176 0.400902 0.384691 0.376466 0.377337 0.384396 0.393759 0.405026 0.42247 0.450706 0.489 0.532123 0.578015 0.625026 0.650494 0.611871 0.51409 0.409603 0.329206 0.276444 0.244494 0.225327 0.213039 0.20436 0.197738 0.192089 0.186107 0.178475 0.168548 0.15676 0.144476 0.133556 0.125925 0.123152 0.126047 0.13429 0.146222 0.158961 0.169107 0.173978 0.17274 0.166713 0.158748 0.152178 0.149995 0.154494 0.167165 0.188467 0.217413 0.251243 0.286024 0.31895 0.351775 0.393064 0.457694 0.563774 0.723825 0.912736 1.01522 0.946124 0.763841 0.572777 0.426228 0.327602 0.267165 0.235424 0.224541 0.227078 0.235626 0.24423 0.250151 0.253408 0.254189 0.251072 0.242267 0.228563 0.213864 0.20229 0.195474 0.192564 0.192098 0.193532 0.196914 0.201372 0.204395 0.20294 0.195387 0.182461 0.16652 0.150284 0.135972 0.124896 0.11733 0.112604 0.109467 0.106619 0.103154 0.0987543 0.0936723 0.0886312 0.0847048 0.0831629 0.085319 0.0924282 0.105593 0.12555 0.152206 0.184016 0.2178 0.249944 0.278673 0.304396 0.326004 0.337067 0.329511 0.303568 0.26915 0.236235 0.208269 0.183055 0.157102 0.129348 0.101593 0.0764499 
0.0262333 0.0375693 0.0539177 0.0777944 0.11317 0.166094 0.244694 0.355143 0.47964 0.52387 0.427965 0.300391 0.201263 0.134085 0.0907202 0.0633944 0.0464785 0.0362082 0.0301714 0.0269153 0.0256968 0.0263313 0.0290976 0.0346754 0.044095 0.0586628 0.0797782 0.108482 0.144502 0.184647 0.221292 0.243927 0.246634 0.235149 0.223304 0.224331 0.246479 0.291308 0.34957 0.39601 0.400294 0.359711 0.300481 0.246827 0.209093 0.187507 0.176919 0.170141 0.160972 0.146617 0.12796 0.107803 0.088928 0.0731819 0.0614298 0.0538808 0.0504625 0.0511162 0.0559735 0.0653858 0.0797432 0.0989827 0.121761 0.144577 0.161763 0.167476 0.159205 0.139623 0.114635 0.0898489 0.0686191 0.0520765 0.0399752 0.0314885 0.0256999 0.0218377 0.0193541 0.0179254 0.0174144 0.0178158 0.0191947 0.02162 0.0250961 0.0294993 0.0345387 0.0397701 0.0446833 0.0488475 0.0520573 0.0543991 0.0561968 0.0578656 0.0597718 0.0622079 0.0655383 0.0704445 0.078106 0.090158 0.108382 0.134155 0.167651 0.206788 0.246427 0.279367 0.300302 0.309306 0.30973 0.303387 0.289664 0.268737 0.244009 0.220735 0.202653 0.18994 0.179877 0.169703 0.159442 0.152299 0.152965 0.166192 0.196592 0.248903 0.327502 0.432731 0.545798 0.597838 0.532895 0.423208 0.336398 0.288787 0.279397 0.305082 0.363183 0.448291 0.544616 0.626211 0.687586 0.758054 0.855263 0.947842 0.971332 0.915949 0.869031 0.910476 1.0559 1.19357 1.17535 1.04745 0.846483 0.681684 0.589055 0.560353 0.581792 0.636191 0.689965 0.698521 0.663713 0.631848 0.631957 0.665929 0.721031 0.780603 0.829076 0.851026 0.83461 0.779099 0.696809 0.607448 0.528793 0.471395 0.439334 0.432758 0.44952 0.485979 0.537547 0.598577 0.661919 0.722836 0.787125 0.865629 0.947496 0.962695 0.85036 0.692366 0.562098 0.476003 0.432175 0.425554 0.451169 0.504516 0.580359 0.669117 0.754759 0.829182 0.909689 0.980678 0.926818 0.815405 0.783857 0.854499 0.944436 0.91082 0.883429 0.985457 1.17994 1.01219 0.814346 0.704396 0.644115 0.613152 0.608211 0.622156 0.636644 0.646023 0.668468 0.712809 0.755439 0.756109 0.690264 0.572733 0.451243 0.357991 0.299304 0.270203 0.263468 0.272632 0.29256 0.319167 0.348783 0.378104 0.406191 0.437592 0.482073 0.550019 0.64854 0.781849 0.95465 1.16711 1.34318 1.27711 1.10843 0.975402 0.897066 0.868401 0.87185 0.87936 0.868497 0.842037 0.813814 0.784181 0.743732 0.692581 0.642674 0.60448 0.582185 0.577229 0.588686 0.609037 0.625217 0.631786 0.638438 0.657533 0.692211 0.735792 0.7756 0.800062 0.808666 0.810325 0.80799 0.788259 0.730659 0.637487 0.536813 0.451986 0.389427 0.344623 0.309938 0.279911 0.253022 0.230316 0.213246 0.202439 0.197448 0.197001 0.199539 0.204061 0.211131 0.22355 0.246124 0.284369 0.342073 0.417144 0.49605 0.553644 0.569838 0.547893 0.505827 0.459941 0.420155 0.390932 0.372832 0.364771 0.366642 0.380937 0.412656 0.467742 0.550868 0.663621 0.804058 0.96476 1.12616 1.2578 1.32631 1.31923 1.25819 1.17861 1.11518 1.0691 1.03161 1.01823 1.04671 1.09012 1.08351 1.03995 1.02594 1.06333 1.11936 1.1116 0.998376 0.840902 0.696041 0.586325 0.516899 0.485396 0.48677 0.515577 0.56597 0.629574 0.693585 0.744574 0.780729 0.818399 0.875156 0.942858 0.981574 0.962039 0.905173 0.847021 0.802917 0.772847 0.751293 0.724281 0.676524 0.613007 0.554727 0.517481 0.507424 0.525478 0.568285 0.624826 0.67916 0.727545 0.77731 0.804634 0.750029 0.632923 0.525285 0.459343 0.443806 0.485286 0.590175 0.733461 0.761368 0.631849 0.510845 0.433747 0.385897 0.35255 0.32788 0.312169 0.306354 0.309673 0.320802 0.340036 0.369554 0.410145 0.456693 0.499114 0.530433 0.547142 0.539332 0.495953 0.424446 0.348256 0.285667 0.242175 0.215274 0.199993 0.191887 0.187931 0.186185 0.185055 0.182878 0.178178 0.170275 0.159627 0.147688 0.136542 0.128505 0.125662 0.129318 0.139423 0.154103 0.169646 0.181593 0.186858 0.185272 0.17909 0.171327 0.164632 0.161139 0.162684 0.170744 0.186051 0.20814 0.2352 0.264694 0.295269 0.329577 0.376371 0.450525 0.570833 0.752347 0.974637 1.11953 1.06965 0.852731 0.625669 0.456882 0.342493 0.267845 0.22146 0.195202 0.182597 0.178103 0.177405 0.177886 0.178396 0.178386 0.177325 0.175052 0.172491 0.171464 0.173277 0.17735 0.181378 0.183201 0.182565 0.180703 0.178432 0.175159 0.169595 0.161083 0.15027 0.138805 0.128588 0.121084 0.116854 0.115321 0.114889 0.113591 0.110072 0.104243 0.0970935 0.0900241 0.0843229 0.0810583 0.0812187 0.0859048 0.0964666 0.114497 0.141522 0.178157 0.222634 0.269587 0.311776 0.345904 0.375308 0.402291 0.41862 0.410232 0.37586 0.330682 0.289614 0.256896 0.227827 0.196029 0.16003 0.12352 0.0909628 
0.0233576 0.0332524 0.0475502 0.0684528 0.0992579 0.144492 0.208917 0.292392 0.374285 0.399619 0.3421 0.25304 0.175492 0.119426 0.0818842 0.0577193 0.0425757 0.0333338 0.0279369 0.0251538 0.0243996 0.0256248 0.0292573 0.0361899 0.0478015 0.0659872 0.093113 0.131693 0.183299 0.245673 0.307132 0.343589 0.336168 0.297284 0.255794 0.230672 0.228054 0.245594 0.273751 0.296601 0.298653 0.276139 0.238918 0.200546 0.169751 0.148877 0.13588 0.126837 0.118071 0.107564 0.095229 0.0822208 0.0699987 0.0597306 0.0521235 0.047514 0.0460531 0.0478952 0.0533433 0.0629011 0.0771469 0.0963023 0.119397 0.143194 0.161775 0.168454 0.160097 0.139734 0.114045 0.0889929 0.0678345 0.0514796 0.0395352 0.0311271 0.0253556 0.0214925 0.0190366 0.0177022 0.0173792 0.0180816 0.019888 0.0228757 0.0270459 0.0322507 0.0381453 0.0442036 0.0498263 0.0545244 0.0580975 0.0607059 0.0627787 0.0647978 0.0670838 0.0697425 0.0728642 0.0768891 0.082875 0.0924149 0.107186 0.128292 0.155548 0.186855 0.218051 0.243943 0.260576 0.267057 0.265023 0.256647 0.243764 0.228614 0.21448 0.204777 0.201018 0.2012 0.200334 0.194027 0.18252 0.170642 0.164344 0.168296 0.185686 0.218561 0.26707 0.326314 0.380259 0.401352 0.375718 0.324814 0.279046 0.255227 0.259816 0.296249 0.367898 0.474645 0.59796 0.686324 0.716278 0.739318 0.787769 0.840505 0.852407 0.813276 0.774567 0.785774 0.846321 0.898906 0.885291 0.807032 0.695573 0.594864 0.530601 0.505902 0.513522 0.540463 0.567796 0.579034 0.577966 0.586503 0.621599 0.680003 0.73762 0.76916 0.769958 0.745424 0.698783 0.634718 0.561913 0.491475 0.433664 0.395164 0.378503 0.382799 0.404723 0.43976 0.483997 0.535705 0.595851 0.668117 0.757757 0.865271 0.969165 0.992482 0.872557 0.70035 0.555964 0.458066 0.404975 0.391646 0.414526 0.472973 0.56794 0.693513 0.817063 0.894173 0.952715 1.00751 0.932539 0.79136 0.715941 0.712335 0.73565 0.752122 0.801902 0.949999 1.16307 1.04725 0.896657 0.821641 0.771287 0.727386 0.703872 0.701015 0.686484 0.644008 0.604108 0.58757 0.583784 0.568306 0.522963 0.450943 0.373872 0.311157 0.270133 0.249689 0.245297 0.251833 0.264998 0.281992 0.301563 0.323873 0.350967 0.387499 0.440222 0.515937 0.619831 0.756487 0.933727 1.16081 1.37074 1.27962 1.09409 0.960265 0.877532 0.835805 0.823459 0.827458 0.841518 0.869905 0.9128 0.94404 0.922287 0.851383 0.776179 0.723285 0.695144 0.689569 0.705501 0.732766 0.748116 0.740418 0.728005 0.730075 0.746994 0.767494 0.781476 0.785909 0.783257 0.776696 0.764322 0.73537 0.67693 0.593404 0.50752 0.438118 0.389523 0.35533 0.326067 0.296268 0.266635 0.240772 0.221545 0.209916 0.205271 0.206014 0.21017 0.216239 0.224358 0.237271 0.260432 0.301052 0.366038 0.457146 0.559162 0.62666 0.620266 0.565829 0.504905 0.45438 0.417426 0.393376 0.380465 0.377187 0.383738 0.402793 0.439135 0.498182 0.583867 0.697143 0.83758 1.00724 1.20828 1.42217 1.55949 1.55857 1.45886 1.30544 1.183 1.10009 1.03374 0.989752 0.983149 0.993385 0.975042 0.939371 0.938109 0.99206 1.07151 1.08172 0.97073 0.817243 0.68193 0.583914 0.526698 0.507392 0.520183 0.558689 0.616532 0.684535 0.747534 0.788835 0.805326 0.815339 0.839629 0.875081 0.892762 0.873755 0.83536 0.803084 0.787542 0.792259 0.816339 0.832521 0.793565 0.707323 0.622555 0.567385 0.551722 0.579232 0.647215 0.731835 0.776283 0.756786 0.71613 0.672545 0.613077 0.539512 0.472982 0.432129 0.429117 0.47475 0.576708 0.708813 0.73175 0.608897 0.487141 0.404331 0.349864 0.31121 0.282472 0.262872 0.253153 0.253613 0.264275 0.285719 0.31874 0.361875 0.408437 0.447774 0.47173 0.476298 0.457338 0.413899 0.354806 0.294752 0.245076 0.210028 0.188596 0.177535 0.173432 0.173552 0.175823 0.178437 0.179608 0.1778 0.17224 0.163239 0.15217 0.141253 0.133213 0.13073 0.135725 0.148561 0.167218 0.186975 0.201876 0.208212 0.206817 0.201274 0.19457 0.188025 0.182522 0.179738 0.181908 0.190695 0.206374 0.227777 0.253027 0.28117 0.314484 0.360225 0.430397 0.538655 0.691517 0.866148 0.987017 0.965459 0.799189 0.605466 0.450763 0.339486 0.261864 0.209088 0.174706 0.153584 0.141393 0.134691 0.131117 0.129329 0.128698 0.12908 0.130822 0.134779 0.141859 0.152034 0.163432 0.172709 0.177153 0.17668 0.173229 0.168413 0.16236 0.154513 0.144922 0.134753 0.125887 0.120232 0.119083 0.122563 0.129082 0.135268 0.137119 0.132351 0.12193 0.109094 0.097164 0.0883074 0.083633 0.0838235 0.0897433 0.102836 0.12526 0.159587 0.207669 0.268031 0.332317 0.386263 0.422359 0.449165 0.476239 0.495623 0.48753 0.447135 0.392557 0.343608 0.306309 0.273613 0.235694 0.190754 0.144994 0.104944 
0.0211157 0.0295975 0.0416299 0.0588135 0.0833076 0.117517 0.162659 0.214881 0.259121 0.271148 0.241921 0.19051 0.139457 0.0988804 0.0699439 0.0505252 0.038016 0.0302559 0.0257229 0.0235001 0.0232051 0.0249406 0.0292864 0.0373434 0.0508427 0.0723184 0.10532 0.154542 0.225419 0.321342 0.432074 0.505865 0.475554 0.381355 0.294577 0.238353 0.212005 0.208137 0.216556 0.225446 0.224577 0.210024 0.18551 0.158416 0.13474 0.116975 0.10464 0.095741 0.088138 0.0804275 0.0722107 0.0638582 0.0560814 0.049586 0.0449106 0.0424174 0.0423745 0.0450776 0.0509738 0.0607324 0.0751644 0.0948311 0.119158 0.145074 0.166099 0.17422 0.16545 0.143483 0.116255 0.0903368 0.0689078 0.0525836 0.0407376 0.032379 0.0265786 0.0226274 0.0200638 0.0186461 0.0183043 0.0190846 0.02109 0.024413 0.0290585 0.0348655 0.0414542 0.0482442 0.0545774 0.0599277 0.0641031 0.0673177 0.0700696 0.0728639 0.0759293 0.0791344 0.0822575 0.0855197 0.0899904 0.097481 0.109942 0.12868 0.153645 0.182869 0.212329 0.236756 0.251593 0.255066 0.248666 0.235875 0.220678 0.206942 0.198212 0.197059 0.203661 0.214289 0.221679 0.219475 0.207745 0.192512 0.180508 0.176132 0.181597 0.197531 0.222537 0.251805 0.276046 0.284364 0.272932 0.2501 0.229798 0.223421 0.238553 0.281357 0.358023 0.471074 0.601846 0.686721 0.691417 0.677872 0.684606 0.700294 0.699789 0.677185 0.654816 0.655695 0.678398 0.697835 0.688648 0.646448 0.585477 0.526965 0.486667 0.469852 0.473512 0.489252 0.506548 0.519768 0.535695 0.571428 0.641523 0.738747 0.812701 0.807772 0.746993 0.672313 0.597271 0.52479 0.458086 0.401796 0.360667 0.338019 0.334786 0.349184 0.376986 0.413011 0.454059 0.501423 0.560478 0.637395 0.733947 0.840027 0.923791 0.929248 0.82936 0.6793 0.541383 0.441226 0.383175 0.365212 0.386044 0.448287 0.558516 0.717962 0.879653 0.929237 0.906722 0.880394 0.807761 0.706202 0.635251 0.607211 0.607142 0.626767 0.680329 0.781173 0.88562 0.915428 0.92041 0.935921 0.912475 0.844507 0.781118 0.742442 0.695488 0.61835 0.542779 0.492463 0.46245 0.436729 0.40278 0.35919 0.314292 0.2779 0.255318 0.246721 0.248785 0.256611 0.265943 0.275216 0.286032 0.302051 0.327951 0.36916 0.4314 0.519167 0.633586 0.771512 0.927214 1.08777 1.19471 1.16056 1.05076 0.949029 0.874315 0.830727 0.817461 0.829969 0.871714 0.958275 1.09636 1.23181 1.22001 1.07505 0.943812 0.867292 0.830474 0.819612 0.832932 0.86042 0.872529 0.854586 0.833528 0.833 0.846269 0.851603 0.838693 0.813953 0.785914 0.757031 0.723782 0.678948 0.617371 0.544738 0.476482 0.425353 0.393195 0.371516 0.34846 0.3186 0.285804 0.256899 0.236118 0.224439 0.220818 0.22319 0.229123 0.236645 0.245496 0.258352 0.281306 0.323558 0.39655 0.510994 0.661213 0.766812 0.713851 0.599889 0.510573 0.453919 0.42169 0.405941 0.401124 0.404511 0.416342 0.439375 0.477873 0.536017 0.616326 0.719706 0.84899 1.01432 1.23121 1.49286 1.67711 1.68849 1.58604 1.40961 1.28582 1.20124 1.09339 0.984122 0.9144 0.877449 0.848139 0.828497 0.843332 0.903274 0.980152 1.00098 0.924055 0.797254 0.676647 0.589645 0.544009 0.536789 0.559391 0.602156 0.657611 0.717555 0.767961 0.793589 0.792644 0.782144 0.780776 0.788994 0.790399 0.775058 0.753823 0.74371 0.755321 0.798477 0.879334 0.958749 0.935782 0.824344 0.712676 0.637939 0.614492 0.651902 0.758195 0.91886 0.981037 0.84347 0.703186 0.604908 0.531744 0.471638 0.424624 0.396792 0.395915 0.428924 0.494824 0.565305 0.576568 0.514212 0.434487 0.36906 0.31957 0.280915 0.250438 0.228384 0.215924 0.21391 0.222847 0.243176 0.274754 0.315135 0.357868 0.393578 0.414058 0.414421 0.392669 0.351704 0.300704 0.250908 0.210304 0.181977 0.165349 0.158061 0.157357 0.160782 0.166297 0.172078 0.176347 0.177527 0.174649 0.167698 0.157797 0.147212 0.139065 0.136671 0.142654 0.157941 0.18061 0.205178 0.224297 0.233742 0.235631 0.234778 0.232995 0.228407 0.219643 0.209209 0.202013 0.201886 0.210037 0.225524 0.246463 0.271545 0.301824 0.342079 0.400285 0.483861 0.591812 0.703575 0.775154 0.761337 0.662299 0.531459 0.412541 0.31812 0.246846 0.194788 0.158177 0.13349 0.117471 0.107376 0.101207 0.0977588 0.0965113 0.0974987 0.101195 0.108313 0.119308 0.133578 0.148807 0.161446 0.168767 0.170708 0.169123 0.165388 0.159422 0.150833 0.140387 0.130245 0.1232 0.121846 0.127991 0.141919 0.161094 0.178979 0.18661 0.178761 0.158742 0.134842 0.113871 0.0989997 0.0909554 0.0897057 0.0955902 0.109936 0.135295 0.175223 0.23305 0.308385 0.390482 0.455994 0.49062 0.510758 0.536499 0.561687 0.559894 0.517189 0.451727 0.391085 0.345892 0.307979 0.264443 0.212703 0.160413 0.115235 
0.0197512 0.0269997 0.0368832 0.050364 0.0685502 0.0922729 0.120995 0.150912 0.17357 0.178939 0.163879 0.135641 0.10473 0.0779142 0.0574484 0.0430115 0.0333742 0.0272574 0.0236721 0.022023 0.0221284 0.0242289 0.0290228 0.0377586 0.0524135 0.0759927 0.112996 0.170133 0.257349 0.388697 0.577091 0.761566 0.660649 0.463385 0.324463 0.240589 0.195869 0.176847 0.172197 0.171957 0.16839 0.157837 0.141312 0.122578 0.105318 0.091486 0.0812426 0.0736653 0.0675486 0.0619624 0.0564819 0.051145 0.0462715 0.0422782 0.0395618 0.0384641 0.0393045 0.0424607 0.0484695 0.0580978 0.072279 0.0917456 0.116139 0.142556 0.164446 0.173425 0.165205 0.14362 0.116885 0.0916241 0.0708862 0.0551399 0.0436731 0.0354721 0.0296291 0.0254835 0.0226363 0.0209116 0.0202991 0.0208922 0.0228269 0.0262152 0.0310706 0.0372312 0.0443077 0.0517016 0.0587312 0.0648465 0.0698383 0.0739159 0.0775798 0.0813169 0.0852654 0.0890935 0.0923253 0.0950493 0.0984888 0.104894 0.116803 0.136144 0.16343 0.196925 0.231899 0.260925 0.276598 0.275767 0.261247 0.239457 0.217166 0.199825 0.19122 0.193292 0.205283 0.222451 0.23637 0.239547 0.231338 0.217192 0.202969 0.192315 0.187348 0.18906 0.196667 0.207031 0.215154 0.216405 0.209798 0.199416 0.192356 0.195768 0.215751 0.257813 0.326706 0.422174 0.525785 0.591814 0.597974 0.582014 0.574062 0.573383 0.569644 0.560572 0.554928 0.561582 0.57871 0.59375 0.59278 0.570543 0.533463 0.495085 0.468093 0.458963 0.466924 0.484703 0.501808 0.513689 0.530786 0.575353 0.669019 0.812498 0.924033 0.866766 0.733128 0.613172 0.516604 0.439121 0.378071 0.33325 0.305705 0.296417 0.305122 0.32934 0.364059 0.403275 0.443939 0.4893 0.547436 0.625483 0.722333 0.820897 0.88518 0.875874 0.786178 0.653819 0.524988 0.426078 0.36541 0.343445 0.360063 0.418204 0.523765 0.675635 0.824017 0.856285 0.804446 0.748272 0.688339 0.626101 0.578078 0.550242 0.538865 0.544298 0.574842 0.635083 0.713377 0.798665 0.902541 1.00444 1.01824 0.92645 0.809961 0.719903 0.641339 0.555308 0.476249 0.419059 0.381825 0.354735 0.329486 0.303672 0.280348 0.264487 0.259552 0.26574 0.279319 0.293281 0.301017 0.301788 0.301811 0.309917 0.334044 0.381025 0.457079 0.566226 0.705375 0.857999 0.995061 1.08898 1.12146 1.08931 1.02038 0.943729 0.875158 0.831421 0.821592 0.845223 0.912394 1.05491 1.30737 1.63837 1.61829 1.30458 1.10067 1.00492 0.966032 0.95128 0.95343 0.964714 0.964488 0.945152 0.933005 0.948915 0.975627 0.971808 0.92689 0.866003 0.807023 0.75219 0.69691 0.63636 0.569939 0.503846 0.448617 0.412178 0.393933 0.383476 0.366808 0.338486 0.305072 0.275837 0.255779 0.245696 0.244208 0.248981 0.257266 0.266616 0.276172 0.28813 0.308591 0.347613 0.419015 0.539352 0.716139 0.85803 0.758982 0.605799 0.505348 0.452595 0.431535 0.428843 0.435556 0.447917 0.466566 0.494604 0.535746 0.592105 0.663061 0.74862 0.855541 0.998442 1.18938 1.40835 1.56536 1.59745 1.53258 1.4291 1.37784 1.33856 1.17971 0.988577 0.856144 0.779433 0.737806 0.725204 0.749194 0.81183 0.890467 0.932472 0.892482 0.787823 0.675992 0.596383 0.560903 0.565146 0.595434 0.636261 0.678965 0.719431 0.749051 0.757671 0.745702 0.726584 0.713878 0.70852 0.701171 0.686898 0.673507 0.674549 0.702354 0.76989 0.884269 1.00528 1.02432 0.935407 0.816352 0.722131 0.685335 0.721591 0.845598 1.08106 1.2141 0.903937 0.694431 0.563844 0.479602 0.42194 0.381971 0.358444 0.354211 0.371754 0.406715 0.441156 0.449361 0.424155 0.382216 0.338862 0.298743 0.262336 0.230933 0.206867 0.192182 0.18806 0.195081 0.213523 0.242952 0.280964 0.321829 0.356643 0.375927 0.373395 0.348733 0.30798 0.260976 0.217101 0.182286 0.158636 0.145566 0.141137 0.143029 0.149075 0.157407 0.166317 0.174078 0.178981 0.179609 0.175281 0.16659 0.155775 0.146466 0.142743 0.147968 0.163648 0.188203 0.216144 0.239951 0.255927 0.267777 0.280936 0.293626 0.295953 0.28125 0.25595 0.232625 0.219342 0.217909 0.226629 0.242747 0.263999 0.289925 0.322943 0.367818 0.428076 0.499902 0.567228 0.604495 0.591221 0.529803 0.444321 0.358635 0.284261 0.224003 0.177373 0.142788 0.118125 0.101085 0.0895778 0.0820273 0.0774817 0.0755813 0.0764493 0.0805409 0.0883986 0.100216 0.115236 0.131343 0.145566 0.155703 0.161611 0.164387 0.164368 0.160627 0.152616 0.141851 0.13179 0.12654 0.129915 0.145085 0.17381 0.213844 0.254079 0.273607 0.258122 0.217895 0.173808 0.138317 0.114556 0.101564 0.0977531 0.102444 0.116456 0.142275 0.183793 0.245054 0.326444 0.416592 0.487787 0.522448 0.543442 0.580258 0.63026 0.652081 0.604184 0.512303 0.42755 0.367066 0.320728 0.273092 0.219547 0.166248 0.120134 
0.0196582 0.0260721 0.0343036 0.0447817 0.0578728 0.0735684 0.0909016 0.107266 0.118418 0.120235 0.111666 0.0957439 0.0773255 0.0602797 0.0464893 0.0362891 0.0292286 0.0246374 0.0219385 0.0207983 0.0211954 0.0234653 0.0283617 0.0371711 0.0519157 0.0756873 0.113182 0.171574 0.261992 0.401991 0.617832 0.898409 0.722756 0.477699 0.322145 0.228857 0.176196 0.149247 0.137116 0.131412 0.12607 0.117892 0.106629 0.0939558 0.0819091 0.0718068 0.0639886 0.0580921 0.0534737 0.0495467 0.0459592 0.042624 0.0396584 0.0372977 0.035826 0.0355466 0.0367942 0.0399856 0.0456903 0.0546774 0.0678404 0.0858457 0.108317 0.132579 0.152807 0.161744 0.15566 0.137645 0.114633 0.092442 0.0739088 0.0595863 0.0489135 0.0410109 0.0350813 0.030567 0.0271742 0.0248316 0.0236201 0.0237024 0.0252581 0.028423 0.0332241 0.0395131 0.04692 0.0548666 0.0626741 0.0697538 0.0758045 0.0809109 0.0854644 0.0898949 0.0943194 0.0983712 0.101525 0.10391 0.107016 0.113619 0.126999 0.150032 0.184305 0.228778 0.277592 0.318639 0.337813 0.329481 0.300611 0.26351 0.228686 0.202907 0.189714 0.190134 0.202589 0.222172 0.241091 0.252358 0.254055 0.248178 0.236663 0.221351 0.205732 0.193666 0.186772 0.183728 0.181577 0.1778 0.172045 0.166596 0.16545 0.172986 0.193201 0.229429 0.2834 0.351898 0.420903 0.46712 0.480652 0.476895 0.472729 0.472575 0.474991 0.480631 0.493459 0.516394 0.546652 0.5747 0.587394 0.575405 0.542267 0.504027 0.477894 0.473917 0.493229 0.526243 0.55208 0.555656 0.552901 0.578889 0.661223 0.802351 0.914349 0.834659 0.677988 0.544794 0.443584 0.368607 0.315199 0.280965 0.265085 0.267261 0.286506 0.319872 0.361771 0.405502 0.447883 0.493247 0.551375 0.630462 0.72895 0.826907 0.883889 0.863272 0.768673 0.638452 0.512468 0.414033 0.351362 0.325285 0.33522 0.381791 0.465303 0.576285 0.676303 0.712111 0.692184 0.657725 0.623624 0.593472 0.569932 0.549652 0.527694 0.509468 0.509107 0.537399 0.597735 0.693067 0.824988 0.961564 1.01324 0.923999 0.77681 0.653642 0.559049 0.479008 0.412962 0.364745 0.332442 0.310224 0.293111 0.279563 0.27139 0.272046 0.284656 0.309962 0.343273 0.371678 0.379794 0.366601 0.348703 0.344368 0.365241 0.419265 0.514467 0.658221 0.848338 1.05332 1.20153 1.23769 1.18675 1.10223 1.01538 0.932902 0.859452 0.8126 0.804076 0.834541 0.916185 1.08733 1.39794 1.8159 1.76076 1.39989 1.18083 1.09349 1.07411 1.07441 1.06883 1.05156 1.02824 1.00713 1.00816 1.04586 1.09415 1.08626 1.0119 0.92118 0.838635 0.764034 0.691268 0.616943 0.543261 0.47717 0.426878 0.397277 0.385974 0.381989 0.371302 0.348614 0.32058 0.296371 0.280804 0.274688 0.276928 0.285498 0.297598 0.310099 0.320947 0.331116 0.345847 0.374378 0.428502 0.518977 0.639997 0.718991 0.661647 0.554448 0.479117 0.445559 0.4431 0.457957 0.479438 0.503684 0.532411 0.569649 0.619469 0.681401 0.74686 0.809622 0.882832 0.991446 1.14678 1.32141 1.44416 1.47013 1.43319 1.39695 1.40081 1.37736 1.19433 0.96516 0.798528 0.698304 0.646842 0.634616 0.662391 0.731294 0.828888 0.910062 0.896958 0.788597 0.671216 0.594113 0.566505 0.579858 0.614654 0.648971 0.673557 0.690543 0.698963 0.694537 0.679047 0.661739 0.650613 0.644353 0.634864 0.618973 0.604917 0.606665 0.63766 0.710028 0.828661 0.970021 1.07335 1.06723 0.940088 0.813244 0.756385 0.776852 0.866032 0.992461 1.01025 0.837753 0.657062 0.52659 0.439364 0.381514 0.343263 0.320468 0.312994 0.321014 0.34067 0.361888 0.372381 0.366415 0.347049 0.319498 0.287033 0.252648 0.220562 0.195028 0.178884 0.173467 0.179356 0.196972 0.226447 0.266489 0.31235 0.353794 0.376274 0.36925 0.335285 0.286933 0.237002 0.19382 0.161237 0.139966 0.128931 0.126255 0.129904 0.138047 0.149136 0.161747 0.174295 0.184811 0.190947 0.190537 0.182941 0.170326 0.157376 0.149478 0.150861 0.163451 0.186076 0.214176 0.241994 0.26819 0.298934 0.341082 0.387582 0.408479 0.380183 0.324093 0.273368 0.241579 0.228514 0.229631 0.240207 0.256681 0.277376 0.303211 0.337246 0.381439 0.431522 0.474271 0.492312 0.475675 0.429099 0.367055 0.303272 0.245542 0.196832 0.157712 0.127601 0.105239 0.0890462 0.0775086 0.0694726 0.0642735 0.0617191 0.0619848 0.0654599 0.0725275 0.0832376 0.0969204 0.112005 0.126458 0.138821 0.148838 0.156636 0.161284 0.160852 0.154505 0.144377 0.135089 0.132027 0.14047 0.165771 0.213236 0.284993 0.368076 0.41503 0.380008 0.298153 0.221385 0.166522 0.132371 0.113971 0.107215 0.109947 0.122096 0.145523 0.183531 0.23946 0.313098 0.394133 0.460329 0.500037 0.535941 0.601771 0.708061 0.7936 0.722548 0.569986 0.448069 0.368623 0.313574 0.264569 0.214101 0.164656 0.121099 
0.0213609 0.0275855 0.0350017 0.0436227 0.0533265 0.0637083 0.0738675 0.0822623 0.0869319 0.0863082 0.0802274 0.0702011 0.0586014 0.0475342 0.0382408 0.0311224 0.0260497 0.0226831 0.0207024 0.019946 0.0204913 0.0227114 0.0273406 0.0355806 0.049273 0.0711601 0.105246 0.157231 0.234758 0.345949 0.487886 0.595013 0.539451 0.399263 0.280905 0.200934 0.15184 0.123987 0.109225 0.101169 0.0952286 0.0887663 0.0810238 0.0725513 0.064362 0.0572639 0.0515923 0.0472636 0.0439654 0.0413454 0.0391349 0.0371996 0.0355375 0.0342542 0.0335383 0.0336492 0.0349226 0.0377939 0.0428317 0.050746 0.0622908 0.0779408 0.0972278 0.117845 0.135238 0.144033 0.141397 0.129177 0.112151 0.0947661 0.0795476 0.0672637 0.0576577 0.0500808 0.0438988 0.0387001 0.0343487 0.0309344 0.0286796 0.0278487 0.0286806 0.0313395 0.0358714 0.0421576 0.0498782 0.0585098 0.0673874 0.0758298 0.0833026 0.0895657 0.0947321 0.0991412 0.103045 0.106353 0.108844 0.110938 0.114441 0.122556 0.13923 0.168404 0.21326 0.274479 0.345864 0.40808 0.4331 0.410794 0.358955 0.300164 0.248634 0.211269 0.190506 0.186116 0.195886 0.21562 0.239743 0.263353 0.283298 0.295226 0.291939 0.270809 0.239883 0.210478 0.188472 0.173788 0.163708 0.155778 0.149294 0.145438 0.146546 0.155178 0.173467 0.202634 0.242179 0.288282 0.332441 0.364327 0.380171 0.3861 0.390753 0.399226 0.41401 0.437527 0.472338 0.519341 0.575663 0.632182 0.669543 0.66313 0.612979 0.552146 0.512182 0.508294 0.544131 0.608653 0.658301 0.641757 0.590833 0.56958 0.603395 0.678637 0.728155 0.677392 0.566688 0.458104 0.371085 0.307248 0.264568 0.241181 0.236053 0.248533 0.277323 0.319176 0.36817 0.417303 0.463279 0.510628 0.569609 0.649042 0.748054 0.846339 0.899082 0.867044 0.762496 0.62922 0.503741 0.405525 0.341264 0.311294 0.314091 0.347955 0.409428 0.48802 0.561613 0.607429 0.624009 0.625239 0.621952 0.620627 0.621914 0.611986 0.573884 0.519808 0.480612 0.475607 0.510821 0.587044 0.698356 0.815743 0.87171 0.809437 0.683106 0.567315 0.479399 0.413376 0.364468 0.33049 0.308245 0.29371 0.284277 0.280016 0.283337 0.29802 0.328437 0.378146 0.444326 0.504356 0.515806 0.473544 0.423454 0.400254 0.41629 0.477634 0.594216 0.781858 1.05247 1.37451 1.59278 1.54929 1.36495 1.1756 1.02245 0.904523 0.816021 0.763343 0.752161 0.782228 0.862427 1.01904 1.27737 1.57867 1.54439 1.31024 1.16011 1.11617 1.14338 1.19005 1.1896 1.13548 1.07945 1.04531 1.04406 1.0825 1.13262 1.12638 1.05299 0.962523 0.877975 0.797138 0.713333 0.625589 0.540278 0.466866 0.413118 0.382085 0.370316 0.367862 0.36297 0.350567 0.334497 0.320992 0.313675 0.313746 0.321379 0.335801 0.354494 0.373068 0.387039 0.395073 0.401169 0.413434 0.44024 0.484993 0.536724 0.561115 0.532139 0.478117 0.439413 0.431041 0.44945 0.483058 0.521192 0.56075 0.60459 0.658243 0.72925 0.817324 0.895056 0.928576 0.948885 1.01542 1.15224 1.33367 1.45663 1.44333 1.38942 1.37432 1.389 1.3278 1.13231 0.905425 0.731885 0.623062 0.566269 0.551948 0.578841 0.649257 0.75886 0.868889 0.872815 0.758961 0.64187 0.571099 0.550496 0.568327 0.602499 0.628903 0.638725 0.638146 0.632089 0.621111 0.607724 0.597637 0.594259 0.593328 0.585584 0.568084 0.550327 0.547489 0.57334 0.639284 0.753857 0.921856 1.15024 1.30571 1.06715 0.890713 0.82404 0.83638 0.888022 0.924764 0.884228 0.759231 0.613158 0.491982 0.404902 0.346007 0.307622 0.285072 0.276843 0.282192 0.298155 0.318078 0.333308 0.337388 0.328623 0.308539 0.279807 0.246603 0.214597 0.188963 0.17282 0.167462 0.173515 0.191969 0.224475 0.272403 0.333682 0.39612 0.432006 0.416226 0.358937 0.289935 0.228254 0.180284 0.14655 0.125518 0.115078 0.11311 0.117767 0.127616 0.141632 0.158981 0.178549 0.198184 0.213894 0.220233 0.213527 0.1959 0.174797 0.158378 0.152082 0.157948 0.175004 0.200078 0.23034 0.268024 0.323351 0.409917 0.525078 0.596497 0.528392 0.408477 0.317466 0.264284 0.239534 0.233149 0.237648 0.248292 0.262909 0.282004 0.308108 0.342799 0.381927 0.413008 0.42072 0.399196 0.356206 0.304452 0.253403 0.20775 0.169108 0.137667 0.112928 0.0939654 0.0796466 0.0689064 0.0609682 0.0554412 0.0522906 0.0517322 0.054093 0.059642 0.06838 0.0798385 0.0930439 0.10683 0.120368 0.133296 0.144971 0.153546 0.156449 0.152649 0.144494 0.137102 0.136587 0.149399 0.183133 0.247773 0.355149 0.506344 0.619431 0.533299 0.379543 0.264257 0.191464 0.149123 0.126877 0.117944 0.118684 0.128005 0.146822 0.177299 0.221399 0.278091 0.339875 0.394293 0.437966 0.489211 0.578989 0.733123 0.903583 0.793608 0.585116 0.442564 0.355377 0.298445 0.252215 0.207236 0.162935 0.122469 
0.0255096 0.0324735 0.0402379 0.0484511 0.0565938 0.0639836 0.0698088 0.0732192 0.073516 0.070436 0.0643886 0.056422 0.047864 0.0398698 0.0331503 0.0279536 0.0242056 0.0216907 0.0202067 0.0196741 0.0202063 0.0221599 0.0261862 0.0333071 0.0450232 0.0634456 0.0913923 0.132269 0.189189 0.261776 0.337575 0.381581 0.360156 0.292515 0.220263 0.163502 0.124936 0.101073 0.087233 0.0791861 0.0736898 0.0687019 0.0633565 0.0576724 0.0521049 0.047143 0.0430849 0.0399922 0.03775 0.0361577 0.0350066 0.0341294 0.0334282 0.032894 0.0326241 0.0328345 0.0338641 0.0361719 0.0403299 0.046993 0.0567912 0.0700588 0.0863529 0.103894 0.119431 0.129217 0.130979 0.125241 0.114675 0.102375 0.0905876 0.0803568 0.0717443 0.0642911 0.0574826 0.0510577 0.0450982 0.0399429 0.0360329 0.0337814 0.0335038 0.0353937 0.0395161 0.0457959 0.0539938 0.063678 0.0742023 0.0847115 0.0942261 0.101874 0.107237 0.110543 0.112449 0.11359 0.114488 0.116108 0.120549 0.131195 0.152319 0.188625 0.244817 0.32403 0.421839 0.511977 0.543561 0.499219 0.418374 0.33633 0.26833 0.219618 0.190947 0.180935 0.187214 0.20703 0.238041 0.279052 0.327766 0.372067 0.384713 0.350335 0.291407 0.23653 0.196554 0.170363 0.153445 0.142068 0.134587 0.131246 0.133304 0.142109 0.158428 0.181996 0.211132 0.242449 0.271218 0.293303 0.308073 0.319169 0.332088 0.35179 0.382268 0.426685 0.486838 0.562703 0.653185 0.754681 0.843082 0.845248 0.742715 0.629039 0.559614 0.547374 0.595399 0.697512 0.789126 0.7382 0.619225 0.542885 0.522996 0.536628 0.542417 0.507581 0.439672 0.36518 0.301022 0.253417 0.223664 0.211637 0.217119 0.239813 0.278507 0.329814 0.387462 0.443944 0.495315 0.545463 0.604259 0.680102 0.77141 0.858108 0.898444 0.858247 0.752261 0.621729 0.499059 0.401644 0.335995 0.302648 0.299771 0.324782 0.373766 0.439306 0.509655 0.573034 0.623479 0.659714 0.683121 0.701973 0.724348 0.726991 0.662994 0.557988 0.473954 0.435194 0.442332 0.489077 0.56337 0.63983 0.676391 0.643161 0.563757 0.481171 0.415087 0.36751 0.335674 0.316078 0.304714 0.298208 0.295601 0.298742 0.311199 0.33748 0.383686 0.458572 0.569485 0.69291 0.714615 0.60997 0.511462 0.467836 0.480742 0.548662 0.680963 0.902981 1.25026 1.72789 2.10476 1.94356 1.59622 1.27629 1.03298 0.864972 0.755462 0.694928 0.678652 0.702906 0.769873 0.887347 1.04926 1.19307 1.21065 1.13475 1.07931 1.09138 1.16942 1.26983 1.28092 1.19292 1.107 1.05372 1.03545 1.0525 1.08327 1.08541 1.04716 0.991335 0.930334 0.859264 0.770113 0.666144 0.562276 0.4738 0.409508 0.371217 0.354886 0.352176 0.353951 0.354944 0.354906 0.355567 0.358499 0.365655 0.379747 0.402607 0.432496 0.462662 0.483676 0.490079 0.485471 0.479116 0.477777 0.481326 0.482894 0.471868 0.44478 0.41444 0.399264 0.409193 0.442814 0.490975 0.544611 0.601564 0.664722 0.741122 0.846481 0.995054 1.1382 1.11891 1.043 1.05633 1.18336 1.40736 1.57589 1.48772 1.39169 1.37904 1.42417 1.33476 1.07343 0.831001 0.657504 0.548548 0.490248 0.472873 0.493437 0.552029 0.642412 0.72959 0.738534 0.661225 0.575098 0.523135 0.511345 0.529824 0.559281 0.579457 0.582853 0.575248 0.563685 0.551933 0.543159 0.540658 0.544655 0.549056 0.544312 0.527519 0.507789 0.499803 0.516886 0.570097 0.670088 0.830545 1.06843 1.24776 1.05338 0.916257 0.885929 0.926086 0.98044 0.979952 0.889952 0.742709 0.591256 0.466715 0.376109 0.314699 0.275502 0.253601 0.246759 0.253809 0.272209 0.296113 0.316583 0.325249 0.318888 0.299529 0.271274 0.23915 0.208862 0.185252 0.17107 0.167336 0.174714 0.194975 0.231958 0.291362 0.37781 0.482923 0.555088 0.519966 0.413796 0.309348 0.229375 0.173396 0.136576 0.114463 0.103638 0.101612 0.106687 0.117907 0.135007 0.158202 0.18758 0.221534 0.253948 0.272696 0.266501 0.237707 0.201102 0.170563 0.1529 0.149486 0.158911 0.178988 0.209295 0.254858 0.329427 0.456804 0.668665 0.91016 0.689903 0.474815 0.34832 0.280607 0.248529 0.236616 0.235238 0.239218 0.246805 0.258946 0.278187 0.30593 0.338134 0.362642 0.364709 0.340202 0.298811 0.253056 0.210503 0.173914 0.143626 0.119127 0.0996441 0.0842962 0.0721981 0.0626106 0.0550684 0.0494181 0.0457636 0.044359 0.0454923 0.0493705 0.056008 0.0651475 0.0762879 0.0888639 0.102439 0.116574 0.130223 0.141226 0.146969 0.146383 0.141501 0.137006 0.13884 0.153767 0.19031 0.260443 0.380844 0.566135 0.736259 0.603523 0.411626 0.282818 0.205513 0.162022 0.139727 0.130655 0.130305 0.136766 0.150037 0.171234 0.201351 0.239479 0.281529 0.322376 0.362929 0.41538 0.498505 0.620758 0.723922 0.664207 0.520679 0.40773 0.335895 0.289093 0.250801 0.211475 0.16985 0.12951 
0.0328764 0.0418708 0.0515551 0.0611691 0.0697089 0.0760718 0.079317 0.0789719 0.0752069 0.0687634 0.0607048 0.0521423 0.0440188 0.0369768 0.0313206 0.0270659 0.024044 0.0220214 0.0208056 0.0203236 0.0206733 0.0221566 0.0253078 0.0309288 0.0401302 0.0543468 0.075249 0.104364 0.142046 0.185302 0.224762 0.245029 0.235482 0.202337 0.161757 0.12583 0.0990705 0.0812691 0.0703213 0.0637529 0.0594202 0.055818 0.0521562 0.0482557 0.0443224 0.0407001 0.0376858 0.0354398 0.033975 0.0331873 0.0328979 0.0328953 0.0329805 0.0330238 0.0330267 0.0331652 0.0337958 0.0354259 0.0386682 0.044184 0.0525849 0.0642356 0.0789264 0.0955067 0.111751 0.124805 0.132226 0.133048 0.128183 0.119866 0.110503 0.101618 0.0935258 0.085738 0.0776688 0.0691609 0.0606056 0.0527369 0.0463353 0.0420241 0.0402041 0.0410811 0.0447219 0.051095 0.0600703 0.0713559 0.0843563 0.0979759 0.110528 0.12006 0.125225 0.126132 0.124275 0.121597 0.119802 0.120569 0.126205 0.139982 0.165992 0.20885 0.273394 0.36345 0.47587 0.581882 0.61497 0.552946 0.453028 0.357135 0.279356 0.223354 0.188923 0.174323 0.177664 0.198006 0.236567 0.297519 0.384939 0.485389 0.53063 0.462257 0.352671 0.263703 0.204444 0.167746 0.145359 0.131584 0.123639 0.120929 0.123933 0.133188 0.148564 0.168858 0.191757 0.214279 0.233757 0.249114 0.261769 0.275506 0.295427 0.326925 0.374971 0.442977 0.530975 0.635523 0.755838 0.903344 1.08731 1.12632 0.894816 0.706095 0.602661 0.574 0.6133 0.71075 0.798568 0.734391 0.595766 0.494969 0.44311 0.421145 0.404127 0.374333 0.330421 0.282092 0.239349 0.208264 0.191752 0.191255 0.207757 0.241854 0.292948 0.357802 0.429335 0.497822 0.556471 0.607918 0.662846 0.729852 0.80545 0.869828 0.891305 0.847812 0.74914 0.625259 0.504585 0.405694 0.337041 0.300142 0.293343 0.314191 0.359929 0.426653 0.508543 0.598365 0.687273 0.760767 0.801624 0.815333 0.829691 0.827779 0.732704 0.583241 0.466302 0.403614 0.389042 0.41089 0.454434 0.49938 0.521685 0.507267 0.464935 0.415297 0.372929 0.343174 0.326004 0.318586 0.316761 0.317424 0.320865 0.3305 0.350619 0.385352 0.440562 0.527584 0.663959 0.845751 0.881312 0.709268 0.581258 0.533467 0.552578 0.62703 0.761146 0.983833 1.33947 1.83767 2.25698 2.1806 1.78683 1.35694 1.03325 0.821996 0.693842 0.62596 0.604672 0.621781 0.673413 0.756345 0.857331 0.943658 0.982715 0.985824 0.997019 1.04914 1.14783 1.25371 1.27182 1.19162 1.09875 1.03137 0.995632 0.991537 1.00764 1.02334 1.02755 1.02108 1.00147 0.954622 0.864289 0.738613 0.607916 0.497317 0.417506 0.369177 0.347718 0.345985 0.356472 0.372965 0.390757 0.406368 0.418881 0.431775 0.452105 0.486274 0.534464 0.586056 0.621302 0.626439 0.608443 0.584349 0.560609 0.531066 0.491469 0.446429 0.404426 0.374841 0.36605 0.382129 0.420952 0.475506 0.539193 0.610366 0.690911 0.788149 0.922762 1.13006 1.43996 1.29151 1.10232 1.07501 1.18305 1.38352 1.53168 1.48238 1.39499 1.35692 1.37049 1.25225 0.975126 0.740078 0.577626 0.475234 0.41857 0.398042 0.408907 0.4477 0.504998 0.555676 0.565155 0.530564 0.486108 0.459753 0.459446 0.479291 0.505289 0.522866 0.525968 0.518369 0.507017 0.497407 0.493209 0.496219 0.504785 0.512491 0.510951 0.497241 0.478029 0.465532 0.471972 0.507535 0.580307 0.69422 0.8331 0.920251 0.905445 0.890417 0.941863 1.05083 1.15326 1.14249 0.984215 0.77549 0.590776 0.450536 0.352366 0.287468 0.247384 0.226423 0.221703 0.231711 0.253955 0.282427 0.306796 0.316585 0.308401 0.286676 0.257942 0.227829 0.201176 0.181666 0.171215 0.170331 0.179492 0.200986 0.24049 0.307785 0.415871 0.571632 0.711834 0.638916 0.464332 0.325321 0.230464 0.168325 0.128989 0.105733 0.0942198 0.0917389 0.0967986 0.108979 0.128934 0.158364 0.199547 0.253208 0.312431 0.353799 0.347337 0.296519 0.23451 0.184576 0.153384 0.139964 0.141454 0.155662 0.183 0.228769 0.305304 0.432878 0.6336 0.825723 0.661124 0.467485 0.349404 0.28593 0.255199 0.241526 0.235263 0.232048 0.231482 0.235534 0.24687 0.266478 0.290395 0.307907 0.306591 0.283418 0.247115 0.208551 0.173973 0.145251 0.122109 0.10362 0.0887899 0.0767298 0.0667163 0.0582624 0.0511591 0.0454534 0.041366 0.0391882 0.0391903 0.0415548 0.0463328 0.0534318 0.0626568 0.0737896 0.0866042 0.100655 0.114847 0.127199 0.135455 0.138539 0.137707 0.136437 0.13966 0.153463 0.18543 0.244935 0.341042 0.468164 0.554025 0.492541 0.368541 0.269419 0.206317 0.170751 0.153351 0.147121 0.14753 0.152133 0.160192 0.172189 0.188948 0.210491 0.235493 0.262634 0.293634 0.334707 0.392388 0.461163 0.506113 0.485736 0.421737 0.361805 0.322827 0.298085 0.273128 0.237786 0.192874 0.146361 
0.0443006 0.0571011 0.0708669 0.0842969 0.0956393 0.10296 0.104726 0.100561 0.0915672 0.0798184 0.0674331 0.055956 0.046231 0.038544 0.0328154 0.028758 0.0259994 0.0241798 0.023029 0.022421 0.022404 0.0232119 0.0252636 0.0291593 0.0356683 0.0456779 0.06004 0.0792067 0.102535 0.127298 0.148069 0.158122 0.153632 0.137021 0.115004 0.0938694 0.0770334 0.0652796 0.0578677 0.0534528 0.0506525 0.0483658 0.0459271 0.0431233 0.0400955 0.0371724 0.0347031 0.0329425 0.0320001 0.0318355 0.032276 0.0330501 0.0338444 0.0343963 0.0346036 0.034606 0.0347952 0.035759 0.038201 0.0428741 0.0505151 0.061731 0.0767868 0.0952859 0.115807 0.135673 0.151244 0.159225 0.158708 0.151998 0.142856 0.133905 0.125573 0.116835 0.106618 0.0947737 0.0821865 0.0702444 0.0602501 0.0531031 0.0492708 0.0489143 0.0520449 0.0586429 0.068697 0.0821167 0.0984474 0.116373 0.133264 0.145497 0.15019 0.147317 0.139855 0.131766 0.126284 0.125826 0.13279 0.150148 0.181401 0.230068 0.298814 0.387869 0.490194 0.578342 0.600844 0.542706 0.448492 0.355277 0.277683 0.220191 0.183249 0.165774 0.166782 0.186877 0.229884 0.304518 0.424017 0.590769 0.694117 0.561447 0.393577 0.276972 0.204691 0.161622 0.136321 0.121717 0.114267 0.112787 0.117214 0.127555 0.143116 0.162116 0.181827 0.199417 0.213275 0.224043 0.234741 0.250183 0.276283 0.319588 0.386575 0.481452 0.601201 0.731407 0.858371 0.997238 1.18036 1.21809 0.946971 0.741631 0.62674 0.582647 0.594145 0.640842 0.670665 0.621095 0.521473 0.43294 0.373566 0.336479 0.308721 0.28039 0.248755 0.217006 0.190307 0.173109 0.168625 0.179352 0.20756 0.255231 0.323116 0.408744 0.503669 0.592566 0.660735 0.708932 0.753542 0.807538 0.866757 0.911843 0.92025 0.877946 0.785424 0.659965 0.530453 0.421712 0.345485 0.303548 0.293634 0.313194 0.36068 0.4351 0.534765 0.656235 0.791454 0.913526 0.964169 0.930567 0.878807 0.821312 0.706459 0.558321 0.440718 0.372852 0.349085 0.357588 0.384463 0.414057 0.431474 0.428705 0.408718 0.381468 0.356528 0.339568 0.332278 0.333004 0.338059 0.344807 0.354573 0.371681 0.399813 0.440482 0.495542 0.571362 0.677082 0.794369 0.808919 0.699108 0.608634 0.58663 0.626925 0.710371 0.830616 1.01584 1.31029 1.72576 2.17521 2.25565 1.82473 1.34968 0.999064 0.773468 0.638883 0.568265 0.544345 0.55639 0.597448 0.660995 0.736371 0.807658 0.862574 0.904904 0.952823 1.02509 1.12532 1.2206 1.24343 1.17627 1.07911 0.999929 0.951877 0.935206 0.945138 0.973603 1.01258 1.05353 1.08258 1.0708 0.983883 0.833323 0.670702 0.533983 0.436356 0.377515 0.352197 0.353937 0.376025 0.410642 0.447683 0.477066 0.495399 0.509816 0.534233 0.581974 0.658037 0.748354 0.811137 0.810691 0.771079 0.73466 0.704416 0.649438 0.562123 0.471581 0.400763 0.357292 0.342402 0.354703 0.390269 0.443287 0.508838 0.585128 0.673072 0.778188 0.912238 1.08164 1.23242 1.17506 1.05823 1.05044 1.15726 1.32342 1.44771 1.47285 1.41299 1.2981 1.18377 1.02789 0.819994 0.632907 0.49614 0.406329 0.353929 0.331154 0.332702 0.353503 0.384985 0.412751 0.422488 0.413516 0.400013 0.396809 0.409934 0.435879 0.46437 0.483961 0.489017 0.482406 0.471647 0.463695 0.462583 0.469122 0.480693 0.491283 0.49363 0.483934 0.465409 0.447337 0.441115 0.456474 0.499062 0.567735 0.649001 0.718039 0.771153 0.846944 0.984076 1.17796 1.34266 1.31726 1.08115 0.808972 0.590566 0.434957 0.330322 0.26314 0.222945 0.203074 0.199989 0.211735 0.235638 0.265529 0.290544 0.299571 0.289655 0.266921 0.239403 0.212901 0.191283 0.177037 0.171175 0.173527 0.184027 0.204779 0.241829 0.305607 0.409305 0.55859 0.689787 0.620578 0.452168 0.31584 0.222246 0.160772 0.121703 0.0983501 0.0864376 0.0834241 0.0881276 0.100637 0.12245 0.156731 0.208317 0.281993 0.374195 0.449907 0.442017 0.357143 0.264148 0.194734 0.151537 0.12973 0.124459 0.132818 0.154689 0.19347 0.255953 0.348693 0.462109 0.532437 0.489115 0.397162 0.325225 0.283979 0.263736 0.252548 0.242416 0.231114 0.220726 0.214856 0.21639 0.225774 0.239288 0.248672 0.245167 0.226615 0.19884 0.169593 0.143658 0.122512 0.105783 0.0924675 0.0815329 0.0721462 0.0637571 0.0561177 0.0492545 0.0433926 0.0388535 0.0359612 0.0349784 0.0360788 0.0393454 0.0447924 0.0524022 0.0621498 0.0739492 0.0874549 0.101771 0.115332 0.126296 0.13342 0.136857 0.138446 0.141636 0.15132 0.173375 0.21335 0.27261 0.338743 0.375802 0.353567 0.294951 0.238268 0.199243 0.178056 0.170046 0.170139 0.174105 0.178902 0.182981 0.18653 0.191013 0.197975 0.208163 0.221941 0.240549 0.266319 0.300076 0.335929 0.35911 0.358025 0.340998 0.327493 0.327939 0.335861 0.330579 0.295071 0.236231 0.174022 
0.0605082 0.0794831 0.100298 0.120931 0.138474 0.149394 0.150591 0.141318 0.124202 0.103765 0.0839948 0.0671692 0.0540406 0.0444533 0.0378367 0.0334853 0.0307069 0.0289108 0.0276682 0.0267508 0.0261423 0.026023 0.0267361 0.0287452 0.0325838 0.0387803 0.0477188 0.0593926 0.0730433 0.0868184 0.0978232 0.10304 0.100964 0.0926679 0.0811322 0.0695313 0.0599806 0.0532779 0.0492259 0.0470732 0.0458807 0.0447991 0.0432646 0.0410965 0.0384693 0.0357789 0.0334709 0.0319015 0.0312639 0.0315639 0.0326227 0.0341016 0.035568 0.0366205 0.0370491 0.0369581 0.0367834 0.0372115 0.039074 0.0432887 0.0508497 0.062816 0.0802087 0.10369 0.132827 0.164823 0.193443 0.210645 0.212466 0.203063 0.190375 0.179354 0.170074 0.159894 0.14648 0.129601 0.111018 0.0932225 0.0782933 0.067453 0.0611598 0.0594101 0.0620398 0.0689453 0.0801901 0.0959204 0.115953 0.13891 0.161164 0.176882 0.180909 0.173053 0.158543 0.144035 0.134419 0.132711 0.141328 0.163003 0.200749 0.256704 0.329802 0.413007 0.491821 0.544156 0.546261 0.495823 0.417498 0.336185 0.265351 0.210691 0.173924 0.154994 0.153742 0.17143 0.212256 0.284548 0.399426 0.553706 0.643238 0.529544 0.374772 0.263091 0.192505 0.15007 0.125369 0.111787 0.105855 0.106203 0.112469 0.124324 0.140726 0.159536 0.177756 0.192604 0.203058 0.210844 0.220233 0.237193 0.268818 0.323244 0.409357 0.534377 0.694674 0.855831 0.961815 1.01917 1.05918 1.019 0.87318 0.728765 0.6327 0.58275 0.567325 0.568772 0.558889 0.514929 0.445954 0.377033 0.321589 0.279968 0.247279 0.218921 0.193085 0.170818 0.154767 0.148007 0.153623 0.174855 0.215323 0.27884 0.368294 0.482887 0.612898 0.73366 0.813952 0.851455 0.87742 0.915216 0.961887 0.998784 1.00974 0.982068 0.894135 0.745269 0.583048 0.450168 0.360128 0.311208 0.298133 0.316928 0.366266 0.446915 0.560085 0.705965 0.880851 1.0544 1.11233 1.00551 0.86755 0.745661 0.620748 0.496843 0.399857 0.342064 0.320949 0.327665 0.350778 0.377753 0.397415 0.403472 0.396375 0.381572 0.365864 0.35467 0.350843 0.354258 0.362666 0.374758 0.392943 0.421516 0.461687 0.509567 0.559711 0.610147 0.66076 0.698225 0.689911 0.640604 0.605915 0.623212 0.693366 0.788562 0.885614 1.0134 1.21997 1.52255 1.88725 1.96351 1.60581 1.22431 0.923963 0.719719 0.593786 0.526515 0.503146 0.513507 0.550483 0.608074 0.679264 0.7554 0.828747 0.896764 0.96471 1.04548 1.15223 1.27024 1.31045 1.21391 1.0852 0.990756 0.934383 0.908757 0.911569 0.943157 1.0012 1.0775 1.15325 1.18281 1.10642 0.934524 0.740987 0.578286 0.463133 0.39469 0.367107 0.374506 0.411113 0.467603 0.526505 0.567149 0.584053 0.592935 0.61702 0.677104 0.788067 0.94518 1.06854 1.0369 0.950477 0.916433 0.924551 0.856284 0.687841 0.530045 0.420175 0.355635 0.328651 0.332436 0.360826 0.407843 0.468543 0.540112 0.622354 0.717794 0.826341 0.930318 0.987608 0.972036 0.946402 0.99497 1.14585 1.35013 1.4742 1.51232 1.45163 1.23377 1.02243 0.841285 0.673769 0.530315 0.421156 0.34577 0.298961 0.275297 0.270093 0.278557 0.294498 0.310364 0.320357 0.324892 0.330723 0.345837 0.374263 0.413384 0.453458 0.480982 0.487644 0.477547 0.462581 0.452752 0.452377 0.461158 0.475747 0.490436 0.498027 0.4924 0.472737 0.446178 0.424887 0.419736 0.436198 0.473508 0.52591 0.588438 0.66864 0.791182 0.983349 1.24071 1.44083 1.36275 1.08397 0.7939 0.567909 0.410109 0.305826 0.239989 0.201402 0.182941 0.18059 0.191911 0.213939 0.240779 0.262749 0.270347 0.261266 0.241182 0.217671 0.196175 0.179962 0.170799 0.169062 0.173945 0.184633 0.202403 0.232167 0.281636 0.356885 0.449852 0.512157 0.478095 0.378582 0.279331 0.202891 0.149294 0.113747 0.0917396 0.0800107 0.0765663 0.0806026 0.0925671 0.114408 0.149982 0.205325 0.287408 0.395844 0.492225 0.483503 0.378821 0.270984 0.193104 0.144451 0.11816 0.108443 0.111872 0.127445 0.156289 0.200372 0.258687 0.319526 0.356509 0.351824 0.323043 0.29761 0.285846 0.282749 0.277636 0.263454 0.241498 0.218334 0.200213 0.190395 0.188766 0.19191 0.193895 0.189074 0.175817 0.157161 0.137691 0.120556 0.106786 0.0959855 0.0871759 0.0793728 0.0718823 0.0643978 0.0569655 0.0498763 0.0435385 0.0383669 0.0347106 0.0328223 0.0328625 0.0349273 0.0390887 0.0454306 0.0540565 0.0650259 0.078195 0.0930015 0.108329 0.122608 0.134186 0.141874 0.145664 0.147434 0.15106 0.16135 0.181898 0.212021 0.243367 0.260827 0.254665 0.231966 0.207929 0.192483 0.188082 0.192861 0.203188 0.214731 0.223053 0.224957 0.220371 0.212494 0.20541 0.201786 0.202686 0.208657 0.220223 0.236873 0.255446 0.270762 0.280593 0.290584 0.311848 0.35228 0.403928 0.428481 0.384777 0.295598 0.207308 
0.0817103 0.109772 0.141465 0.173911 0.202671 0.221474 0.223484 0.206336 0.175754 0.141315 0.11018 0.0853897 0.0672386 0.0548072 0.0468141 0.0419716 0.0391252 0.0373289 0.035903 0.0344702 0.0329535 0.0315295 0.0305474 0.0304363 0.031621 0.0344434 0.0390683 0.0453535 0.0527021 0.059985 0.0656943 0.0684328 0.0675749 0.0636367 0.0580186 0.0523258 0.0477647 0.0448887 0.0436374 0.0435111 0.043785 0.0437355 0.0428597 0.0410251 0.0384811 0.0357289 0.0333293 0.0317407 0.0312308 0.0318433 0.0333934 0.035485 0.0375819 0.0391582 0.0399028 0.0398801 0.0395557 0.0396987 0.041266 0.0453704 0.0533476 0.066872 0.0880131 0.119018 0.161306 0.212764 0.263268 0.294448 0.294886 0.274937 0.25301 0.23789 0.227734 0.216256 0.198656 0.174652 0.147639 0.121909 0.10062 0.0853074 0.0762644 0.0731279 0.0753593 0.0825841 0.0947874 0.11228 0.135212 0.162368 0.189407 0.208313 0.211371 0.198222 0.176715 0.156277 0.143196 0.140879 0.151808 0.17889 0.225516 0.293762 0.379627 0.466166 0.525369 0.539183 0.51082 0.453378 0.382252 0.310659 0.247295 0.196972 0.161791 0.142274 0.138581 0.151692 0.184243 0.240246 0.320965 0.409757 0.449476 0.397487 0.305555 0.225595 0.169722 0.134307 0.113391 0.102419 0.0987639 0.101272 0.109495 0.122896 0.140189 0.159023 0.17631 0.189411 0.197757 0.203784 0.212601 0.231056 0.267217 0.330552 0.432249 0.58398 0.788683 0.997785 1.06908 1.02101 0.958444 0.882931 0.788728 0.699843 0.631932 0.584186 0.552009 0.527269 0.497398 0.453959 0.399859 0.344131 0.293318 0.249663 0.213068 0.182812 0.158568 0.140881 0.13119 0.131684 0.145297 0.175906 0.228528 0.309112 0.42314 0.571742 0.743612 0.903118 0.997095 1.01999 1.02461 1.04637 1.08422 1.12135 1.15123 1.17194 1.10621 0.885569 0.652947 0.482698 0.375831 0.319968 0.304069 0.321253 0.369039 0.448336 0.561266 0.708608 0.884767 1.05303 1.09815 0.972716 0.804115 0.656791 0.532966 0.430935 0.356804 0.314814 0.303277 0.31608 0.344201 0.376904 0.403983 0.418741 0.419837 0.410808 0.397542 0.38564 0.379107 0.379795 0.387992 0.40499 0.435012 0.482219 0.543862 0.607153 0.656085 0.680952 0.681174 0.662085 0.629862 0.599147 0.595662 0.639468 0.728741 0.829737 0.907801 0.989132 1.11755 1.29574 1.46353 1.48104 1.30621 1.06215 0.840354 0.673496 0.563634 0.502787 0.481776 0.492998 0.530895 0.591367 0.670482 0.762848 0.860354 0.952755 1.03255 1.10752 1.2106 1.37108 1.46092 1.28445 1.11912 1.02426 0.969713 0.933472 0.918749 0.937213 0.994398 1.08826 1.20335 1.28172 1.22416 1.03322 0.811014 0.624562 0.493909 0.417496 0.388609 0.401944 0.453571 0.534538 0.61894 0.668021 0.674571 0.671397 0.690313 0.753665 0.885475 1.11619 1.40987 1.23715 1.07817 1.06727 1.20425 1.15448 0.821839 0.59156 0.44662 0.362581 0.323489 0.318722 0.340269 0.381052 0.434502 0.495453 0.561667 0.633305 0.706442 0.765175 0.791917 0.795331 0.818124 0.913471 1.12484 1.45742 1.53768 1.44602 1.33409 1.10581 0.883364 0.705702 0.562213 0.447056 0.359007 0.295997 0.254648 0.23123 0.222034 0.223216 0.230662 0.240521 0.250715 0.262513 0.280479 0.310466 0.35675 0.418465 0.484298 0.529823 0.534738 0.509191 0.479599 0.461955 0.459464 0.469314 0.48689 0.506501 0.520271 0.518517 0.49561 0.457606 0.419648 0.395342 0.391089 0.407237 0.441999 0.496529 0.579881 0.709653 0.903309 1.14991 1.32569 1.22749 0.971573 0.715896 0.514287 0.371619 0.276784 0.217022 0.182312 0.165958 0.16388 0.173342 0.191272 0.212566 0.229799 0.236146 0.229844 0.214781 0.196742 0.18037 0.168616 0.163002 0.163638 0.169356 0.178756 0.192167 0.212828 0.245299 0.290669 0.339209 0.366095 0.34878 0.295653 0.232967 0.1778 0.135395 0.105389 0.0858382 0.0748424 0.0711166 0.0742118 0.0847024 0.10444 0.136828 0.186736 0.25861 0.348207 0.421182 0.414878 0.334951 0.245148 0.176155 0.13094 0.104982 0.0936094 0.0937216 0.103883 0.123822 0.153261 0.189783 0.226576 0.253843 0.267081 0.273182 0.283417 0.302132 0.321623 0.325848 0.30512 0.266911 0.226288 0.193405 0.171539 0.159605 0.154116 0.150567 0.145151 0.136464 0.125695 0.1151 0.106321 0.0997229 0.0946239 0.089885 0.0844967 0.077956 0.0703401 0.0621389 0.0540078 0.0465769 0.0403544 0.0357003 0.03284 0.0319012 0.0329641 0.0361168 0.0415008 0.0493252 0.059819 0.0731034 0.0889918 0.10676 0.12495 0.141307 0.153147 0.158517 0.157865 0.154642 0.153737 0.15877 0.169898 0.183112 0.192221 0.193697 0.190076 0.187618 0.191598 0.204138 0.22449 0.249717 0.274636 0.291692 0.293669 0.279752 0.257191 0.234841 0.217465 0.205892 0.199681 0.198689 0.202796 0.211135 0.222582 0.238005 0.262572 0.305738 0.377402 0.473918 0.537421 0.476494 0.346809 0.232246 
0.106925 0.147054 0.193781 0.243357 0.289994 0.323784 0.329682 0.299979 0.247371 0.191883 0.145123 0.110062 0.0856997 0.0699048 0.0604561 0.0553108 0.0526779 0.0510884 0.0494824 0.047276 0.0443595 0.0410072 0.0377149 0.0350224 0.0333791 0.0330687 0.0341694 0.0365209 0.039696 0.0430197 0.0456936 0.0470425 0.0467903 0.0451973 0.0429473 0.0408563 0.0395748 0.0394092 0.0402763 0.0417532 0.0431985 0.0439419 0.043514 0.0418278 0.0392102 0.0362642 0.0336543 0.031926 0.0314091 0.032183 0.0340682 0.0366408 0.0393028 0.0414462 0.0426817 0.0430214 0.0429129 0.0431408 0.0447268 0.0489447 0.0574746 0.0726526 0.097741 0.137022 0.195033 0.272933 0.358047 0.412169 0.404044 0.361412 0.324533 0.305246 0.296276 0.284922 0.26257 0.229267 0.191284 0.155626 0.126816 0.106605 0.0949013 0.0907345 0.0929217 0.100517 0.113125 0.130974 0.154426 0.182545 0.21085 0.230278 0.231701 0.214743 0.188895 0.165187 0.150673 0.149021 0.162984 0.196179 0.253664 0.340477 0.454862 0.569757 0.621536 0.585169 0.509172 0.428649 0.353109 0.285205 0.227134 0.180955 0.147933 0.128436 0.122447 0.130193 0.152369 0.189177 0.2369 0.281711 0.299266 0.276503 0.229409 0.181269 0.14352 0.117864 0.102389 0.0948549 0.0937754 0.0984341 0.108438 0.123112 0.140967 0.15951 0.175716 0.187273 0.194098 0.199116 0.20788 0.22766 0.266918 0.335424 0.444459 0.605432 0.820609 1.03684 1.08487 0.989121 0.884295 0.796148 0.725061 0.670687 0.625922 0.583175 0.543385 0.507503 0.471447 0.431856 0.388439 0.341647 0.292563 0.244387 0.201294 0.166149 0.140079 0.123461 0.116943 0.122046 0.141556 0.17988 0.243376 0.340232 0.478708 0.661136 0.870875 1.05894 1.16365 1.18431 1.18122 1.1949 1.22635 1.25728 1.29249 1.38375 1.45066 1.01637 0.699949 0.500741 0.384233 0.325834 0.309129 0.3241 0.366206 0.435178 0.532323 0.656273 0.795379 0.910723 0.932256 0.839382 0.698535 0.565479 0.456944 0.375027 0.320679 0.294406 0.294588 0.316892 0.354135 0.396705 0.434293 0.458573 0.465978 0.459135 0.444421 0.428165 0.415434 0.410045 0.415289 0.43615 0.480405 0.5544 0.652297 0.747554 0.807717 0.813763 0.763939 0.688781 0.623378 0.586542 0.589448 0.63779 0.72361 0.817537 0.892026 0.961312 1.05148 1.15697 1.23534 1.22955 1.12393 0.960835 0.793087 0.653833 0.555697 0.499067 0.479496 0.491979 0.532775 0.599648 0.690893 0.803073 0.927444 1.04689 1.136 1.18347 1.2352 1.33877 1.39282 1.26667 1.15584 1.11447 1.08651 1.03009 0.977999 0.965008 1.00142 1.08983 1.22188 1.33975 1.31344 1.11807 0.873027 0.666859 0.524642 0.442814 0.412732 0.428922 0.489268 0.587344 0.692889 0.748176 0.745216 0.736022 0.751836 0.803729 0.909794 1.09275 1.27968 1.18979 1.07597 1.08451 1.20466 1.15286 0.858661 0.62472 0.46766 0.372256 0.324594 0.313894 0.331502 0.369055 0.417123 0.466392 0.511623 0.552913 0.589895 0.616884 0.630754 0.644336 0.686656 0.792692 0.993259 1.27067 1.33401 1.22323 1.09912 0.931609 0.75568 0.603619 0.480825 0.384331 0.31069 0.256912 0.220201 0.19775 0.186648 0.183945 0.186923 0.193672 0.203904 0.219647 0.245375 0.287501 0.353316 0.447964 0.563192 0.650176 0.642213 0.574328 0.514589 0.483287 0.476617 0.486253 0.505324 0.528071 0.546232 0.546837 0.519517 0.469953 0.417183 0.377647 0.358372 0.35991 0.381307 0.424161 0.494795 0.602738 0.752092 0.918752 1.01653 0.954631 0.782127 0.594241 0.437594 0.322528 0.244354 0.194703 0.166026 0.152808 0.151388 0.159121 0.173193 0.189575 0.203022 0.208898 0.205656 0.195365 0.181898 0.169005 0.159464 0.154832 0.155261 0.159595 0.166284 0.175035 0.187677 0.206676 0.23165 0.256107 0.268161 0.258569 0.229361 0.190992 0.15332 0.12164 0.0975846 0.0809683 0.0710442 0.0671692 0.0691529 0.0774884 0.0935264 0.119492 0.157923 0.209418 0.2668 0.307534 0.303806 0.257922 0.199157 0.148761 0.112997 0.0910377 0.0804008 0.0789884 0.0855333 0.099355 0.119696 0.144847 0.171759 0.19736 0.221571 0.248986 0.286118 0.33471 0.382475 0.399837 0.367449 0.304982 0.242308 0.193441 0.160199 0.139689 0.127812 0.120634 0.115242 0.110335 0.106116 0.103428 0.102743 0.10358 0.10454 0.103861 0.100231 0.0933853 0.0840798 0.0735748 0.0630918 0.0535484 0.045537 0.0393979 0.0352973 0.0332947 0.0334117 0.0357049 0.0403308 0.0475809 0.0578545 0.071545 0.0888147 0.109243 0.131363 0.152258 0.167772 0.174126 0.170627 0.160869 0.150634 0.144499 0.143971 0.147695 0.153161 0.159019 0.166453 0.178512 0.198313 0.227636 0.266336 0.31187 0.357778 0.391122 0.395693 0.368496 0.326288 0.286791 0.256183 0.232832 0.21436 0.20076 0.193405 0.193256 0.200675 0.216854 0.245674 0.294637 0.372658 0.476703 0.547109 0.48401 0.349313 0.232236 
0.133175 0.187171 0.251685 0.321973 0.391984 0.449786 0.465692 0.417425 0.333047 0.251031 0.186479 0.140266 0.109332 0.0902279 0.0797717 0.0750447 0.0733972 0.0725804 0.0709469 0.0676154 0.0625045 0.0561765 0.0495173 0.0433905 0.0384106 0.0348809 0.0328308 0.0320786 0.0322837 0.0330013 0.0337682 0.0342235 0.034224 0.0338933 0.033564 0.0336389 0.0344348 0.0360637 0.0383725 0.0409434 0.0431686 0.0444126 0.0442391 0.0426016 0.0398815 0.0367469 0.0339267 0.0320231 0.0314119 0.0322089 0.034262 0.0371639 0.0403201 0.0431074 0.0450955 0.046225 0.0468437 0.0476319 0.0495529 0.0539382 0.0627159 0.0787506 0.106273 0.151317 0.221621 0.323599 0.447751 0.532685 0.509081 0.43873 0.390113 0.372329 0.369681 0.361493 0.334662 0.290441 0.239535 0.19263 0.155825 0.130942 0.117282 0.113025 0.116034 0.124374 0.136804 0.153086 0.173582 0.197689 0.221486 0.236794 0.235468 0.217407 0.19157 0.168512 0.155232 0.155609 0.172771 0.211145 0.277843 0.382941 0.535332 0.71431 0.777526 0.658846 0.52067 0.411828 0.32762 0.26029 0.20601 0.163736 0.133329 0.114566 0.107022 0.11023 0.123601 0.145622 0.172169 0.194976 0.203775 0.193889 0.170756 0.144213 0.121268 0.104645 0.094543 0.0903793 0.0916597 0.0981359 0.109535 0.125088 0.143102 0.160937 0.175675 0.185452 0.190765 0.194969 0.203798 0.224527 0.265412 0.335492 0.443902 0.596253 0.781899 0.944425 0.988793 0.918556 0.815871 0.727434 0.667109 0.630191 0.599643 0.563049 0.52427 0.489967 0.460824 0.435191 0.40854 0.372112 0.321149 0.262436 0.207508 0.163611 0.132793 0.114753 0.109142 0.116735 0.140036 0.183742 0.255232 0.364721 0.523673 0.737087 0.981734 1.18668 1.2961 1.3333 1.34291 1.35926 1.38674 1.38377 1.35318 1.35137 1.28596 0.962392 0.674872 0.487294 0.378282 0.325341 0.311477 0.324894 0.359014 0.412084 0.484425 0.573308 0.666234 0.734506 0.741899 0.680092 0.580592 0.479257 0.394607 0.332741 0.29537 0.282818 0.294042 0.325878 0.372323 0.424573 0.472191 0.505108 0.517425 0.511506 0.49515 0.475457 0.457644 0.446185 0.446554 0.467859 0.523437 0.626012 0.772278 0.918486 1.00979 1.01704 0.903899 0.756371 0.650309 0.597864 0.595249 0.636154 0.70878 0.793887 0.8771 0.963043 1.05959 1.15349 1.21002 1.1965 1.10722 0.96578 0.81052 0.674948 0.576145 0.517455 0.496009 0.507872 0.550179 0.621342 0.720111 0.843553 0.983431 1.12125 1.21681 1.22727 1.20607 1.21368 1.21751 1.18912 1.19441 1.27664 1.32609 1.20608 1.08854 1.03279 1.03269 1.08999 1.20245 1.32724 1.3489 1.17342 0.91374 0.697422 0.551958 0.469486 0.438481 0.451831 0.506959 0.598422 0.699182 0.757877 0.770466 0.784726 0.81517 0.846971 0.88842 0.957454 1.0157 1.00549 0.98127 1.00674 1.0545 1.0077 0.834345 0.63796 0.483091 0.38222 0.329367 0.315589 0.332534 0.370925 0.417809 0.457775 0.48173 0.492645 0.497718 0.500453 0.504057 0.518387 0.560301 0.647249 0.784135 0.931981 0.999519 0.975458 0.902129 0.788786 0.655259 0.528335 0.421883 0.337925 0.273926 0.226819 0.193957 0.172912 0.161262 0.156686 0.157321 0.162274 0.17216 0.189554 0.219368 0.269312 0.350675 0.478832 0.6669 0.856784 0.798304 0.644359 0.546924 0.503217 0.49363 0.502388 0.520013 0.54086 0.557322 0.555836 0.524399 0.468455 0.408275 0.360959 0.333388 0.325761 0.336579 0.365925 0.41639 0.490792 0.585268 0.677617 0.722893 0.685996 0.584142 0.462778 0.354168 0.270486 0.212076 0.174744 0.15362 0.144688 0.145067 0.152588 0.165011 0.179315 0.191668 0.198468 0.197856 0.190463 0.178849 0.166292 0.155698 0.148904 0.146334 0.147131 0.149965 0.154298 0.160998 0.171309 0.18472 0.197488 0.2036 0.198389 0.181884 0.158361 0.133139 0.110146 0.0914259 0.0776797 0.06893 0.0650073 0.0658703 0.0718163 0.0835797 0.102197 0.128344 0.160667 0.193086 0.213684 0.211267 0.186755 0.152293 0.119613 0.0944284 0.0779384 0.0694708 0.068024 0.0728387 0.0834179 0.0992735 0.11965 0.143597 0.17075 0.202632 0.243411 0.298759 0.370952 0.445811 0.477258 0.429765 0.341258 0.258547 0.196767 0.15499 0.128416 0.11233 0.103067 0.0982427 0.0967469 0.0984412 0.103502 0.111616 0.121325 0.129889 0.134039 0.131549 0.12251 0.109042 0.0938453 0.0790297 0.0658399 0.0548952 0.0464597 0.0405964 0.037248 0.0363154 0.0377528 0.0416663 0.0483786 0.0584205 0.0724087 0.0907688 0.113261 0.138319 0.162427 0.180297 0.186871 0.180799 0.166039 0.149291 0.136062 0.128879 0.127802 0.131919 0.140836 0.155526 0.178248 0.211762 0.258261 0.318181 0.388846 0.462187 0.518881 0.527317 0.479998 0.413546 0.358779 0.31938 0.286451 0.254225 0.22496 0.203829 0.193846 0.19538 0.208045 0.232794 0.272905 0.331394 0.399392 0.435325 0.391469 0.296671 0.204741 
0.155207 0.221673 0.302293 0.390542 0.480313 0.562037 0.592281 0.526262 0.413233 0.310007 0.231185 0.175227 0.138226 0.116399 0.105992 0.103136 0.103983 0.105074 0.103817 0.0988663 0.0902759 0.0792489 0.0674969 0.0565325 0.0472817 0.0400793 0.0348557 0.0313299 0.0291363 0.0278972 0.0272758 0.0270276 0.0270425 0.0273529 0.0280965 0.0294387 0.031483 0.0341922 0.0373373 0.0404887 0.0430711 0.0445036 0.0444044 0.0427664 0.039992 0.0367592 0.0338075 0.0317572 0.0310135 0.0317328 0.0338168 0.0369276 0.0405483 0.0441172 0.0472081 0.0496668 0.0516391 0.0535414 0.0561036 0.0605542 0.0689015 0.0842566 0.111215 0.156279 0.227841 0.333343 0.464499 0.557455 0.536734 0.470879 0.432604 0.429381 0.441084 0.440498 0.410305 0.354199 0.289143 0.230517 0.186099 0.15756 0.143388 0.140743 0.146247 0.156437 0.168567 0.181519 0.195687 0.211157 0.225333 0.232414 0.22693 0.209278 0.186394 0.166769 0.156581 0.159641 0.179146 0.219577 0.288357 0.396943 0.558726 0.763387 0.832676 0.668609 0.504948 0.385523 0.298996 0.233969 0.183957 0.146025 0.118897 0.101769 0.093868 0.0943341 0.102042 0.115143 0.130438 0.14326 0.148901 0.145316 0.134461 0.120577 0.107507 0.0975104 0.0915432 0.089945 0.0929076 0.10057 0.112795 0.128752 0.146554 0.163359 0.176297 0.183946 0.187457 0.190646 0.199318 0.220483 0.261872 0.331606 0.437114 0.580969 0.748903 0.890298 0.931777 0.864708 0.756259 0.661939 0.60061 0.566511 0.54149 0.512823 0.483539 0.46157 0.451048 0.452014 0.454617 0.434698 0.376813 0.29833 0.225146 0.169248 0.131949 0.111162 0.105085 0.11355 0.138553 0.184662 0.259524 0.374303 0.542894 0.77535 1.05075 1.27343 1.3926 1.47621 1.5136 1.52287 1.55977 1.48634 1.31828 1.16805 1.00474 0.79145 0.589304 0.44386 0.35696 0.316563 0.309054 0.322538 0.349063 0.385895 0.433234 0.489055 0.544308 0.581656 0.582929 0.544123 0.47982 0.410312 0.350067 0.306572 0.283379 0.282156 0.302926 0.343183 0.396962 0.455146 0.507197 0.543063 0.556867 0.55185 0.537062 0.519518 0.502536 0.488161 0.481776 0.496305 0.551019 0.665184 0.841474 1.0274 1.15795 1.21022 1.02767 0.817311 0.686505 0.626431 0.620794 0.655927 0.719345 0.801367 0.899759 1.01996 1.16166 1.29761 1.37407 1.35577 1.25046 1.08324 0.898454 0.740425 0.627528 0.559971 0.53261 0.540683 0.580806 0.650095 0.745039 0.860519 0.987934 1.11038 1.18953 1.18356 1.13722 1.11105 1.10991 1.13469 1.22143 1.43013 1.68866 1.37849 1.21968 1.13867 1.09483 1.10133 1.16692 1.26509 1.30549 1.15462 0.910759 0.709304 0.57542 0.500273 0.470704 0.476697 0.513148 0.575209 0.646953 0.704761 0.753635 0.823519 0.901399 0.913558 0.873889 0.852982 0.855275 0.863916 0.889942 0.952206 1.02877 1.02238 0.865852 0.662461 0.498764 0.391702 0.335045 0.319607 0.337199 0.37819 0.4266 0.460286 0.465903 0.451122 0.431351 0.415934 0.409782 0.418896 0.451475 0.514061 0.603624 0.698698 0.766959 0.792047 0.768993 0.694544 0.586579 0.475295 0.379373 0.303559 0.246141 0.204053 0.174529 0.15517 0.143769 0.13839 0.137678 0.141268 0.15017 0.167133 0.197102 0.24799 0.332041 0.467682 0.678226 0.929047 0.83494 0.650719 0.54821 0.506583 0.499659 0.50829 0.521862 0.535397 0.543104 0.534468 0.500586 0.446512 0.389196 0.343301 0.314824 0.303517 0.307035 0.323765 0.353573 0.396006 0.44607 0.489789 0.506192 0.481422 0.422046 0.348438 0.279035 0.22348 0.184107 0.159398 0.146577 0.14302 0.146779 0.156445 0.170547 0.186839 0.201976 0.212057 0.214023 0.207161 0.19355 0.176985 0.16124 0.14882 0.140576 0.136014 0.134103 0.134223 0.136602 0.141713 0.149074 0.156488 0.160586 0.158533 0.149636 0.135506 0.1189 0.102445 0.0880179 0.0767107 0.0690245 0.0651103 0.06499 0.0687364 0.0765535 0.0886532 0.104782 0.123325 0.140384 0.150185 0.148173 0.134753 0.115047 0.0949926 0.0784937 0.067189 0.0613818 0.0608954 0.0655316 0.075208 0.089915 0.109646 0.134473 0.164907 0.202497 0.250331 0.312586 0.390697 0.470245 0.502781 0.450142 0.354637 0.266274 0.200104 0.154641 0.124898 0.106425 0.0961296 0.0922578 0.0941586 0.101893 0.115608 0.134657 0.156561 0.176338 0.187478 0.185447 0.17106 0.149448 0.12603 0.104133 0.0851851 0.0696691 0.0577096 0.0492397 0.0440341 0.0417825 0.0422269 0.0453159 0.0513149 0.0608091 0.0745507 0.0931081 0.116282 0.142332 0.167329 0.185476 0.19138 0.183658 0.166425 0.146613 0.130062 0.119842 0.116789 0.120827 0.132184 0.152167 0.183429 0.22967 0.294532 0.379092 0.477844 0.576089 0.648351 0.653292 0.583537 0.500341 0.444379 0.410029 0.372825 0.321947 0.269155 0.228741 0.205959 0.199467 0.205716 0.221712 0.246149 0.277453 0.307195 0.315114 0.284486 0.22597 0.163826 
0.166909 0.239785 0.328143 0.423005 0.515859 0.59849 0.631795 0.573147 0.466456 0.363492 0.279068 0.215499 0.172749 0.148896 0.140199 0.141632 0.147544 0.152547 0.152496 0.145262 0.131178 0.112738 0.0932659 0.0754174 0.060541 0.0488988 0.0401679 0.0338333 0.0293885 0.0264077 0.0245614 0.0236202 0.0234533 0.0240153 0.0253125 0.0273514 0.0300803 0.0333395 0.0368301 0.0401151 0.0426712 0.044005 0.0438177 0.0421441 0.0393768 0.0361528 0.0331713 0.0310358 0.0301656 0.0307631 0.0328105 0.0360876 0.0402217 0.0447833 0.049394 0.0537882 0.0578091 0.061432 0.0649459 0.0692887 0.0763749 0.0892836 0.112346 0.151134 0.211767 0.297336 0.39637 0.467006 0.473303 0.451013 0.447921 0.474171 0.510906 0.524491 0.491238 0.419787 0.33786 0.266936 0.215808 0.185243 0.172608 0.173993 0.184604 0.198817 0.211437 0.220045 0.225604 0.229779 0.231872 0.228668 0.217398 0.199096 0.17881 0.162723 0.155693 0.160938 0.181053 0.219354 0.280979 0.372583 0.49635 0.624475 0.659836 0.566629 0.443845 0.341456 0.263776 0.205406 0.161383 0.128672 0.105585 0.0910409 0.0841305 0.0839033 0.0891747 0.0982736 0.108846 0.118028 0.123231 0.123245 0.118731 0.111645 0.104168 0.0980214 0.0943735 0.0940309 0.0976102 0.105525 0.117756 0.133446 0.150553 0.166036 0.177003 0.182389 0.183951 0.185931 0.194103 0.215058 0.255915 0.324238 0.427716 0.572537 0.756424 0.939094 0.984713 0.85888 0.70867 0.595628 0.525388 0.486524 0.462377 0.442022 0.426053 0.421044 0.433634 0.467048 0.508615 0.512168 0.441551 0.336242 0.24302 0.175767 0.13278 0.109478 0.102511 0.110757 0.135535 0.180786 0.253357 0.363234 0.522769 0.740976 1.00014 1.22193 1.38691 1.59844 1.68629 1.58608 1.60938 1.46184 1.18783 0.972845 0.793828 0.629304 0.488267 0.385609 0.324505 0.299046 0.299249 0.314196 0.335521 0.360124 0.388644 0.42081 0.451935 0.472856 0.474195 0.452903 0.414744 0.370296 0.329705 0.300504 0.287929 0.295592 0.325112 0.374363 0.435402 0.495337 0.54213 0.56956 0.577501 0.572101 0.56249 0.554159 0.546019 0.533242 0.517729 0.515954 0.552014 0.645377 0.795696 0.958508 1.08008 1.12189 0.990316 0.822603 0.714319 0.667919 0.671093 0.709281 0.769896 0.851381 0.965731 1.13067 1.35336 1.58984 1.7154 1.66795 1.51433 1.28366 1.03733 0.841781 0.708894 0.629232 0.593055 0.594391 0.628793 0.690223 0.770159 0.859473 0.949606 1.02875 1.07563 1.07475 1.05092 1.04042 1.0572 1.10812 1.20707 1.36105 1.46484 1.39258 1.3281 1.26708 1.17924 1.13025 1.13979 1.17532 1.16755 1.04837 0.8669 0.707958 0.600614 0.542629 0.520722 0.519431 0.530178 0.553452 0.589592 0.637836 0.710651 0.831253 0.974792 0.971207 0.856998 0.784082 0.764788 0.784263 0.840609 0.94562 1.10927 1.21068 0.957328 0.693815 0.511444 0.398336 0.338955 0.321726 0.338051 0.378161 0.424822 0.452627 0.446162 0.416029 0.382004 0.355876 0.342607 0.34557 0.368331 0.413071 0.477287 0.551547 0.621702 0.671594 0.679801 0.630503 0.538889 0.437855 0.348935 0.278659 0.226045 0.188018 0.161539 0.144009 0.133234 0.127487 0.125722 0.12784 0.134939 0.149551 0.175952 0.220585 0.292332 0.400909 0.545222 0.667037 0.65392 0.568278 0.507437 0.48492 0.486657 0.496868 0.506143 0.51085 0.507783 0.491314 0.457587 0.411335 0.36444 0.327459 0.304727 0.295176 0.295334 0.302106 0.314081 0.330569 0.348924 0.362483 0.362232 0.34264 0.306394 0.262557 0.220712 0.187049 0.163882 0.150891 0.146577 0.149368 0.158247 0.17278 0.192494 0.215815 0.239075 0.256497 0.26211 0.253227 0.232519 0.206173 0.180204 0.158306 0.141745 0.130186 0.122683 0.118476 0.117312 0.11913 0.12339 0.128637 0.132709 0.133548 0.130058 0.122432 0.111876 0.100067 0.0886775 0.0790606 0.0720854 0.0681347 0.0672296 0.0692079 0.0738607 0.0809237 0.0898527 0.0994279 0.107491 0.111362 0.109153 0.101085 0.0894373 0.0771933 0.0667662 0.0595896 0.0563517 0.0573888 0.0629844 0.0735212 0.0895085 0.111527 0.140138 0.175804 0.218915 0.26994 0.329213 0.394247 0.451104 0.467446 0.422703 0.34365 0.266077 0.204596 0.160092 0.129447 0.109596 0.098593 0.0956601 0.100969 0.115283 0.139359 0.172865 0.212597 0.250303 0.272951 0.270383 0.245201 0.209446 0.17328 0.141049 0.113713 0.0913768 0.074093 0.0617435 0.0538965 0.049895 0.0490961 0.0511307 0.0560809 0.0644902 0.0771527 0.0946688 0.116779 0.141579 0.165017 0.181479 0.186128 0.177986 0.160924 0.141259 0.124477 0.113782 0.11048 0.115077 0.128356 0.152233 0.190382 0.248463 0.333271 0.448453 0.582311 0.69473 0.744086 0.717944 0.636502 0.562492 0.533476 0.531838 0.499955 0.417013 0.326592 0.260219 0.222237 0.206556 0.20524 0.211455 0.220683 0.229959 0.234697 0.227242 0.202514 0.164755 0.12405 
0.164683 0.235001 0.318931 0.406716 0.488271 0.555877 0.589149 0.567543 0.504766 0.422595 0.33666 0.263249 0.212831 0.187162 0.182384 0.191651 0.206523 0.218583 0.221245 0.210981 0.188479 0.15868 0.127917 0.100648 0.0785851 0.0616051 0.0488609 0.0394379 0.0325958 0.0277946 0.0246521 0.0229009 0.0223572 0.0228941 0.0244073 0.0267742 0.0298131 0.0332549 0.0367367 0.0398232 0.0420611 0.0430697 0.0426541 0.0408953 0.0381592 0.0350109 0.0320765 0.0299182 0.0289582 0.0294484 0.0314705 0.0349553 0.0397215 0.0455236 0.052073 0.0589956 0.0657595 0.0717364 0.0765598 0.0806945 0.0858439 0.0949274 0.111745 0.140473 0.184569 0.243862 0.3092 0.361277 0.389054 0.409094 0.447196 0.51337 0.591384 0.632787 0.591352 0.490597 0.384044 0.299334 0.242696 0.21205 0.203129 0.2111 0.229904 0.25122 0.26615 0.270464 0.266798 0.259529 0.249702 0.235683 0.216665 0.194719 0.174121 0.159395 0.15395 0.159897 0.178594 0.211389 0.260078 0.325698 0.402846 0.468532 0.483719 0.436968 0.360873 0.286123 0.224141 0.175915 0.139462 0.112753 0.0943349 0.0831989 0.0785357 0.0795315 0.0851712 0.0940435 0.10425 0.113585 0.120066 0.12259 0.121265 0.117184 0.111875 0.106846 0.103407 0.102652 0.105463 0.112415 0.123554 0.138015 0.153697 0.167488 0.17652 0.179976 0.179969 0.180906 0.188324 0.20822 0.246959 0.311525 0.410171 0.554118 0.760843 1.0513 1.14124 0.855525 0.653126 0.524638 0.448341 0.406146 0.382921 0.369507 0.364767 0.373308 0.402132 0.45611 0.522596 0.543164 0.466442 0.348333 0.247086 0.175932 0.131248 0.107245 0.0998307 0.107295 0.1303 0.171813 0.237012 0.332918 0.466835 0.641026 0.840058 1.02897 1.21423 1.46022 1.55508 1.39684 1.31583 1.17328 0.961802 0.773541 0.620364 0.49458 0.395304 0.325678 0.286362 0.27368 0.28031 0.297047 0.316188 0.334634 0.35324 0.373312 0.393876 0.410989 0.419108 0.414014 0.395608 0.368633 0.340743 0.319865 0.313086 0.326681 0.365237 0.428171 0.503398 0.565656 0.595245 0.597202 0.586828 0.575328 0.570154 0.57378 0.579193 0.571141 0.544837 0.520664 0.527122 0.580691 0.676986 0.786701 0.873034 0.904466 0.861642 0.788587 0.73542 0.720627 0.745183 0.796462 0.858225 0.935524 1.05798 1.26177 1.58053 1.99084 2.15499 1.99336 1.76235 1.47187 1.18059 0.963637 0.819755 0.730305 0.683757 0.676391 0.704567 0.757696 0.818401 0.872181 0.914884 0.946776 0.965325 0.970891 0.975767 0.995541 1.03891 1.10755 1.19196 1.27119 1.31808 1.33632 1.36636 1.34391 1.24088 1.1694 1.14764 1.13146 1.07522 0.964952 0.829995 0.712712 0.636766 0.605512 0.603628 0.600888 0.580124 0.556882 0.552272 0.577242 0.641804 0.754474 0.878582 0.880726 0.788249 0.727018 0.720505 0.758677 0.832928 0.946128 1.1105 1.21596 0.952851 0.689747 0.510573 0.399523 0.340095 0.320517 0.331961 0.364505 0.40188 0.421761 0.411098 0.378801 0.342501 0.313757 0.29762 0.296546 0.312406 0.346389 0.397857 0.463107 0.533898 0.593988 0.617361 0.584253 0.505748 0.412906 0.32901 0.26268 0.21383 0.179337 0.155738 0.140056 0.129956 0.123808 0.120782 0.120953 0.12537 0.136122 0.156409 0.190474 0.242857 0.315361 0.398779 0.462872 0.477235 0.457885 0.441132 0.441211 0.453041 0.466053 0.473155 0.472096 0.46204 0.441656 0.41118 0.375305 0.342092 0.318411 0.306522 0.30378 0.304771 0.304656 0.301775 0.297322 0.29246 0.285961 0.274705 0.256451 0.232145 0.205681 0.18176 0.163913 0.153763 0.151284 0.155549 0.16561 0.181265 0.203297 0.232739 0.269071 0.307892 0.33955 0.351744 0.337731 0.302638 0.258671 0.216204 0.18048 0.152801 0.132514 0.118387 0.109356 0.104755 0.104125 0.10683 0.111741 0.117226 0.121447 0.122802 0.120353 0.114125 0.105163 0.0952054 0.0860709 0.0790906 0.07486 0.0733159 0.0739931 0.0762967 0.0796638 0.0835422 0.0872206 0.0897008 0.0898636 0.0869791 0.08121 0.0736482 0.0658542 0.0593127 0.0551553 0.0541808 0.0570293 0.0643768 0.0770779 0.0962132 0.122986 0.158385 0.202565 0.254086 0.309476 0.36356 0.409637 0.437578 0.433877 0.394042 0.33287 0.270322 0.217106 0.175456 0.144371 0.122717 0.110193 0.107392 0.115664 0.136908 0.173076 0.224956 0.289523 0.355012 0.396925 0.392041 0.347619 0.290806 0.238154 0.192895 0.154162 0.121842 0.0965514 0.0784546 0.0668646 0.0605413 0.0581887 0.0588971 0.0624148 0.0691536 0.0798875 0.0951945 0.11474 0.136577 0.156865 0.170681 0.17414 0.166714 0.151686 0.134261 0.119154 0.109427 0.106687 0.111905 0.126354 0.15256 0.195285 0.262528 0.366062 0.518756 0.71453 0.854312 0.822538 0.72477 0.633287 0.584767 0.603418 0.668375 0.655921 0.516314 0.377743 0.285782 0.234614 0.210893 0.202535 0.200152 0.197795 0.192747 0.183548 0.168412 0.146436 0.119578 0.091937 
0.15003 0.210676 0.281643 0.355421 0.424943 0.487226 0.53851 0.57201 0.572803 0.515347 0.414245 0.318817 0.255689 0.228004 0.229769 0.251218 0.279915 0.303094 0.310829 0.297142 0.262678 0.216727 0.170866 0.131929 0.101502 0.0785065 0.0612477 0.0483015 0.0386829 0.0317451 0.0270456 0.0242561 0.0231158 0.0234006 0.0248927 0.0273457 0.0304548 0.0338466 0.0370976 0.0397784 0.0415126 0.0420405 0.0412788 0.0393589 0.0366202 0.0335499 0.0306908 0.0285527 0.0275527 0.0279904 0.0300516 0.0338302 0.0393544 0.0465911 0.0553799 0.0652709 0.0753454 0.0842719 0.0908579 0.0949435 0.0979591 0.102677 0.112462 0.130495 0.158849 0.197006 0.240432 0.282433 0.321842 0.368885 0.439986 0.547705 0.686813 0.786632 0.718478 0.56002 0.420989 0.323373 0.263716 0.235101 0.231434 0.247384 0.276254 0.307162 0.326637 0.328283 0.317648 0.302248 0.283254 0.258716 0.229494 0.199956 0.175119 0.15862 0.152401 0.157113 0.172569 0.198137 0.232951 0.275114 0.31877 0.350917 0.355737 0.328801 0.281938 0.230828 0.185077 0.148015 0.119738 0.099348 0.0859371 0.0788182 0.0774705 0.0813761 0.0897984 0.101537 0.114768 0.127169 0.136459 0.141161 0.141076 0.137149 0.130955 0.124225 0.118587 0.115437 0.115847 0.120451 0.129274 0.141434 0.154889 0.166672 0.174099 0.176463 0.175821 0.176287 0.182844 0.200671 0.235077 0.291764 0.377468 0.501349 0.675505 0.892194 0.940633 0.738133 0.561856 0.445498 0.375193 0.336066 0.316207 0.308205 0.310042 0.324243 0.355586 0.406022 0.461479 0.476197 0.415578 0.318095 0.230086 0.166187 0.12535 0.103225 0.0962888 0.102834 0.123061 0.158908 0.213675 0.291203 0.394105 0.520441 0.660074 0.799472 0.937706 1.06708 1.11053 1.05078 0.966675 0.856484 0.720552 0.588588 0.476183 0.38562 0.317013 0.270964 0.24717 0.243079 0.253481 0.271414 0.290682 0.308442 0.325398 0.34396 0.366141 0.391559 0.415836 0.430963 0.430076 0.414032 0.391082 0.37106 0.363255 0.377583 0.424263 0.509289 0.619551 0.697758 0.689988 0.638399 0.592809 0.56601 0.558887 0.568816 0.58345 0.57905 0.544629 0.502598 0.4836 0.502265 0.555149 0.625465 0.692333 0.738686 0.7573 0.757868 0.759063 0.779794 0.830577 0.900239 0.964741 1.03345 1.15162 1.36264 1.70609 2.20258 2.31727 2.08805 1.83168 1.55514 1.29588 1.10167 0.967034 0.872243 0.811822 0.793195 0.819277 0.874147 0.921788 0.935496 0.924002 0.907474 0.89746 0.900219 0.921536 0.965905 1.03565 1.12533 1.20628 1.24503 1.25364 1.2689 1.30051 1.29638 1.24295 1.20805 1.20043 1.16477 1.07078 0.948231 0.829535 0.736308 0.68605 0.688713 0.728882 0.739298 0.671411 0.58576 0.533756 0.525603 0.559681 0.627288 0.69517 0.712139 0.688902 0.681705 0.716551 0.789115 0.879237 0.963915 1.02256 0.99675 0.839301 0.64835 0.497517 0.397401 0.340861 0.318992 0.323503 0.344801 0.369285 0.380936 0.370892 0.344339 0.313434 0.287808 0.272563 0.270169 0.282225 0.310196 0.355249 0.417036 0.490463 0.559582 0.594743 0.570599 0.49572 0.403622 0.320593 0.256348 0.21059 0.179482 0.158779 0.14491 0.135268 0.128273 0.12334 0.120776 0.121619 0.127525 0.140661 0.163429 0.197609 0.242301 0.290869 0.330742 0.352756 0.361956 0.371013 0.386447 0.405466 0.421206 0.428645 0.426388 0.415023 0.395878 0.371614 0.347051 0.328237 0.319778 0.322155 0.330537 0.336313 0.331901 0.315891 0.293103 0.269524 0.248081 0.228487 0.209507 0.19097 0.174278 0.161642 0.155016 0.155393 0.162651 0.175881 0.19419 0.217874 0.249224 0.291749 0.347208 0.41096 0.467454 0.491956 0.468587 0.408777 0.337411 0.271548 0.217522 0.175805 0.144807 0.122677 0.107927 0.0995193 0.0967097 0.0987859 0.104799 0.113347 0.122444 0.129589 0.132308 0.129223 0.120985 0.110056 0.0993867 0.0911129 0.0860509 0.0838773 0.08362 0.0841795 0.0847087 0.0847387 0.0840525 0.0824672 0.0797464 0.0757361 0.0705922 0.0648819 0.0594736 0.0553258 0.0533359 0.0543212 0.0591159 0.0687273 0.0844963 0.108185 0.14186 0.187343 0.244974 0.311661 0.379121 0.434685 0.466443 0.469093 0.444561 0.400179 0.346938 0.294612 0.247923 0.207744 0.17419 0.148224 0.131684 0.126917 0.136696 0.164282 0.213122 0.285491 0.379125 0.479731 0.548404 0.538675 0.468252 0.389682 0.322754 0.264231 0.210363 0.163078 0.125668 0.0992015 0.0824695 0.0731775 0.0689777 0.0681467 0.0699475 0.0746024 0.0828571 0.0952828 0.111533 0.129772 0.14662 0.158007 0.160923 0.155022 0.142812 0.128315 0.11541 0.106941 0.104721 0.110071 0.124595 0.151113 0.194838 0.264912 0.376455 0.552975 0.824969 1.08498 0.867832 0.68994 0.588795 0.558101 0.604326 0.707505 0.711266 0.545276 0.390807 0.291822 0.236491 0.208708 0.195218 0.186327 0.176312 0.163223 0.147261 0.128979 0.108907 0.0880995 0.0681691 
0.128212 0.17671 0.23297 0.293127 0.355216 0.422796 0.504957 0.610672 0.710641 0.669498 0.508454 0.37214 0.292863 0.264228 0.274984 0.311996 0.35824 0.395693 0.411097 0.394873 0.346138 0.280926 0.218458 0.16771 0.129139 0.10012 0.0779908 0.0609398 0.04791 0.0382693 0.0315624 0.0273947 0.0253992 0.0252253 0.0265205 0.028903 0.0319404 0.0351542 0.0380595 0.0402303 0.0413615 0.0413079 0.0400949 0.0379102 0.0350799 0.0320278 0.0292219 0.0271191 0.0261247 0.0265768 0.0287535 0.0328977 0.0392337 0.0479377 0.0590017 0.0719609 0.0855861 0.0978842 0.106805 0.111478 0.112965 0.113843 0.117181 0.125742 0.141435 0.164785 0.194878 0.230906 0.275333 0.336022 0.425089 0.556099 0.736429 0.897668 0.793874 0.588969 0.433779 0.333136 0.275518 0.251056 0.2528 0.275488 0.312537 0.351842 0.376859 0.379964 0.369538 0.354315 0.33203 0.29788 0.255512 0.214343 0.181728 0.16073 0.151609 0.153322 0.16419 0.182131 0.204856 0.229687 0.252479 0.266729 0.265767 0.247749 0.217602 0.183245 0.151005 0.124129 0.103586 0.089292 0.0809087 0.07819 0.0810273 0.0893175 0.102691 0.12013 0.139595 0.158004 0.171949 0.179013 0.178702 0.172278 0.161967 0.150286 0.139576 0.131711 0.127936 0.12884 0.134313 0.143421 0.154256 0.164158 0.170711 0.173139 0.173016 0.173733 0.179437 0.194298 0.222287 0.267193 0.332573 0.420949 0.528664 0.625652 0.638339 0.552737 0.446663 0.363955 0.310497 0.280547 0.266672 0.26314 0.267393 0.280084 0.303236 0.335651 0.365338 0.367433 0.327199 0.262042 0.198183 0.148668 0.115719 0.0975439 0.0919494 0.09766 0.11465 0.144024 0.18756 0.246816 0.321782 0.409369 0.503074 0.595564 0.680806 0.745999 0.767325 0.740216 0.684084 0.609559 0.523562 0.438032 0.362391 0.300756 0.254613 0.224622 0.210654 0.211169 0.222831 0.240994 0.261293 0.281477 0.302275 0.327156 0.360985 0.406928 0.461145 0.507784 0.526557 0.515231 0.489201 0.46175 0.443202 0.447822 0.494002 0.601825 0.781341 0.93166 0.825849 0.679628 0.588386 0.541406 0.525449 0.53113 0.543195 0.537711 0.503138 0.457812 0.428248 0.427906 0.456671 0.506641 0.567823 0.63161 0.691324 0.74239 0.786674 0.836994 0.906326 0.986962 1.05516 1.12282 1.23614 1.42424 1.68889 1.97225 2.09009 1.99988 1.81097 1.59779 1.41202 1.27337 1.16563 1.0644 0.978403 0.941212 0.971335 1.05089 1.10533 1.07121 0.99311 0.921755 0.876572 0.864464 0.886943 0.942801 1.02954 1.13537 1.22073 1.24477 1.23055 1.22272 1.23021 1.23221 1.22602 1.23818 1.26357 1.22891 1.10827 0.972477 0.857446 0.772496 0.734115 0.763781 0.861765 0.909944 0.768247 0.613916 0.520805 0.483242 0.48771 0.519502 0.558585 0.58785 0.614199 0.663911 0.756735 0.888785 1.01834 1.07738 1.03909 0.927404 0.772823 0.615735 0.487958 0.399171 0.346469 0.323172 0.321754 0.333516 0.347778 0.353654 0.34526 0.325109 0.300972 0.28039 0.268107 0.266435 0.276741 0.300905 0.341944 0.403079 0.484081 0.572244 0.628901 0.606381 0.516052 0.411307 0.323632 0.260099 0.217609 0.190432 0.173024 0.160968 0.151296 0.142544 0.134558 0.128098 0.124392 0.124828 0.130817 0.143606 0.163783 0.190354 0.219948 0.247691 0.270617 0.290348 0.310843 0.333675 0.356217 0.373776 0.382845 0.382553 0.374119 0.360056 0.344021 0.330793 0.325525 0.331912 0.349519 0.371368 0.384632 0.377677 0.349502 0.310106 0.271028 0.238286 0.21251 0.192169 0.176155 0.164723 0.15911 0.160672 0.170137 0.187193 0.210443 0.238148 0.270263 0.310729 0.367017 0.445207 0.541896 0.634773 0.679509 0.642474 0.547731 0.44103 0.3467 0.270869 0.212348 0.16832 0.136301 0.114457 0.101469 0.0963915 0.0985121 0.107119 0.121066 0.138079 0.154103 0.163765 0.163005 0.152249 0.136258 0.120647 0.108978 0.102175 0.0992454 0.0982916 0.0974251 0.0954263 0.0919634 0.0873536 0.082112 0.0766167 0.0710571 0.0655894 0.0605111 0.0563209 0.0536705 0.0532957 0.0560068 0.062772 0.074883 0.0941705 0.12319 0.165206 0.22363 0.300349 0.392305 0.486612 0.558598 0.583756 0.560522 0.509514 0.451788 0.398552 0.351961 0.309012 0.266731 0.22577 0.190097 0.164675 0.15403 0.162333 0.194054 0.253958 0.345149 0.4638 0.589954 0.67456 0.659885 0.577739 0.497596 0.432077 0.363636 0.287541 0.216387 0.160768 0.122733 0.0994226 0.0866076 0.0803859 0.0779654 0.0780189 0.0805694 0.0863734 0.0960579 0.109352 0.124639 0.139036 0.149173 0.152529 0.148586 0.139017 0.126868 0.11542 0.107427 0.104913 0.10945 0.122724 0.147336 0.187832 0.251981 0.352039 0.50432 0.714258 0.858899 0.740281 0.594981 0.509237 0.485231 0.517925 0.575956 0.569109 0.466625 0.354113 0.274125 0.226177 0.199525 0.183562 0.170452 0.155914 0.138945 0.120441 0.101643 0.0834306 0.0664342 0.0512225 
0.104632 0.141924 0.185526 0.23458 0.290957 0.362523 0.465852 0.627698 0.861492 0.821815 0.563398 0.396725 0.311082 0.285934 0.306358 0.357654 0.419533 0.469586 0.492827 0.476643 0.417362 0.337838 0.264148 0.205906 0.161761 0.127631 0.100356 0.0783139 0.0608481 0.0476127 0.0382314 0.0322306 0.0290854 0.0282656 0.0292436 0.031476 0.0343869 0.0373829 0.0399102 0.0415356 0.0420117 0.0412942 0.0395126 0.0369215 0.0338575 0.0307085 0.0278866 0.0258015 0.0248403 0.0253618 0.0277103 0.0322401 0.0393261 0.0493139 0.0623422 0.0779999 0.0949205 0.110704 0.122664 0.129242 0.130878 0.129567 0.12792 0.128652 0.134295 0.146866 0.167892 0.199259 0.244535 0.309532 0.40108 0.52364 0.668179 0.766475 0.699018 0.545352 0.414005 0.325889 0.276259 0.257467 0.263338 0.288999 0.328308 0.369999 0.398965 0.409145 0.409406 0.405691 0.387952 0.345694 0.288034 0.233092 0.191373 0.164922 0.151946 0.149673 0.155272 0.165971 0.179132 0.192295 0.202834 0.207595 0.2037 0.190418 0.170082 0.146841 0.124605 0.105906 0.0919265 0.0830609 0.079453 0.0813139 0.0890073 0.10293 0.123181 0.148987 0.177971 0.205754 0.226889 0.237222 0.235711 0.224129 0.205908 0.185198 0.165843 0.150562 0.140778 0.136863 0.13843 0.144414 0.153029 0.161899 0.168748 0.172485 0.173913 0.175509 0.180506 0.192017 0.212607 0.24418 0.28761 0.341366 0.397949 0.438734 0.439755 0.399091 0.342093 0.292188 0.258442 0.240504 0.234176 0.234683 0.238844 0.246085 0.257215 0.270923 0.280232 0.273993 0.24673 0.205648 0.163427 0.12875 0.104721 0.091283 0.0874363 0.0924172 0.106136 0.129154 0.162282 0.205862 0.258892 0.318449 0.380012 0.438554 0.488694 0.522931 0.533075 0.51762 0.482758 0.435429 0.381671 0.327771 0.278951 0.238379 0.207744 0.188006 0.17952 0.181714 0.192838 0.210221 0.23121 0.254485 0.281326 0.316506 0.368015 0.444231 0.545359 0.644701 0.689324 0.675098 0.641828 0.601431 0.559018 0.535905 0.558957 0.656281 0.861277 1.12241 0.873816 0.669027 0.55479 0.49571 0.470529 0.466303 0.468613 0.459778 0.431728 0.395481 0.369164 0.364236 0.383705 0.425779 0.487246 0.564521 0.651887 0.739911 0.820233 0.894076 0.970006 1.04837 1.12123 1.2042 1.33039 1.5029 1.68844 1.85069 1.95015 1.9422 1.81755 1.6708 1.56612 1.49217 1.4161 1.29699 1.16523 1.09699 1.12738 1.24602 1.33506 1.25297 1.11062 0.983744 0.89814 0.862912 0.875969 0.931639 1.02292 1.13302 1.22293 1.25576 1.24568 1.23152 1.22811 1.2286 1.23224 1.24999 1.27104 1.23432 1.12224 0.997582 0.889338 0.803063 0.757809 0.779116 0.868065 0.907737 0.762043 0.601502 0.499071 0.448866 0.436921 0.450909 0.480435 0.520924 0.579932 0.676626 0.8331 1.0565 1.28511 1.3406 1.18451 0.97025 0.775161 0.615284 0.494532 0.411838 0.362209 0.338909 0.334732 0.341876 0.351569 0.355303 0.348192 0.331602 0.311749 0.295491 0.287096 0.28773 0.297294 0.317282 0.352513 0.4103 0.496865 0.60712 0.694345 0.667471 0.547656 0.425571 0.333899 0.273174 0.236147 0.214677 0.201576 0.191377 0.180772 0.168681 0.155806 0.143777 0.134309 0.128732 0.127945 0.132521 0.142636 0.157797 0.176678 0.197593 0.219569 0.242873 0.268006 0.29403 0.318076 0.336628 0.347373 0.350116 0.346516 0.339401 0.332313 0.329345 0.334882 0.352426 0.381675 0.414543 0.434526 0.425863 0.38806 0.336494 0.28754 0.248782 0.220261 0.199319 0.18416 0.175012 0.173462 0.181206 0.199138 0.226797 0.261847 0.300317 0.339909 0.385838 0.451452 0.549399 0.678262 0.808353 0.875835 0.828922 0.703539 0.563887 0.441162 0.342066 0.264244 0.204267 0.159691 0.128742 0.109951 0.10219 0.10481 0.117578 0.140082 0.170228 0.201816 0.223497 0.224511 0.205151 0.176695 0.150651 0.132606 0.122927 0.119115 0.117652 0.115427 0.110734 0.103504 0.094747 0.0857012 0.0772544 0.0698163 0.0635118 0.0584464 0.0548738 0.0532363 0.0541455 0.0583894 0.0670215 0.0815541 0.10425 0.138455 0.188811 0.261015 0.3604 0.487971 0.631124 0.747253 0.773458 0.710924 0.621369 0.545241 0.492247 0.454115 0.415407 0.366039 0.308579 0.253528 0.211178 0.188551 0.190587 0.222173 0.288778 0.393585 0.527901 0.657048 0.726426 0.709063 0.650862 0.610663 0.580946 0.506803 0.389491 0.279035 0.198191 0.146104 0.115482 0.0989942 0.0908117 0.0869952 0.0856434 0.0866225 0.0907538 0.0987886 0.110606 0.124828 0.138923 0.149811 0.154897 0.153076 0.145193 0.133703 0.121789 0.112478 0.108155 0.110581 0.121283 0.142151 0.176143 0.227836 0.302971 0.404034 0.514129 0.573118 0.538068 0.465505 0.411051 0.391099 0.401671 0.419841 0.408539 0.356961 0.293328 0.241812 0.207492 0.185657 0.169635 0.154366 0.137498 0.11902 0.100129 0.0821011 0.0657507 0.0514445 0.0392993 
0.0826984 0.110864 0.144371 0.183941 0.232772 0.298522 0.394255 0.533616 0.688352 0.670244 0.502818 0.370894 0.301536 0.286001 0.313526 0.37106 0.438511 0.492959 0.51964 0.50657 0.450256 0.373793 0.302982 0.246369 0.20143 0.163642 0.130542 0.101892 0.0783057 0.0601391 0.0471742 0.0387859 0.0341877 0.0325829 0.0332077 0.0353158 0.0381579 0.0410008 0.0431982 0.044287 0.0440583 0.0425594 0.0400307 0.0368181 0.0333049 0.0298778 0.0269165 0.0247909 0.0238612 0.0244852 0.0270369 0.0319298 0.0396215 0.0505549 0.0649755 0.0825845 0.102121 0.121235 0.137108 0.147658 0.152228 0.151326 0.146455 0.140436 0.137143 0.140514 0.15395 0.180696 0.224499 0.289262 0.37633 0.478549 0.5719 0.611839 0.56627 0.468887 0.373925 0.305617 0.266944 0.25406 0.262249 0.287067 0.322923 0.360914 0.39081 0.4099 0.425244 0.437841 0.429074 0.382048 0.312556 0.247657 0.199942 0.169948 0.153944 0.147836 0.148271 0.152597 0.158621 0.164479 0.168451 0.168776 0.163979 0.153689 0.139147 0.122765 0.107124 0.0942023 0.0852041 0.0808034 0.0815112 0.0879493 0.100944 0.121409 0.149969 0.186216 0.227542 0.26811 0.299759 0.315729 0.31359 0.294793 0.264146 0.229065 0.196559 0.170825 0.153315 0.14385 0.141514 0.144981 0.152479 0.161739 0.170345 0.176598 0.180414 0.183446 0.188193 0.196812 0.210565 0.229916 0.254485 0.282179 0.307724 0.32237 0.318192 0.295856 0.265464 0.238416 0.221187 0.214718 0.216024 0.220237 0.223256 0.223961 0.22366 0.222953 0.219338 0.208428 0.188182 0.161542 0.134278 0.111256 0.0949152 0.0857912 0.0835568 0.0878123 0.0984815 0.115847 0.140263 0.171637 0.208887 0.249709 0.290874 0.328762 0.359529 0.37904 0.383977 0.37397 0.351888 0.321912 0.288138 0.254189 0.222885 0.196137 0.175277 0.161388 0.155279 0.157202 0.166619 0.182336 0.203096 0.228606 0.260925 0.305926 0.374138 0.47978 0.633255 0.806213 0.884662 0.868051 0.848732 0.802623 0.717237 0.64218 0.613222 0.647547 0.742201 0.807641 0.715018 0.580592 0.485914 0.43058 0.402431 0.391131 0.386008 0.376147 0.356749 0.333284 0.316389 0.314752 0.333022 0.373255 0.436627 0.523563 0.631608 0.752021 0.868629 0.966349 1.04727 1.12265 1.19984 1.30241 1.46473 1.66635 1.79721 1.84985 1.89213 1.89832 1.82202 1.759 1.75305 1.72507 1.64849 1.49983 1.32499 1.22474 1.23427 1.34202 1.44188 1.39695 1.2507 1.07921 0.954834 0.897482 0.899677 0.951124 1.04329 1.16128 1.27027 1.32537 1.32485 1.31256 1.30896 1.302 1.2848 1.26699 1.24761 1.19971 1.11308 1.01138 0.909603 0.81605 0.751193 0.734019 0.753207 0.743348 0.656475 0.548268 0.467406 0.422063 0.407228 0.416847 0.446979 0.49815 0.578461 0.705936 0.908964 1.21941 1.60495 1.67902 1.3673 1.05523 0.818159 0.643529 0.519737 0.438324 0.390928 0.36941 0.366431 0.374889 0.386635 0.392592 0.386447 0.36946 0.349839 0.336487 0.333599 0.339375 0.349132 0.361867 0.384388 0.428283 0.503417 0.607361 0.693905 0.666175 0.546379 0.429066 0.345537 0.294703 0.267968 0.255574 0.248545 0.240135 0.2269 0.208808 0.188216 0.168249 0.151438 0.13917 0.131917 0.129743 0.132632 0.140523 0.153235 0.170525 0.192218 0.217994 0.246691 0.275698 0.301377 0.320615 0.332302 0.337583 0.339026 0.33952 0.341496 0.346991 0.358564 0.379438 0.410492 0.444671 0.464997 0.454613 0.413736 0.360187 0.311903 0.275962 0.250461 0.230863 0.215163 0.20526 0.204892 0.217069 0.242972 0.281832 0.330153 0.380328 0.424653 0.468379 0.533048 0.639412 0.787238 0.939189 1.02464 0.991457 0.86237 0.702259 0.555789 0.433907 0.334034 0.253928 0.192933 0.150101 0.12383 0.112598 0.115745 0.133815 0.168136 0.218662 0.278203 0.324114 0.326554 0.285648 0.231709 0.187669 0.160031 0.146614 0.142054 0.140355 0.1367 0.128845 0.117253 0.103893 0.0907983 0.0792762 0.0698378 0.0625129 0.0572186 0.0540023 0.0531321 0.0551063 0.0606689 0.0709033 0.0874457 0.112839 0.151001 0.2077 0.290835 0.410091 0.57507 0.787874 1.00267 1.0346 0.892504 0.754053 0.666235 0.627972 0.615206 0.589107 0.524952 0.434115 0.343539 0.272527 0.229864 0.219324 0.244413 0.309943 0.418821 0.558945 0.680993 0.724594 0.704124 0.685587 0.721843 0.79285 0.709216 0.502522 0.337158 0.229617 0.164717 0.127875 0.108335 0.0985829 0.09383 0.0918066 0.0923189 0.0962957 0.104664 0.117511 0.133682 0.150751 0.165367 0.17407 0.174522 0.166662 0.152938 0.137315 0.123796 0.115433 0.114158 0.121122 0.137206 0.163465 0.201246 0.251281 0.310337 0.365185 0.392753 0.381732 0.34906 0.318902 0.303532 0.302159 0.303699 0.293845 0.268345 0.236195 0.207739 0.186529 0.170482 0.155829 0.139927 0.122147 0.103355 0.0849396 0.0680646 0.0533715 0.0410388 0.0309679 
0.0638579 0.0848757 0.110281 0.14117 0.180195 0.232022 0.301667 0.386333 0.454967 0.450744 0.381089 0.309406 0.269006 0.265829 0.296096 0.350276 0.412021 0.462563 0.489059 0.483209 0.444845 0.390443 0.338199 0.293758 0.253463 0.212901 0.171856 0.133502 0.101094 0.0761281 0.0584618 0.047096 0.0407936 0.0383684 0.0387462 0.040927 0.0439412 0.0468633 0.048897 0.0494991 0.0484726 0.0459644 0.0423653 0.0381696 0.0338634 0.0298748 0.0265741 0.0242953 0.0233601 0.0241017 0.0268869 0.0321344 0.0403109 0.0518727 0.0671111 0.0858778 0.107267 0.129506 0.1503 0.167356 0.178366 0.180956 0.174292 0.161397 0.14859 0.14249 0.148215 0.169727 0.210711 0.274077 0.358257 0.449247 0.515318 0.524629 0.476983 0.402041 0.330766 0.279119 0.2505 0.242688 0.251983 0.274407 0.305085 0.337517 0.365632 0.388732 0.411178 0.430361 0.42601 0.38125 0.313191 0.249925 0.203939 0.174965 0.158365 0.149592 0.145624 0.144748 0.145823 0.147732 0.149135 0.148457 0.144272 0.136006 0.124417 0.111368 0.0990652 0.0893692 0.0835529 0.0824707 0.0868846 0.0977326 0.116216 0.143658 0.18108 0.228385 0.282956 0.338094 0.38361 0.410194 0.412013 0.386076 0.337542 0.280994 0.229999 0.190838 0.164336 0.149109 0.143332 0.145238 0.152931 0.16405 0.175773 0.185583 0.19252 0.197694 0.203194 0.210381 0.219283 0.229297 0.239841 0.249904 0.257152 0.258159 0.250537 0.235521 0.218094 0.204232 0.197982 0.200016 0.207364 0.214435 0.216063 0.210999 0.201851 0.191465 0.180287 0.166941 0.15053 0.132089 0.114077 0.0989265 0.0881272 0.0821781 0.0809996 0.0843896 0.0923228 0.105013 0.122726 0.145411 0.172343 0.201968 0.232012 0.25971 0.281977 0.295772 0.299043 0.291837 0.276367 0.255876 0.233368 0.210993 0.190044 0.171352 0.155769 0.144401 0.138437 0.138771 0.145733 0.159139 0.178728 0.205004 0.240462 0.291043 0.367347 0.484553 0.656188 0.8585 0.972865 1.01437 1.09562 1.07568 0.908848 0.76399 0.667884 0.620332 0.61017 0.595477 0.539597 0.463731 0.400232 0.357971 0.333742 0.321736 0.315346 0.308307 0.297728 0.28596 0.278842 0.282599 0.302355 0.342399 0.406886 0.499811 0.623254 0.772288 0.926069 1.05364 1.15402 1.24538 1.32464 1.42368 1.62198 1.94712 2.02081 1.90442 1.83695 1.79568 1.76373 1.79675 1.89678 1.87817 1.75333 1.59089 1.42092 1.30976 1.28589 1.34269 1.43419 1.48745 1.38303 1.17937 1.03561 0.972108 0.972094 1.02204 1.11787 1.25943 1.42445 1.51372 1.48413 1.45606 1.45927 1.4491 1.39804 1.32894 1.26783 1.20919 1.13578 1.04105 0.931388 0.822448 0.734683 0.680362 0.650216 0.615517 0.558102 0.491806 0.437614 0.404986 0.39557 0.409106 0.445916 0.508061 0.601239 0.738412 0.943097 1.2412 1.58954 1.67306 1.41276 1.11991 0.877604 0.691071 0.559982 0.477244 0.432005 0.414087 0.415922 0.431457 0.45258 0.466514 0.461425 0.439028 0.414772 0.403855 0.411493 0.430149 0.443312 0.442332 0.439347 0.454034 0.49681 0.560326 0.607088 0.584556 0.503267 0.41798 0.357423 0.325547 0.315873 0.317643 0.319306 0.312197 0.293229 0.264806 0.23233 0.201224 0.17506 0.155216 0.141615 0.133738 0.131321 0.134552 0.143967 0.160243 0.183869 0.214457 0.249731 0.284969 0.31431 0.334016 0.344786 0.350722 0.356628 0.365777 0.37836 0.391639 0.403534 0.416488 0.434595 0.455278 0.465931 0.453281 0.418263 0.3764 0.342928 0.322249 0.308404 0.2927 0.273306 0.257357 0.254062 0.268652 0.301511 0.349991 0.409125 0.468064 0.511844 0.544432 0.596902 0.696967 0.844895 1.00517 1.12144 1.14083 1.02933 0.854945 0.69229 0.550395 0.424408 0.317712 0.235018 0.176996 0.141388 0.125615 0.128582 0.151628 0.198768 0.275296 0.379923 0.477303 0.481043 0.390679 0.293333 0.225123 0.186599 0.169688 0.164977 0.163455 0.158312 0.146864 0.13048 0.112354 0.0953134 0.080937 0.069698 0.0614616 0.0559475 0.0530146 0.0527753 0.0556158 0.0622125 0.073619 0.0914779 0.11839 0.158434 0.217767 0.305204 0.432675 0.615552 0.872248 1.2019 1.239 1.01498 0.860757 0.790734 0.798974 0.851546 0.86274 0.767131 0.611118 0.46098 0.347311 0.276325 0.246723 0.25791 0.311618 0.408236 0.533748 0.638563 0.6693 0.65639 0.669664 0.764102 0.968957 0.862329 0.559517 0.363617 0.244351 0.174106 0.134488 0.113375 0.102761 0.0977268 0.0960267 0.0975625 0.103418 0.114747 0.131925 0.154049 0.178613 0.201357 0.216765 0.21997 0.209587 0.189033 0.164687 0.14274 0.127344 0.120499 0.122729 0.133743 0.152836 0.179006 0.210537 0.24369 0.271302 0.284717 0.28069 0.265363 0.24878 0.237573 0.232361 0.228899 0.221853 0.209465 0.194501 0.180585 0.16879 0.157537 0.144574 0.12882 0.110831 0.0921216 0.0742627 0.0583501 0.044889 0.0339238 0.0252344 
0.048411 0.0638844 0.0827385 0.105838 0.134724 0.171285 0.215849 0.262718 0.295925 0.298048 0.272653 0.242592 0.227228 0.234669 0.264925 0.312023 0.364763 0.410158 0.438461 0.444599 0.430307 0.405773 0.381278 0.357641 0.326835 0.282364 0.228181 0.174607 0.129462 0.0954439 0.0719437 0.0571198 0.0490095 0.045904 0.0463579 0.0490746 0.0528039 0.0563296 0.058579 0.0588153 0.0568053 0.0528388 0.0475677 0.041759 0.036097 0.031103 0.0271528 0.0245375 0.0235233 0.024395 0.0274832 0.0331705 0.0418729 0.0539814 0.069756 0.089184 0.11186 0.136977 0.16336 0.189005 0.209698 0.218615 0.21079 0.18964 0.165625 0.148992 0.146304 0.161568 0.198046 0.258222 0.340041 0.42737 0.482657 0.474548 0.418329 0.349576 0.290847 0.250646 0.229812 0.226033 0.236163 0.2568 0.283792 0.311894 0.336409 0.356275 0.373439 0.384972 0.377415 0.341095 0.288085 0.238598 0.202653 0.17989 0.165709 0.155908 0.148629 0.14391 0.142188 0.143197 0.145562 0.146945 0.144819 0.137768 0.126423 0.113145 0.100769 0.091568 0.0869949 0.0879812 0.0953892 0.110333 0.134242 0.168612 0.214453 0.271441 0.336797 0.404208 0.464567 0.508982 0.525529 0.496033 0.422574 0.336211 0.262154 0.207994 0.172396 0.151919 0.143485 0.144741 0.153574 0.167435 0.18302 0.197012 0.207743 0.216078 0.223974 0.232101 0.239222 0.243792 0.245452 0.244584 0.24102 0.233887 0.222819 0.209223 0.196307 0.187822 0.186429 0.192325 0.202329 0.210352 0.210611 0.201899 0.187763 0.17244 0.157851 0.143847 0.129864 0.116061 0.103361 0.0928739 0.0853758 0.0811665 0.0802216 0.0824541 0.0879324 0.0969517 0.109915 0.127078 0.148278 0.172748 0.199002 0.224694 0.246528 0.260729 0.264566 0.25809 0.244246 0.227011 0.209386 0.192659 0.176889 0.161894 0.148065 0.136569 0.128978 0.126708 0.13068 0.141339 0.159014 0.184568 0.220307 0.270987 0.344527 0.451072 0.596061 0.759439 0.893795 1.02661 1.24459 1.28841 1.06171 0.887008 0.732292 0.608398 0.525915 0.467567 0.413872 0.362636 0.320863 0.292208 0.275725 0.268356 0.266212 0.265504 0.264005 0.262155 0.262933 0.270896 0.291322 0.329848 0.392505 0.485612 0.614342 0.777233 0.954892 1.11584 1.26793 1.43123 1.51214 1.53523 1.68213 1.98457 2.06711 1.92697 1.78102 1.6867 1.66561 1.73092 1.84195 1.85051 1.75182 1.61694 1.47884 1.3728 1.31881 1.32452 1.38404 1.453 1.39479 1.24057 1.13467 1.09737 1.11111 1.16262 1.25513 1.41328 1.67647 1.85862 1.66812 1.60093 1.62265 1.63143 1.55229 1.43603 1.351 1.29826 1.23728 1.12959 0.988241 0.84982 0.736412 0.654162 0.596274 0.548688 0.501648 0.456568 0.420612 0.399923 0.398736 0.420675 0.468932 0.545088 0.648489 0.780124 0.948845 1.16021 1.36858 1.45191 1.36915 1.18674 0.956287 0.75143 0.608682 0.52382 0.481494 0.468423 0.476962 0.50323 0.540181 0.568895 0.565278 0.531533 0.498124 0.491417 0.52041 0.571324 0.599143 0.570402 0.519986 0.490399 0.491752 0.511671 0.52375 0.503753 0.455608 0.4053 0.3737 0.367728 0.382776 0.405751 0.419943 0.413048 0.383234 0.337977 0.287923 0.241653 0.203751 0.175275 0.155296 0.142483 0.136123 0.136467 0.144615 0.162203 0.19082 0.230814 0.279218 0.327733 0.364633 0.383266 0.388316 0.390759 0.400172 0.421227 0.450768 0.476041 0.483498 0.474781 0.463324 0.456257 0.448708 0.432942 0.410021 0.390749 0.385894 0.396207 0.407458 0.398304 0.366152 0.333036 0.320385 0.335757 0.375012 0.428218 0.486461 0.540043 0.573841 0.592353 0.631143 0.71837 0.852872 1.00982 1.16181 1.2571 1.17117 1.00039 0.847141 0.69367 0.534496 0.39212 0.282177 0.206398 0.160276 0.139022 0.140328 0.165625 0.220952 0.317451 0.467797 0.64849 0.653678 0.480917 0.338537 0.2513 0.205635 0.187135 0.183087 0.182035 0.175491 0.160599 0.139854 0.117685 0.0975338 0.0810615 0.0685954 0.0598107 0.0542518 0.0516238 0.0519091 0.0553889 0.062656 0.0746855 0.0930211 0.120108 0.159751 0.217622 0.301645 0.421988 0.589712 0.809182 1.03631 1.09656 0.995621 0.906389 0.892225 0.977031 1.15421 1.26499 1.09955 0.829871 0.594893 0.428955 0.325001 0.271939 0.263191 0.295688 0.365094 0.455951 0.532595 0.564396 0.570863 0.596531 0.669211 0.756554 0.690275 0.501527 0.343506 0.238127 0.173154 0.135265 0.114432 0.10378 0.0991349 0.0987485 0.102835 0.112733 0.129912 0.155167 0.18799 0.225851 0.26309 0.290383 0.297585 0.280705 0.246044 0.205579 0.169573 0.143552 0.129149 0.125812 0.131917 0.145283 0.163416 0.18364 0.202946 0.21779 0.224906 0.223351 0.215593 0.205928 0.197779 0.192152 0.187871 0.183147 0.177306 0.171064 0.165172 0.159065 0.150942 0.139126 0.123352 0.10492 0.0858576 0.067973 0.0523873 0.039524 0.0293169 0.0214431 
0.0361664 0.0473976 0.0610784 0.0777212 0.0980021 0.122336 0.149747 0.176298 0.195053 0.200495 0.194823 0.187471 0.188375 0.20343 0.23383 0.276487 0.324741 0.370248 0.405613 0.426639 0.434871 0.438036 0.443626 0.448049 0.431921 0.378939 0.30137 0.224392 0.162125 0.117148 0.0871181 0.0686917 0.0589222 0.0555117 0.0566486 0.0607444 0.0662099 0.0713742 0.0746258 0.0747725 0.0714334 0.0651549 0.0571128 0.0486074 0.0406821 0.0340061 0.0289518 0.0257346 0.0245331 0.025562 0.0291009 0.0354812 0.0450358 0.0580207 0.0745456 0.0945835 0.118115 0.145331 0.176475 0.210444 0.241614 0.257984 0.248858 0.218291 0.18238 0.155243 0.144143 0.152309 0.181864 0.234235 0.306726 0.38356 0.429103 0.415526 0.36122 0.30075 0.25249 0.221386 0.206777 0.206313 0.217426 0.237433 0.262752 0.288262 0.308539 0.321009 0.326698 0.325468 0.312577 0.285255 0.250418 0.219221 0.197609 0.184444 0.175037 0.165726 0.156388 0.14949 0.147526 0.15125 0.158977 0.16657 0.168712 0.161945 0.147257 0.12919 0.112658 0.100924 0.0955741 0.097361 0.106997 0.125585 0.154625 0.195548 0.24881 0.312851 0.383738 0.456218 0.526073 0.590235 0.631793 0.604052 0.500291 0.381343 0.28555 0.218689 0.175961 0.151687 0.141622 0.142884 0.153152 0.169722 0.188994 0.207181 0.222238 0.234949 0.247202 0.259056 0.268122 0.271971 0.270376 0.264636 0.255613 0.243302 0.228033 0.21158 0.196967 0.18733 0.184704 0.188984 0.197092 0.203318 0.202264 0.192782 0.178218 0.162705 0.148366 0.135377 0.123289 0.111991 0.10186 0.093449 0.0871691 0.0831812 0.0814927 0.0821352 0.0853255 0.091535 0.101427 0.115692 0.134848 0.159024 0.187612 0.218578 0.24757 0.268019 0.274133 0.265553 0.247945 0.2283 0.210687 0.195578 0.181452 0.166873 0.151819 0.13776 0.126828 0.120945 0.121414 0.128991 0.144223 0.16793 0.201742 0.248598 0.312893 0.399302 0.508548 0.631548 0.757772 0.901168 1.06741 1.14289 1.09833 0.992322 0.792262 0.602919 0.472453 0.387996 0.330257 0.288622 0.259708 0.242324 0.235028 0.235802 0.242116 0.251083 0.259993 0.267304 0.273796 0.283119 0.301151 0.334753 0.390971 0.476681 0.597323 0.752425 0.928848 1.11083 1.32214 1.62945 1.72405 1.57552 1.6107 1.7672 1.89491 1.86105 1.70403 1.59001 1.56589 1.62257 1.71328 1.75987 1.72845 1.64072 1.53614 1.4394 1.35917 1.31414 1.31675 1.34084 1.32913 1.28873 1.27419 1.29745 1.343 1.39586 1.45902 1.56573 1.75565 1.86571 1.71898 1.66255 1.70486 1.7443 1.66561 1.54094 1.46972 1.45847 1.43641 1.29912 1.09886 0.917997 0.775607 0.669313 0.591551 0.532948 0.486039 0.448101 0.420551 0.407099 0.412994 0.4447 0.508304 0.605174 0.725488 0.850772 0.975461 1.10751 1.23587 1.33436 1.40001 1.33635 1.05637 0.809888 0.654959 0.571107 0.533655 0.52551 0.53924 0.573965 0.625536 0.670306 0.668429 0.622179 0.580717 0.581945 0.644107 0.763852 0.844582 0.7476 0.615401 0.533679 0.497666 0.486031 0.476874 0.456308 0.426297 0.401377 0.396897 0.420496 0.467953 0.521229 0.553671 0.545863 0.498509 0.428252 0.353912 0.287978 0.23575 0.197499 0.171053 0.15393 0.144666 0.143337 0.151542 0.172127 0.208581 0.263523 0.334947 0.409474 0.460825 0.472621 0.460626 0.451633 0.462941 0.502062 0.563417 0.616145 0.616706 0.567789 0.509159 0.463617 0.433006 0.413025 0.403819 0.412051 0.446059 0.506886 0.569322 0.570725 0.500241 0.428076 0.39788 0.415318 0.465188 0.518855 0.556067 0.578657 0.589621 0.599099 0.63565 0.718842 0.840762 0.97672 1.11035 1.20572 1.17751 1.09214 1.00344 0.851311 0.648798 0.464206 0.326058 0.233529 0.177813 0.15102 0.148959 0.171949 0.225242 0.318985 0.463587 0.631265 0.636492 0.477141 0.340642 0.255944 0.211732 0.194389 0.191241 0.19033 0.182643 0.165503 0.14222 0.117942 0.0963614 0.0790761 0.0662648 0.0574723 0.0521388 0.0498768 0.050579 0.0544413 0.0619705 0.0740397 0.0920368 0.118128 0.155596 0.209119 0.284734 0.3889 0.525253 0.685522 0.832105 0.90604 0.908559 0.905749 0.954444 1.09586 1.36431 1.61971 1.45035 1.03445 0.716083 0.506411 0.372841 0.295499 0.264047 0.271802 0.311052 0.367981 0.421514 0.456388 0.478366 0.503686 0.536641 0.551318 0.502732 0.400836 0.297567 0.218647 0.16565 0.132694 0.113512 0.103388 0.0995494 0.101154 0.108984 0.124807 0.150555 0.187553 0.235877 0.29338 0.353255 0.400444 0.414149 0.384468 0.324751 0.258505 0.202222 0.16223 0.138713 0.129335 0.130969 0.140244 0.153814 0.168701 0.1825 0.193259 0.199441 0.200408 0.19694 0.191009 0.184761 0.179481 0.175306 0.171843 0.168965 0.166863 0.165221 0.162454 0.156086 0.144251 0.127069 0.106599 0.0856028 0.066316 0.0499534 0.0368349 0.0267278 0.0191552 
0.0267635 0.0348427 0.0446343 0.0563954 0.0703492 0.0864053 0.103666 0.120039 0.132737 0.140155 0.143844 0.148351 0.158991 0.179751 0.212369 0.256137 0.307937 0.362366 0.412054 0.449825 0.47462 0.495786 0.52622 0.563783 0.569521 0.499172 0.384015 0.276612 0.195371 0.139402 0.103209 0.081582 0.0705996 0.0674931 0.0702284 0.0770385 0.0859933 0.0947275 0.100565 0.101243 0.0959427 0.0857423 0.0729523 0.0599348 0.0483399 0.0390071 0.0322291 0.0280603 0.0265335 0.0277699 0.0320045 0.0395416 0.0506426 0.0653726 0.0834939 0.10458 0.12848 0.155899 0.188279 0.22574 0.262427 0.283006 0.272291 0.234743 0.190575 0.156131 0.138507 0.139785 0.160562 0.20047 0.255376 0.311441 0.343342 0.333656 0.294402 0.2497 0.214044 0.191801 0.182649 0.184913 0.196834 0.216481 0.240729 0.26422 0.280403 0.285467 0.280786 0.269635 0.253361 0.233055 0.212694 0.197489 0.18963 0.186487 0.182755 0.17513 0.165362 0.158618 0.159781 0.171084 0.190788 0.211833 0.22272 0.214798 0.190613 0.160846 0.134931 0.117394 0.109377 0.110852 0.121972 0.143583 0.17713 0.223891 0.283473 0.352118 0.423029 0.490754 0.55615 0.622831 0.67384 0.646884 0.528864 0.396184 0.291694 0.219692 0.174021 0.148258 0.137783 0.139533 0.151115 0.169812 0.192043 0.214042 0.233726 0.251769 0.269891 0.287853 0.30272 0.311437 0.313361 0.309524 0.30034 0.285193 0.264434 0.240962 0.219121 0.202548 0.193102 0.190586 0.192487 0.19437 0.192059 0.184411 0.173477 0.1619 0.150882 0.140279 0.129695 0.119212 0.109367 0.100752 0.0937308 0.0884431 0.0849669 0.0834897 0.0844234 0.0884596 0.0965617 0.109903 0.129776 0.15743 0.193575 0.237042 0.282154 0.316653 0.32685 0.311105 0.282353 0.254494 0.233408 0.217811 0.20338 0.186714 0.167537 0.148244 0.131997 0.121305 0.117671 0.121868 0.134371 0.155707 0.186688 0.228534 0.282795 0.350781 0.43222 0.52455 0.626275 0.739654 0.856959 0.95213 1.01919 0.989083 0.779924 0.569912 0.424503 0.332013 0.274182 0.238615 0.218658 0.210956 0.213586 0.225072 0.243661 0.266523 0.289231 0.306809 0.317068 0.323501 0.334113 0.357849 0.402434 0.474045 0.576801 0.710344 0.867542 1.04186 1.24434 1.47759 1.55671 1.48038 1.48483 1.57406 1.67397 1.67863 1.58349 1.50356 1.49267 1.54932 1.64061 1.71346 1.72337 1.66999 1.59234 1.50606 1.40651 1.32314 1.28635 1.29415 1.33104 1.39687 1.49434 1.60379 1.69929 1.75584 1.7584 1.74483 1.75402 1.73825 1.67239 1.63968 1.66889 1.70186 1.66393 1.59633 1.57443 1.61944 1.65559 1.4929 1.24396 1.03043 0.861683 0.730944 0.632661 0.560002 0.50573 0.465166 0.437339 0.424827 0.433582 0.4725 0.551414 0.67448 0.824242 0.953773 1.04189 1.11548 1.18963 1.27463 1.4055 1.43745 1.08608 0.831264 0.686069 0.613968 0.584961 0.58045 0.594015 0.627054 0.67766 0.723087 0.722254 0.677493 0.640044 0.650097 0.734217 0.920804 1.13296 0.889356 0.68258 0.567982 0.509936 0.479951 0.458293 0.435446 0.413836 0.405024 0.42277 0.475841 0.560574 0.652774 0.7109 0.703637 0.634456 0.532746 0.428266 0.338425 0.269325 0.220179 0.187187 0.166306 0.154914 0.15258 0.161252 0.185118 0.230231 0.303396 0.407817 0.528374 0.607763 0.597491 0.547696 0.516766 0.527457 0.589759 0.702262 0.81494 0.808921 0.694693 0.574201 0.484751 0.429704 0.404787 0.408097 0.442926 0.517334 0.642953 0.811645 0.840115 0.659077 0.520558 0.469187 0.494437 0.567644 0.626114 0.621962 0.590648 0.56985 0.574588 0.621258 0.718484 0.844997 0.951205 1.01862 1.06117 1.07863 1.09664 1.09494 0.956057 0.721228 0.509328 0.35485 0.253126 0.191912 0.161033 0.15463 0.171234 0.213024 0.283491 0.379092 0.465423 0.469761 0.391469 0.303347 0.240207 0.204741 0.19016 0.187035 0.185186 0.176661 0.159241 0.136217 0.112522 0.0916492 0.0750706 0.0629137 0.0547134 0.0499062 0.0480834 0.0490954 0.0530797 0.0604716 0.0720487 0.0890463 0.113355 0.14775 0.195999 0.262551 0.351216 0.461954 0.585407 0.699623 0.78241 0.837859 0.896141 0.983361 1.11674 1.31941 1.56196 1.55066 1.10683 0.792078 0.573742 0.419858 0.318964 0.264562 0.249238 0.264061 0.297951 0.338494 0.376405 0.408468 0.432961 0.443989 0.431266 0.38765 0.32204 0.254456 0.198708 0.158207 0.130912 0.113635 0.103958 0.100796 0.104483 0.116614 0.139612 0.176022 0.22765 0.294893 0.37622 0.465246 0.541273 0.564981 0.513611 0.415877 0.315283 0.234916 0.179751 0.146997 0.131938 0.129943 0.136848 0.14902 0.163568 0.178425 0.191963 0.202485 0.208338 0.208841 0.205083 0.199441 0.194015 0.189607 0.18619 0.184003 0.183647 0.184808 0.184968 0.179899 0.166361 0.144729 0.118698 0.0926629 0.0696521 0.0509253 0.0365024 0.0257974 0.0180473 
0.0197974 0.0256395 0.0326912 0.0410839 0.0508809 0.0619368 0.0737232 0.0852968 0.0956665 0.104586 0.113265 0.12436 0.141229 0.167096 0.204542 0.255262 0.319552 0.394549 0.470487 0.529657 0.560936 0.57921 0.612687 0.669259 0.693948 0.601662 0.450166 0.318817 0.224006 0.160268 0.119619 0.0957048 0.0841414 0.0820626 0.0875434 0.0989563 0.114219 0.130029 0.141642 0.144231 0.135747 0.118515 0.0974475 0.0769917 0.0596865 0.0464071 0.0371402 0.0316037 0.0295881 0.0310947 0.0363471 0.0456995 0.0594289 0.0774089 0.0987933 0.122072 0.145931 0.170615 0.198212 0.23009 0.261547 0.278321 0.266005 0.228393 0.184122 0.148479 0.12798 0.124033 0.136158 0.162598 0.198629 0.23396 0.25396 0.249835 0.227367 0.199839 0.177105 0.163208 0.158699 0.162865 0.17475 0.193041 0.215014 0.235454 0.247662 0.247645 0.23725 0.221616 0.204972 0.19006 0.179471 0.175356 0.177497 0.182065 0.183321 0.178358 0.170417 0.16688 0.175053 0.19967 0.240717 0.288298 0.317841 0.305742 0.25997 0.207824 0.166485 0.140375 0.128506 0.12906 0.14109 0.164886 0.201676 0.252612 0.316616 0.387536 0.454321 0.508894 0.554137 0.596111 0.621208 0.587583 0.4881 0.373188 0.278264 0.210621 0.166902 0.1422 0.132618 0.135427 0.148412 0.169039 0.193991 0.219759 0.244256 0.267868 0.29223 0.317609 0.341734 0.36139 0.37458 0.380481 0.377384 0.361981 0.333645 0.298158 0.263593 0.234981 0.213976 0.200433 0.192904 0.18875 0.185263 0.181183 0.176745 0.172206 0.166827 0.159403 0.149464 0.137776 0.125763 0.114623 0.104941 0.0968971 0.0906427 0.0865253 0.0851549 0.0874323 0.0945961 0.108285 0.130603 0.164117 0.21147 0.273668 0.345085 0.404954 0.42159 0.389792 0.340208 0.299108 0.273348 0.257674 0.242785 0.22213 0.195681 0.168058 0.144256 0.12745 0.119092 0.119701 0.12949 0.148643 0.177309 0.215419 0.262506 0.317719 0.380107 0.449158 0.525189 0.607834 0.692234 0.769557 0.824171 0.79756 0.656926 0.494715 0.369775 0.286494 0.235245 0.206815 0.195105 0.196706 0.210009 0.234429 0.269354 0.312172 0.355536 0.387445 0.399477 0.396314 0.391962 0.399585 0.427608 0.480747 0.561325 0.668868 0.799159 0.946057 1.10287 1.24625 1.32341 1.34154 1.37025 1.43131 1.49428 1.51135 1.47938 1.44956 1.46463 1.53491 1.63882 1.72552 1.74431 1.69778 1.62734 1.54449 1.44132 1.34863 1.30409 1.32284 1.41287 1.58239 1.81025 2.02485 2.18595 2.26483 2.18254 2.01715 1.88399 1.77477 1.67447 1.6097 1.59597 1.60687 1.60768 1.60522 1.63014 1.69499 1.73558 1.61989 1.40369 1.19196 1.00282 0.841759 0.717216 0.625542 0.557395 0.506148 0.469884 0.450899 0.455544 0.49411 0.579206 0.718973 0.89519 1.03955 1.11498 1.15443 1.17319 1.18802 1.20825 1.15317 0.969142 0.800318 0.701075 0.655901 0.639584 0.636083 0.642151 0.661257 0.692662 0.720322 0.719229 0.691535 0.669585 0.682118 0.747793 0.870799 0.954372 0.834596 0.681196 0.57997 0.520131 0.482137 0.452543 0.426338 0.407766 0.408286 0.441726 0.518383 0.636309 0.767992 0.858778 0.862621 0.779029 0.646602 0.508604 0.391113 0.302734 0.241714 0.202192 0.178056 0.165042 0.161799 0.170293 0.195733 0.246352 0.333093 0.467188 0.643531 0.768454 0.714366 0.613865 0.559886 0.568541 0.648595 0.805299 0.986146 0.98729 0.819401 0.644549 0.514553 0.437415 0.408227 0.422335 0.478622 0.579592 0.737776 0.988989 1.0639 0.744133 0.567005 0.506599 0.541238 0.640962 0.71081 0.659153 0.576009 0.529427 0.532155 0.592329 0.715509 0.872141 0.955972 0.941773 0.925478 0.942224 0.989286 1.01145 0.90499 0.701717 0.506896 0.360622 0.262638 0.202452 0.170268 0.159812 0.168349 0.195343 0.239476 0.292865 0.334421 0.33825 0.303746 0.256021 0.215811 0.190176 0.177768 0.17312 0.169102 0.159887 0.143829 0.123448 0.102649 0.0843226 0.0697665 0.0591421 0.0520761 0.0480789 0.0467735 0.0480031 0.0518737 0.0587748 0.0694204 0.0849429 0.107052 0.138222 0.181775 0.241611 0.321065 0.420235 0.53178 0.639292 0.727982 0.804571 0.892428 0.991989 1.07639 1.16036 1.24422 1.21462 1.03898 0.840765 0.644795 0.470386 0.34285 0.265885 0.231355 0.229042 0.249468 0.284413 0.326781 0.368242 0.39601 0.397533 0.371365 0.326726 0.27546 0.227364 0.187672 0.157122 0.134319 0.117952 0.107705 0.104291 0.109359 0.125463 0.155872 0.203882 0.271449 0.357851 0.46021 0.573499 0.676374 0.709375 0.630482 0.491682 0.358982 0.25836 0.191274 0.15157 0.132459 0.128338 0.134864 0.148746 0.16763 0.189785 0.213239 0.234748 0.249873 0.255305 0.251975 0.244689 0.237877 0.232582 0.22786 0.224126 0.223802 0.228113 0.233384 0.230998 0.213478 0.181747 0.143879 0.107894 0.0779647 0.0549702 0.0381346 0.0261729 0.0178348 
0.0148691 0.0192276 0.0245093 0.0308159 0.0382054 0.0466308 0.0558878 0.0656516 0.0756848 0.086199 0.0981969 0.113596 0.135111 0.16608 0.210391 0.272516 0.35717 0.46666 0.59074 0.687467 0.708969 0.687007 0.682471 0.70897 0.712746 0.618875 0.472212 0.34201 0.24565 0.179491 0.136657 0.111409 0.0997603 0.0992721 0.108622 0.126938 0.152665 0.181695 0.205557 0.213164 0.198883 0.168395 0.13288 0.100609 0.0749559 0.0562487 0.0436782 0.0363387 0.0336472 0.0354595 0.0420445 0.0539452 0.0716558 0.0950149 0.122372 0.150169 0.174239 0.193005 0.209135 0.226164 0.242327 0.248119 0.233869 0.201774 0.164368 0.133085 0.113447 0.106735 0.112193 0.127705 0.149195 0.169988 0.182359 0.182067 0.171522 0.157191 0.144859 0.137632 0.136497 0.141438 0.152064 0.167453 0.185293 0.201129 0.209395 0.206905 0.195481 0.180168 0.165706 0.155212 0.15061 0.152653 0.159997 0.168551 0.173083 0.171457 0.167645 0.170038 0.18792 0.2297 0.300991 0.394865 0.465051 0.441185 0.350863 0.263792 0.203351 0.168408 0.153227 0.153255 0.166072 0.191092 0.228984 0.28061 0.344552 0.413234 0.47225 0.510375 0.530377 0.539692 0.532642 0.49183 0.416054 0.328892 0.252326 0.194791 0.156421 0.134748 0.127256 0.131983 0.147215 0.170828 0.199805 0.23057 0.260411 0.289037 0.318493 0.351001 0.38659 0.422391 0.453852 0.477036 0.487356 0.475309 0.436315 0.38298 0.331153 0.286914 0.250556 0.222292 0.202671 0.191258 0.186665 0.187337 0.191549 0.196602 0.198719 0.194609 0.183541 0.167707 0.150443 0.134212 0.120004 0.107967 0.0982015 0.0911208 0.0874592 0.0882567 0.0949559 0.109581 0.134954 0.174865 0.233941 0.316162 0.418565 0.51326 0.538518 0.481609 0.405746 0.351401 0.323519 0.310958 0.297288 0.271365 0.234535 0.195689 0.162495 0.138651 0.125211 0.122232 0.129644 0.14746 0.175538 0.213037 0.257882 0.306955 0.357623 0.409637 0.464714 0.52305 0.57991 0.625247 0.642333 0.606944 0.516167 0.407127 0.31422 0.248485 0.208203 0.188561 0.185461 0.196469 0.220894 0.259635 0.314366 0.384497 0.459964 0.515004 0.525747 0.501889 0.472284 0.456977 0.464466 0.497088 0.554975 0.637253 0.741249 0.861843 0.990597 1.11236 1.20801 1.27423 1.32783 1.38186 1.42927 1.45252 1.45152 1.45367 1.49188 1.58273 1.71359 1.82068 1.82167 1.74454 1.65424 1.56359 1.46916 1.39153 1.36035 1.39858 1.53145 1.78829 2.15207 2.47165 2.69497 2.80442 2.64267 2.35626 2.13809 1.95133 1.76513 1.62333 1.55201 1.53654 1.55083 1.58212 1.63539 1.72274 1.81736 1.7821 1.60585 1.42355 1.20786 0.997355 0.839631 0.726425 0.639852 0.570812 0.517963 0.484265 0.476068 0.503159 0.577315 0.706001 0.874489 1.03115 1.13994 1.18193 1.14239 1.0748 1.00842 0.928336 0.830611 0.75261 0.716891 0.711186 0.710958 0.704133 0.695374 0.693169 0.699493 0.706696 0.704031 0.692108 0.6836 0.690151 0.717237 0.756998 0.768662 0.717297 0.63992 0.574445 0.524506 0.483561 0.447618 0.417298 0.39888 0.4037 0.445129 0.534039 0.670814 0.831865 0.963789 1.00646 0.930702 0.770446 0.593279 0.443304 0.333413 0.260032 0.214296 0.187422 0.173075 0.168607 0.175545 0.199313 0.248574 0.33455 0.468357 0.644213 0.768218 0.714093 0.612711 0.557894 0.567466 0.65053 0.80987 0.995868 1.05341 0.91165 0.702613 0.540276 0.447057 0.416218 0.440232 0.512902 0.621933 0.746581 0.857159 0.84036 0.678046 0.543798 0.492298 0.521933 0.606521 0.659602 0.603674 0.517856 0.469341 0.47383 0.538312 0.668055 0.83436 0.901232 0.839154 0.78801 0.785195 0.812462 0.818781 0.747433 0.609972 0.464819 0.347523 0.265013 0.212116 0.181644 0.16828 0.169258 0.183179 0.207593 0.23613 0.257594 0.261244 0.245883 0.220364 0.194971 0.175589 0.163286 0.155683 0.148669 0.138635 0.124461 0.107669 0.0908401 0.076045 0.0643118 0.0558264 0.0503219 0.0473931 0.0466992 0.048083 0.0516354 0.0577324 0.0670729 0.0807571 0.100432 0.128499 0.168311 0.224196 0.300879 0.401319 0.521135 0.640049 0.729095 0.792899 0.867856 0.949356 0.982849 0.984118 0.99438 1.0001 0.993967 0.940569 0.745218 0.522124 0.361484 0.264536 0.21606 0.202818 0.215567 0.24802 0.2943 0.343785 0.376785 0.374916 0.341616 0.296045 0.2529 0.21767 0.189964 0.167018 0.14669 0.129079 0.116151 0.110621 0.115458 0.134096 0.170624 0.229132 0.311368 0.413098 0.5244 0.637179 0.735183 0.760256 0.667042 0.513584 0.370565 0.26359 0.192677 0.150651 0.130308 0.126202 0.134661 0.153459 0.181419 0.21762 0.259815 0.302181 0.334274 0.346041 0.338564 0.324535 0.314545 0.308565 0.301054 0.29181 0.28836 0.297123 0.313629 0.31926 0.294548 0.242413 0.182756 0.13045 0.0902009 0.0612315 0.0411162 0.0274292 0.0182264 
0.0116165 0.0151002 0.0193984 0.0246448 0.0309665 0.0384579 0.0471576 0.0570639 0.068225 0.0809221 0.0959321 0.114827 0.140251 0.176144 0.227945 0.302946 0.410847 0.563385 0.764956 0.948741 0.927265 0.812618 0.738364 0.704614 0.66659 0.582336 0.466024 0.35446 0.265027 0.19989 0.156031 0.129676 0.117862 0.118964 0.132755 0.160021 0.20128 0.25332 0.30252 0.32245 0.296137 0.239725 0.179864 0.130285 0.0936128 0.0681907 0.0516488 0.0421255 0.0385437 0.0405977 0.0486653 0.0636434 0.0865523 0.117612 0.154527 0.190689 0.216511 0.226635 0.225511 0.221609 0.218012 0.210471 0.193451 0.167353 0.138552 0.113913 0.0973941 0.090149 0.0915913 0.0999512 0.112279 0.124556 0.132738 0.134664 0.131188 0.12523 0.119834 0.117017 0.11773 0.122281 0.130584 0.141968 0.154614 0.165215 0.169915 0.166671 0.156927 0.144569 0.133566 0.126692 0.125425 0.129912 0.138549 0.147841 0.153887 0.155584 0.156882 0.165855 0.192593 0.248636 0.347018 0.49465 0.635726 0.586422 0.431891 0.31193 0.238613 0.199806 0.18452 0.185848 0.200164 0.225806 0.262217 0.309372 0.365801 0.424493 0.471503 0.495178 0.496832 0.4838 0.456982 0.412116 0.35085 0.28416 0.224014 0.177058 0.145034 0.127342 0.122848 0.130608 0.149774 0.178974 0.215445 0.254625 0.29145 0.323751 0.354778 0.391001 0.436816 0.490228 0.542613 0.586209 0.616084 0.612793 0.560981 0.487525 0.419941 0.360598 0.305826 0.258347 0.223333 0.20322 0.197506 0.204038 0.219085 0.236475 0.247991 0.246767 0.231649 0.207585 0.181338 0.157373 0.137101 0.120356 0.1069 0.0969798 0.0912858 0.090879 0.0973209 0.112924 0.141019 0.186133 0.253778 0.348816 0.468789 0.582631 0.613086 0.543586 0.455965 0.397534 0.372822 0.367113 0.356904 0.325661 0.2774 0.226823 0.184336 0.153732 0.135468 0.129184 0.134748 0.152402 0.182326 0.223579 0.272656 0.323027 0.368339 0.408126 0.447842 0.49071 0.530332 0.551691 0.540629 0.493069 0.418853 0.338196 0.269086 0.219783 0.191102 0.180867 0.186642 0.206943 0.241937 0.294102 0.368353 0.469177 0.588382 0.680007 0.684266 0.625908 0.562532 0.520188 0.505667 0.518246 0.555664 0.616689 0.70055 0.806026 0.930942 1.06963 1.20686 1.3171 1.38959 1.4404 1.47896 1.50008 1.50564 1.51896 1.57011 1.67655 1.83662 1.97995 1.94627 1.82169 1.70809 1.60836 1.52206 1.46305 1.44813 1.49603 1.6366 1.90731 2.30102 2.68435 2.97784 3.08997 2.96125 2.69387 2.47676 2.24432 1.91649 1.67055 1.53747 1.48905 1.49209 1.52408 1.58396 1.70039 1.93084 2.0197 1.79633 1.73999 1.44879 1.16352 0.982658 0.856425 0.752067 0.660184 0.583108 0.526363 0.496551 0.501607 0.54981 0.645278 0.779618 0.930841 1.07379 1.13159 1.05057 0.936437 0.841991 0.770934 0.726263 0.71891 0.750186 0.79461 0.812997 0.796371 0.76671 0.741575 0.725612 0.716662 0.71075 0.705485 0.700253 0.694245 0.687358 0.679208 0.663278 0.634242 0.598538 0.561762 0.521982 0.479113 0.437579 0.403206 0.383544 0.388882 0.431084 0.52072 0.661888 0.844379 1.0371 1.17096 1.12256 0.910107 0.676322 0.488264 0.356571 0.271952 0.221085 0.19215 0.17669 0.170642 0.174719 0.193676 0.234742 0.305515 0.409088 0.529233 0.607653 0.595545 0.542555 0.509801 0.524586 0.600944 0.745045 0.940539 1.10204 0.976891 0.724693 0.544828 0.44722 0.419 0.451374 0.53609 0.647409 0.727847 0.735841 0.67322 0.569014 0.479423 0.438497 0.449563 0.490629 0.51173 0.479388 0.42625 0.394239 0.401813 0.455932 0.554942 0.667241 0.713207 0.678772 0.640022 0.630787 0.640275 0.636868 0.592026 0.508265 0.412985 0.329822 0.267742 0.225635 0.198904 0.183703 0.17834 0.182282 0.194074 0.209663 0.22253 0.226439 0.21917 0.203482 0.184532 0.166728 0.152169 0.140569 0.130122 0.118917 0.106207 0.0926767 0.0797255 0.0686015 0.0599841 0.0540003 0.0504151 0.0488385 0.0489037 0.0504144 0.0534476 0.0584066 0.066042 0.0774986 0.0944442 0.119316 0.155675 0.208599 0.284823 0.391551 0.529955 0.673956 0.756882 0.772665 0.790948 0.820957 0.822549 0.803691 0.805367 0.851167 0.970058 1.13435 0.829694 0.54075 0.359535 0.253695 0.199008 0.180131 0.187983 0.217148 0.262357 0.312646 0.346919 0.345834 0.314729 0.275686 0.243894 0.222459 0.206951 0.190791 0.170579 0.148442 0.129659 0.119357 0.121597 0.140188 0.179519 0.244075 0.335128 0.443745 0.548254 0.631862 0.687332 0.684732 0.599888 0.469346 0.344313 0.248042 0.182887 0.143906 0.125546 0.123778 0.136466 0.163199 0.204812 0.262261 0.334299 0.413079 0.477364 0.497158 0.472101 0.439427 0.424726 0.422121 0.410791 0.387391 0.372719 0.385642 0.42383 0.450603 0.413775 0.323693 0.230057 0.156174 0.10375 0.0681943 0.0445808 0.029062 0.0189191 
0.00973548 0.0128354 0.0167844 0.02179 0.0280964 0.0359688 0.0456629 0.0573799 0.0712363 0.0873192 0.105957 0.128293 0.15703 0.196971 0.255152 0.340849 0.466168 0.647548 0.904676 1.19736 1.11177 0.919101 0.79378 0.716248 0.651186 0.571025 0.474439 0.376998 0.29238 0.226706 0.180577 0.152085 0.139137 0.140866 0.158348 0.194795 0.254945 0.341362 0.439848 0.49049 0.435837 0.329857 0.233955 0.163033 0.11411 0.0815279 0.0607354 0.0487683 0.0440372 0.0460834 0.0554194 0.0733827 0.10177 0.141729 0.19105 0.239802 0.269951 0.269519 0.247219 0.220316 0.197477 0.177827 0.157602 0.135528 0.113694 0.0952841 0.0825434 0.0762538 0.0760207 0.0805888 0.0880177 0.0959406 0.102157 0.105428 0.105885 0.104689 0.103262 0.102745 0.103875 0.107068 0.112425 0.11952 0.127087 0.132963 0.134821 0.131556 0.124186 0.115322 0.107805 0.103749 0.104218 0.109116 0.117023 0.125398 0.131797 0.135988 0.141427 0.154943 0.185701 0.244988 0.345962 0.495632 0.638487 0.594156 0.446313 0.333225 0.266925 0.234675 0.224907 0.23067 0.248404 0.275388 0.308605 0.346054 0.386998 0.427933 0.459575 0.472508 0.465204 0.441855 0.40577 0.358731 0.304352 0.249145 0.199912 0.161152 0.134753 0.121069 0.120054 0.131903 0.157086 0.195643 0.245465 0.299878 0.347675 0.381051 0.405605 0.436194 0.483905 0.547861 0.614098 0.669955 0.714399 0.722394 0.666411 0.589499 0.524355 0.458118 0.381025 0.307186 0.252299 0.221831 0.214917 0.22825 0.256159 0.288649 0.31143 0.312143 0.289265 0.252533 0.213917 0.180366 0.153442 0.132241 0.11578 0.103809 0.0967285 0.0954857 0.101713 0.11798 0.147996 0.196571 0.268803 0.367163 0.483569 0.584197 0.611342 0.55682 0.480877 0.428322 0.408671 0.408683 0.40169 0.367732 0.31277 0.255232 0.206925 0.171589 0.149481 0.14032 0.144392 0.16272 0.196576 0.245955 0.306508 0.366567 0.412016 0.441817 0.470755 0.51006 0.550297 0.561652 0.523998 0.451688 0.37028 0.296696 0.239472 0.201647 0.183001 0.181928 0.196625 0.22581 0.269582 0.330845 0.416634 0.536393 0.68815 0.814001 0.812317 0.72592 0.636544 0.571989 0.538988 0.535315 0.557017 0.602815 0.674215 0.775061 0.911771 1.09024 1.29789 1.46934 1.55388 1.59525 1.6164 1.61962 1.61301 1.62406 1.68 1.78232 1.91742 2.03022 1.99915 1.89525 1.7938 1.69295 1.61021 1.56587 1.56281 1.60435 1.7139 1.92555 2.2448 2.62851 3.02208 3.29002 3.28859 2.98812 2.73032 2.48457 2.01313 1.70315 1.53081 1.45053 1.42536 1.43176 1.46744 1.55446 1.71178 1.77793 1.71827 1.76027 1.51002 1.26486 1.11588 1.00254 0.8908 0.776117 0.668792 0.581179 0.522138 0.497909 0.513069 0.568785 0.660172 0.775885 0.890367 0.934476 0.870197 0.772274 0.693788 0.649771 0.64827 0.697036 0.792563 0.895475 0.935258 0.905522 0.856989 0.814934 0.782861 0.762051 0.752459 0.746739 0.733501 0.707009 0.670915 0.634121 0.603574 0.581107 0.563724 0.542783 0.50989 0.466639 0.422081 0.385148 0.363783 0.36683 0.404327 0.486419 0.62175 0.81685 1.07832 1.39147 1.36773 1.02913 0.730969 0.51136 0.364811 0.273552 0.219981 0.190012 0.173766 0.166122 0.166878 0.179597 0.209363 0.259928 0.329324 0.403029 0.452995 0.461544 0.445243 0.435139 0.454869 0.519588 0.637735 0.805438 0.957703 0.873713 0.667659 0.514388 0.430733 0.409222 0.444086 0.527792 0.630451 0.681235 0.64392 0.56272 0.477196 0.410294 0.374262 0.368276 0.377933 0.380021 0.361723 0.334499 0.318556 0.327036 0.364451 0.425433 0.488037 0.51974 0.515589 0.503563 0.503083 0.510944 0.510397 0.486063 0.437283 0.377478 0.321887 0.27851 0.247456 0.225026 0.20835 0.197418 0.193721 0.197659 0.206941 0.216711 0.221355 0.217207 0.204329 0.185874 0.16583 0.1471 0.130831 0.11674 0.103985 0.0920072 0.0808938 0.0711766 0.0634275 0.0579719 0.0547945 0.0535719 0.0537823 0.054884 0.0565353 0.0587808 0.0621214 0.067475 0.0761292 0.0898114 0.110941 0.143072 0.19147 0.263624 0.368647 0.511107 0.66397 0.734101 0.70545 0.67225 0.658096 0.643968 0.630048 0.63815 0.689821 0.797104 0.878029 0.703739 0.480382 0.324361 0.228832 0.177225 0.157341 0.161586 0.185141 0.222886 0.264893 0.294242 0.296953 0.277822 0.254702 0.240649 0.237439 0.237253 0.228457 0.205714 0.174949 0.146718 0.128945 0.126124 0.141487 0.178624 0.241168 0.329037 0.429941 0.515303 0.563507 0.57649 0.551212 0.482188 0.386829 0.292934 0.217377 0.164484 0.132553 0.118695 0.121054 0.1396 0.17632 0.23491 0.319516 0.432114 0.567747 0.696605 0.729043 0.648616 0.574144 0.555769 0.569764 0.555868 0.501769 0.460728 0.470467 0.534046 0.597837 0.543215 0.400283 0.270405 0.177208 0.114787 0.0739878 0.0475833 0.0305707 0.0196331 
0.00899282 0.0121149 0.0162405 0.0216874 0.028865 0.0382695 0.0504353 0.0658037 0.0845038 0.106161 0.130097 0.156367 0.187462 0.229441 0.291426 0.383913 0.516932 0.697965 0.92202 1.11445 1.11007 0.980252 0.856447 0.76766 0.696054 0.617967 0.525757 0.427722 0.337618 0.26519 0.213342 0.180625 0.164752 0.16501 0.183458 0.225539 0.300572 0.420996 0.589609 0.709901 0.591172 0.41446 0.282611 0.193491 0.134376 0.0955305 0.0706892 0.0561269 0.0499074 0.0514523 0.0613468 0.0812391 0.113568 0.160473 0.220477 0.281488 0.316721 0.306117 0.264251 0.218226 0.180883 0.152623 0.129957 0.11037 0.0934532 0.080015 0.0709081 0.0664345 0.0662589 0.0695155 0.074954 0.0811473 0.0868002 0.0910757 0.0937427 0.0950538 0.0954952 0.0956129 0.0959594 0.097041 0.0991668 0.102214 0.105444 0.107586 0.107357 0.104227 0.0988834 0.0929639 0.0883308 0.0864307 0.0879603 0.0927179 0.0995822 0.106829 0.113052 0.118481 0.12588 0.140458 0.169182 0.2199 0.298791 0.399919 0.478857 0.468314 0.395805 0.329427 0.291017 0.276775 0.278627 0.292213 0.316518 0.34829 0.379256 0.402811 0.421175 0.43904 0.454223 0.459177 0.448048 0.420019 0.378373 0.328346 0.275591 0.225438 0.182238 0.148832 0.126655 0.116396 0.118781 0.13518 0.167838 0.219303 0.289851 0.371005 0.438562 0.468101 0.470671 0.479154 0.512617 0.569358 0.631151 0.681247 0.719807 0.731078 0.698007 0.659604 0.634464 0.576942 0.469053 0.359647 0.281798 0.240721 0.232747 0.252824 0.293754 0.342024 0.376341 0.377457 0.344086 0.292637 0.241047 0.198434 0.166075 0.142025 0.124276 0.111757 0.104317 0.102669 0.108547 0.124896 0.155935 0.206894 0.282707 0.383911 0.497405 0.586572 0.607971 0.562174 0.494946 0.445305 0.42489 0.423045 0.415616 0.384022 0.332557 0.277279 0.229169 0.19227 0.167578 0.155702 0.157931 0.176515 0.214366 0.273445 0.350019 0.426684 0.476087 0.495449 0.516829 0.566848 0.63573 0.657125 0.579445 0.460894 0.355692 0.276809 0.223496 0.192966 0.182707 0.190631 0.214763 0.252978 0.303554 0.367286 0.449984 0.560756 0.697393 0.810474 0.821061 0.751695 0.665061 0.594226 0.552613 0.540138 0.552882 0.589922 0.654667 0.754952 0.903891 1.1186 1.40057 1.65106 1.76536 1.82048 1.80281 1.75799 1.7235 1.72795 1.79036 1.87797 1.94082 1.97145 1.96271 1.93093 1.87537 1.78435 1.70949 1.68452 1.69385 1.7184 1.77714 1.91189 2.14833 2.49407 2.94973 3.38717 3.47655 3.03031 2.60926 2.29692 1.96059 1.69927 1.52952 1.42527 1.36231 1.32627 1.3153 1.3362 1.38181 1.40896 1.41437 1.41506 1.35208 1.27063 1.20927 1.14519 1.05279 0.923118 0.779498 0.653022 0.558488 0.500927 0.481817 0.499351 0.547558 0.614758 0.677699 0.699555 0.665851 0.608362 0.562638 0.548659 0.579241 0.664084 0.80088 0.946277 1.01157 0.99027 0.947653 0.90763 0.868718 0.840766 0.833467 0.829825 0.799315 0.738692 0.669137 0.608883 0.566746 0.543194 0.530804 0.516255 0.488713 0.448791 0.405477 0.368209 0.344903 0.343358 0.372075 0.440295 0.558217 0.738174 0.994159 1.30314 1.30972 1.00363 0.711913 0.495442 0.351548 0.262194 0.209727 0.18018 0.163698 0.154896 0.152859 0.159884 0.179182 0.21229 0.256359 0.302092 0.336126 0.350808 0.352184 0.355599 0.376667 0.426595 0.50929 0.612619 0.685405 0.655134 0.553265 0.458341 0.401378 0.387769 0.41662 0.480614 0.552701 0.581351 0.544356 0.475759 0.408128 0.35555 0.322367 0.306308 0.29944 0.291743 0.278317 0.263419 0.255906 0.262698 0.285779 0.320763 0.35644 0.380608 0.391874 0.400405 0.414795 0.433252 0.444906 0.437928 0.409716 0.369652 0.330884 0.300896 0.27902 0.260372 0.242006 0.22575 0.21574 0.214469 0.22079 0.229997 0.235507 0.23194 0.217974 0.196421 0.171765 0.147792 0.126658 0.108996 0.0945252 0.0827278 0.0732864 0.066171 0.0614977 0.0593232 0.0594648 0.0613835 0.0641944 0.0668874 0.0687423 0.0697264 0.0705996 0.072692 0.0776159 0.0871903 0.103659 0.130127 0.171051 0.232455 0.320655 0.435515 0.550123 0.600476 0.575542 0.535425 0.507648 0.489412 0.479933 0.487213 0.518334 0.563596 0.572138 0.492242 0.370035 0.26492 0.192954 0.151255 0.133755 0.135421 0.152277 0.17968 0.209944 0.232334 0.239445 0.23505 0.231124 0.23757 0.255273 0.273183 0.272622 0.2451 0.202687 0.163095 0.136726 0.127488 0.137057 0.167153 0.219207 0.290837 0.36921 0.429719 0.454893 0.44845 0.417338 0.36471 0.29937 0.234699 0.180804 0.141938 0.118628 0.110393 0.117544 0.142209 0.188924 0.264649 0.377318 0.53199 0.728501 0.960713 1.02596 0.812798 0.681857 0.664232 0.70988 0.697953 0.600026 0.523993 0.516535 0.575415 0.641448 0.579066 0.422815 0.284295 0.185855 0.120115 0.0771877 0.0494375 0.0315969 0.020167 
0.0092295 0.0127287 0.0174923 0.023982 0.0328289 0.04486 0.0610577 0.0823459 0.109069 0.140197 0.172947 0.204447 0.235924 0.275748 0.337342 0.433795 0.571743 0.744522 0.927878 1.07367 1.1109 1.03158 0.92786 0.855387 0.798973 0.728254 0.630464 0.515106 0.40533 0.317949 0.256578 0.217611 0.196739 0.192498 0.207346 0.247616 0.323518 0.448409 0.627015 0.760357 0.633879 0.449462 0.31203 0.217578 0.153391 0.110073 0.0815772 0.0642338 0.0560594 0.0563851 0.0657058 0.0856066 0.118509 0.16659 0.228371 0.291162 0.325948 0.310505 0.261083 0.207549 0.164236 0.132492 0.109344 0.0919366 0.0787558 0.0693525 0.0636813 0.0616216 0.0627819 0.0664914 0.0718793 0.0780032 0.0840001 0.0892046 0.0931747 0.0956461 0.0965241 0.0959706 0.0944763 0.0927512 0.0914265 0.0907406 0.0903989 0.0897097 0.0879732 0.084941 0.0810617 0.0773498 0.0749904 0.0749297 0.0775859 0.0826902 0.0892935 0.0960777 0.102067 0.107533 0.114568 0.126966 0.149481 0.186466 0.239017 0.29908 0.344493 0.354204 0.337533 0.321434 0.320248 0.332064 0.349645 0.372371 0.406517 0.450815 0.485414 0.490844 0.477894 0.468377 0.467829 0.467267 0.453956 0.421039 0.371938 0.315751 0.260557 0.211351 0.170868 0.140537 0.121125 0.113315 0.118326 0.138539 0.17805 0.242721 0.33801 0.458689 0.561856 0.579196 0.537354 0.507192 0.511741 0.543669 0.583633 0.615867 0.638892 0.650523 0.653292 0.673715 0.712763 0.677462 0.535031 0.393888 0.299558 0.251916 0.243692 0.26844 0.318213 0.377312 0.419066 0.418877 0.376721 0.314802 0.255015 0.207496 0.173158 0.149267 0.132854 0.121848 0.115292 0.113556 0.118597 0.134017 0.164899 0.217495 0.298167 0.409589 0.53982 0.643369 0.65824 0.594285 0.514433 0.456244 0.42711 0.416778 0.4063 0.381091 0.341332 0.296253 0.253749 0.217983 0.191355 0.176113 0.175001 0.19154 0.230001 0.294028 0.381205 0.470915 0.524113 0.53568 0.553654 0.62036 0.739158 0.797317 0.655995 0.481211 0.352144 0.267066 0.215753 0.190943 0.18852 0.206173 0.24175 0.291471 0.349274 0.409985 0.47529 0.552904 0.642084 0.715669 0.735677 0.700557 0.638481 0.579902 0.543014 0.531242 0.542285 0.575919 0.636521 0.733312 0.880262 1.09385 1.37589 1.66123 1.91038 2.12008 1.99065 1.86741 1.79556 1.78302 1.84471 1.91905 1.91346 1.8791 1.87181 1.88277 1.87018 1.81493 1.7785 1.78896 1.81197 1.81421 1.8224 1.89205 2.0541 2.32086 2.70056 3.16738 3.07732 2.68327 2.34301 2.08999 1.88101 1.7086 1.56519 1.43851 1.32855 1.24036 1.17714 1.14045 1.12602 1.12407 1.13317 1.154 1.1788 1.20864 1.24087 1.26783 1.2501 1.1111 0.913865 0.740427 0.606896 0.515001 0.463968 0.448982 0.461421 0.488924 0.514592 0.520787 0.502467 0.473416 0.454064 0.461372 0.508262 0.603341 0.742596 0.889481 0.9803 1.00479 1.00577 0.994936 0.959642 0.931324 0.946343 0.970473 0.914394 0.793469 0.679128 0.595315 0.542772 0.515518 0.502811 0.490807 0.468751 0.435068 0.395806 0.359171 0.332947 0.324513 0.341213 0.390529 0.480067 0.616085 0.793592 0.957984 0.975252 0.817688 0.611304 0.438741 0.317229 0.239053 0.191795 0.164324 0.148345 0.139071 0.135264 0.138193 0.149765 0.170586 0.198474 0.228022 0.252442 0.267809 0.276428 0.285955 0.305491 0.341672 0.394933 0.454249 0.493841 0.489736 0.450028 0.403815 0.372255 0.364679 0.383241 0.422209 0.462991 0.478164 0.456295 0.412281 0.365157 0.325058 0.294956 0.273677 0.257777 0.243643 0.229937 0.218618 0.213362 0.217054 0.230155 0.250146 0.272289 0.292643 0.311793 0.334578 0.364983 0.400644 0.430503 0.439333 0.421263 0.387603 0.355261 0.332724 0.317482 0.301905 0.281905 0.26085 0.245558 0.240512 0.245242 0.254463 0.2601 0.255219 0.237901 0.211468 0.181321 0.152075 0.126545 0.105837 0.0898886 0.078125 0.0699751 0.0651155 0.0634643 0.0649975 0.0694491 0.0759751 0.0829759 0.0883888 0.0905855 0.0893625 0.0861433 0.0832356 0.082946 0.0872516 0.0980376 0.117556 0.148758 0.195061 0.258548 0.334713 0.404097 0.437296 0.429301 0.404839 0.382791 0.367592 0.35999 0.361989 0.373387 0.384742 0.375266 0.331064 0.26547 0.202165 0.154244 0.124398 0.110935 0.111154 0.122173 0.140391 0.160753 0.177531 0.187766 0.194601 0.205883 0.228727 0.263249 0.296224 0.302831 0.271482 0.220142 0.172348 0.139655 0.124847 0.127877 0.148435 0.185657 0.235558 0.287573 0.325729 0.339339 0.330115 0.304443 0.267307 0.224193 0.181768 0.145688 0.119265 0.104042 0.101118 0.112415 0.141708 0.195499 0.283349 0.416029 0.597157 0.808002 1.00981 1.0364 0.833939 0.703426 0.686902 0.735458 0.725381 0.625237 0.540714 0.513604 0.534039 0.552258 0.497939 0.383321 0.269505 0.181454 0.119461 0.0776186 0.0500056 0.0320315 0.0204374 
0.0103584 0.0145721 0.0204107 0.0285054 0.0397572 0.0554375 0.0772357 0.107071 0.146263 0.19354 0.242401 0.282348 0.309824 0.338378 0.391466 0.489097 0.637981 0.815926 0.971364 1.07877 1.11481 1.05343 0.979838 0.949553 0.933237 0.886616 0.782853 0.633573 0.490347 0.382742 0.311215 0.266002 0.238555 0.22619 0.231974 0.262318 0.324511 0.422333 0.540296 0.608304 0.55362 0.436576 0.325512 0.237835 0.172744 0.126058 0.0938778 0.0733191 0.062572 0.0608482 0.0683405 0.0861333 0.115844 0.158451 0.211244 0.262332 0.289021 0.275529 0.233372 0.185499 0.145087 0.115008 0.0937431 0.0790655 0.0693569 0.0637108 0.0616168 0.0626429 0.0662605 0.0718088 0.0785392 0.0856957 0.0925931 0.0986435 0.103296 0.105967 0.10615 0.103746 0.0993293 0.0939998 0.0888699 0.0845885 0.0811926 0.0782954 0.0754482 0.0724829 0.0696755 0.06768 0.0672989 0.0692021 0.0736621 0.0803406 0.0882156 0.0958259 0.101953 0.106528 0.111184 0.119 0.133519 0.157351 0.190346 0.22766 0.260417 0.282806 0.299947 0.323694 0.360205 0.402249 0.435951 0.463521 0.506635 0.573686 0.624759 0.606046 0.550964 0.512388 0.499416 0.496588 0.481663 0.441182 0.380746 0.315217 0.25517 0.204843 0.165237 0.1364 0.118402 0.111772 0.117935 0.13979 0.182468 0.25397 0.364221 0.515219 0.655049 0.655446 0.567726 0.503465 0.480195 0.48465 0.499719 0.514052 0.526177 0.539649 0.563171 0.611009 0.670165 0.649164 0.519399 0.385855 0.295424 0.249839 0.242794 0.268221 0.318211 0.376866 0.417246 0.415189 0.371981 0.310329 0.251737 0.206211 0.174877 0.15502 0.143113 0.135996 0.131575 0.129711 0.132809 0.145564 0.174279 0.22648 0.310596 0.433888 0.592172 0.732521 0.739934 0.63984 0.537399 0.466232 0.426253 0.406988 0.394389 0.377318 0.35223 0.321102 0.28707 0.253359 0.223958 0.203423 0.196267 0.206928 0.239922 0.298647 0.38022 0.464772 0.516948 0.531984 0.552292 0.616996 0.728761 0.779034 0.638782 0.46574 0.338831 0.257291 0.210903 0.192414 0.198257 0.227276 0.27841 0.346658 0.418384 0.474987 0.511715 0.543151 0.58003 0.613963 0.62705 0.611301 0.575867 0.539833 0.518116 0.515325 0.530666 0.56442 0.62097 0.708695 0.838124 1.01837 1.24887 1.51514 1.83364 2.14669 2.04794 1.9402 1.83303 1.76314 1.77186 1.80215 1.765 1.71248 1.70305 1.72394 1.74229 1.75608 1.79849 1.85425 1.87118 1.84485 1.82278 1.85812 1.96771 2.142 2.3603 2.54382 2.50547 2.30111 2.1054 1.96978 1.8786 1.7962 1.68098 1.51831 1.34616 1.19886 1.08519 1.0037 0.951109 0.92518 0.92675 0.957439 1.01581 1.09664 1.19802 1.34172 1.51292 1.31627 1.03844 0.825807 0.658941 0.537137 0.460557 0.421899 0.409796 0.411498 0.414379 0.409069 0.394143 0.377278 0.370787 0.386813 0.4352 0.521323 0.64012 0.767947 0.870801 0.938797 0.990049 1.01824 0.996661 0.980083 1.04187 1.15372 1.05577 0.842589 0.685007 0.585155 0.527947 0.50018 0.488803 0.480447 0.464615 0.437425 0.401734 0.36427 0.332887 0.315093 0.31746 0.345406 0.402647 0.488698 0.591191 0.673251 0.681328 0.601097 0.478032 0.361118 0.271206 0.209608 0.170366 0.146323 0.131552 0.122407 0.117727 0.118157 0.12484 0.138105 0.156613 0.177279 0.196339 0.211348 0.222889 0.234631 0.251652 0.277913 0.313492 0.352222 0.382351 0.393814 0.386972 0.371211 0.357218 0.352967 0.362424 0.383484 0.406326 0.4173 0.409209 0.386049 0.356443 0.326677 0.299164 0.273962 0.250731 0.229805 0.212295 0.199687 0.193214 0.193317 0.199481 0.210456 0.224922 0.242711 0.265884 0.298247 0.342637 0.396397 0.446133 0.469179 0.454474 0.418975 0.386912 0.368311 0.358338 0.346078 0.325582 0.301019 0.281604 0.273781 0.277452 0.28619 0.290243 0.281748 0.25916 0.226894 0.191311 0.157573 0.128741 0.105995 0.0892375 0.0777753 0.0709038 0.0682468 0.0698267 0.0758653 0.0863022 0.100055 0.114323 0.124791 0.127621 0.122214 0.111728 0.100756 0.0929713 0.0905505 0.0947749 0.106771 0.127852 0.15916 0.200226 0.246289 0.286384 0.308167 0.309246 0.298652 0.286001 0.275746 0.269186 0.266622 0.266595 0.263975 0.250979 0.223582 0.186606 0.149595 0.119843 0.100332 0.0911266 0.0909601 0.0979633 0.109729 0.123349 0.136194 0.147608 0.160243 0.179284 0.209341 0.249343 0.28607 0.295439 0.266428 0.216754 0.169549 0.136067 0.118632 0.116388 0.127845 0.15091 0.181522 0.212395 0.234488 0.241941 0.235034 0.217483 0.193165 0.165721 0.138825 0.115731 0.0988661 0.0900506 0.0911573 0.104937 0.135888 0.191101 0.280551 0.414666 0.592028 0.768553 0.861419 0.830651 0.721055 0.638365 0.623649 0.647761 0.642295 0.586273 0.526028 0.491857 0.480325 0.464097 0.413884 0.332234 0.245225 0.171357 0.115679 0.0763736 0.0496846 0.0320002 0.0204694 
0.0123565 0.0176396 0.0250107 0.0352741 0.0496065 0.0697708 0.0983812 0.139028 0.195597 0.269037 0.348919 0.406053 0.41948 0.417331 0.445956 0.535283 0.696318 0.895979 1.01683 1.03998 1.03061 0.990678 0.96715 0.991202 1.02932 1.03392 0.939853 0.74941 0.572889 0.451726 0.377351 0.330207 0.29552 0.27047 0.261404 0.27638 0.320325 0.390793 0.469467 0.517013 0.500705 0.431967 0.344812 0.263069 0.196045 0.144972 0.108216 0.083674 0.0696396 0.0650852 0.069726 0.0838862 0.108022 0.141572 0.180758 0.215972 0.233043 0.22348 0.193569 0.15724 0.124607 0.0994679 0.0819048 0.0707656 0.0648727 0.0633388 0.0654709 0.0705898 0.0779283 0.0866404 0.0958656 0.104799 0.112764 0.11923 0.123691 0.12545 0.123709 0.118175 0.10964 0.0997947 0.0903839 0.0824805 0.0763283 0.0716286 0.0679606 0.0651117 0.0632265 0.0627823 0.0644466 0.0688598 0.0763432 0.0865348 0.0980667 0.108627 0.115832 0.118768 0.119014 0.120084 0.125759 0.138547 0.158797 0.184607 0.213215 0.244192 0.281962 0.333822 0.402202 0.47309 0.518606 0.540416 0.581064 0.664843 0.736957 0.696791 0.609355 0.554962 0.537701 0.53466 0.516695 0.466622 0.394256 0.320169 0.256138 0.204846 0.165494 0.137031 0.119097 0.112135 0.117519 0.137959 0.178096 0.244872 0.345922 0.479035 0.595108 0.597597 0.522331 0.457771 0.423543 0.411054 0.409142 0.411347 0.417125 0.429825 0.454705 0.49371 0.528007 0.510476 0.430762 0.338845 0.270725 0.235143 0.230547 0.2527 0.294368 0.341507 0.372449 0.369228 0.333344 0.282403 0.233855 0.196816 0.173218 0.161154 0.156965 0.156214 0.155058 0.152504 0.151783 0.159352 0.182974 0.230866 0.311719 0.433273 0.592554 0.737415 0.749153 0.651836 0.550032 0.47564 0.429553 0.405014 0.393103 0.385721 0.376961 0.362147 0.337852 0.304955 0.269797 0.240554 0.223849 0.224511 0.24632 0.291141 0.354982 0.42234 0.470887 0.496462 0.520644 0.563258 0.615192 0.618635 0.531938 0.412024 0.311897 0.243967 0.206069 0.194803 0.209121 0.250653 0.322034 0.420908 0.524811 0.583001 0.57626 0.549233 0.534577 0.532669 0.531673 0.522884 0.507437 0.494236 0.491795 0.50301 0.526825 0.563031 0.615411 0.690919 0.796337 0.935757 1.11072 1.32419 1.57894 1.82687 1.99669 2.0541 1.87169 1.68174 1.5915 1.55542 1.51534 1.48182 1.48149 1.51049 1.55997 1.644 1.7781 1.87968 1.85052 1.78811 1.76278 1.79997 1.89219 2.0062 2.10942 2.16579 2.13488 2.043 1.96602 1.94683 1.96847 1.97229 1.87999 1.66041 1.41497 1.20896 1.04986 0.931365 0.848049 0.79864 0.784962 0.808675 0.868174 0.958674 1.0811 1.2539 1.44439 1.30741 1.07316 0.871896 0.694018 0.5569 0.467322 0.416949 0.392441 0.380335 0.369465 0.353778 0.334167 0.317167 0.311589 0.325747 0.365907 0.434566 0.52737 0.630802 0.727434 0.809497 0.879558 0.923906 0.924548 0.929515 1.0049 1.12597 1.02939 0.816749 0.663416 0.570148 0.520318 0.499687 0.495219 0.494133 0.485556 0.463513 0.428635 0.38705 0.347371 0.317831 0.304712 0.311802 0.339937 0.385491 0.437248 0.474383 0.474111 0.430301 0.360091 0.287178 0.226224 0.181398 0.150918 0.130935 0.117761 0.108994 0.103854 0.102798 0.106691 0.11594 0.129928 0.146901 0.164424 0.180336 0.193851 0.206248 0.220573 0.240191 0.266655 0.298017 0.32893 0.353138 0.366714 0.36971 0.366116 0.362591 0.365554 0.377525 0.394993 0.409897 0.414698 0.407167 0.390378 0.368193 0.34176 0.310944 0.277798 0.246787 0.222045 0.205383 0.196257 0.192856 0.193477 0.197497 0.205645 0.219926 0.243521 0.280212 0.332513 0.397508 0.460139 0.492698 0.480661 0.445405 0.416231 0.40404 0.402059 0.395906 0.376678 0.348979 0.325518 0.315771 0.319794 0.328566 0.329283 0.313576 0.282184 0.242051 0.200683 0.16326 0.132427 0.108929 0.0923327 0.0817291 0.0763407 0.0759403 0.0810006 0.0925006 0.111247 0.136478 0.163814 0.184287 0.188415 0.174562 0.150637 0.12646 0.107962 0.0971855 0.0942846 0.0989877 0.111116 0.130326 0.15524 0.182353 0.205956 0.220612 0.224909 0.221918 0.215828 0.209286 0.203328 0.198064 0.192669 0.185056 0.172615 0.154366 0.132419 0.110826 0.0932151 0.0815317 0.0761436 0.0764221 0.081194 0.0889894 0.0983094 0.108175 0.11891 0.132591 0.15243 0.18071 0.215135 0.244798 0.252753 0.231842 0.193926 0.155918 0.127357 0.110787 0.105583 0.110136 0.122278 0.138826 0.155296 0.166862 0.170422 0.165771 0.154719 0.139604 0.122686 0.106101 0.091825 0.0816372 0.0772748 0.0807842 0.0950174 0.124205 0.174429 0.253313 0.366704 0.506675 0.629367 0.673658 0.640957 0.580475 0.539452 0.537575 0.560238 0.573413 0.55753 0.523023 0.489239 0.461922 0.429133 0.376612 0.305547 0.230313 0.16409 0.112383 0.0749323 0.0490606 0.0317245 0.0203393 
0.0152497 0.0220139 0.0314543 0.0445275 0.0626078 0.0878127 0.123562 0.17535 0.251253 0.359895 0.496357 0.596044 0.570539 0.502371 0.485203 0.546406 0.689797 0.876391 0.959474 0.923951 0.885059 0.865888 0.88158 0.938186 1.00905 1.05228 0.982692 0.796353 0.624654 0.514802 0.455279 0.416391 0.37394 0.32897 0.298373 0.295395 0.324926 0.384179 0.459435 0.521065 0.531247 0.477797 0.389873 0.300876 0.225816 0.167553 0.124796 0.0954119 0.0774456 0.0694693 0.0706465 0.080544 0.0986111 0.123224 0.150403 0.173103 0.183118 0.176258 0.15591 0.130024 0.105602 0.0863594 0.0733906 0.0665099 0.0651452 0.0686571 0.0763029 0.08711 0.0998608 0.113244 0.126031 0.137145 0.145743 0.15137 0.153859 0.152816 0.147418 0.13726 0.12342 0.10828 0.0942535 0.0827644 0.0741198 0.0679482 0.0637209 0.0611147 0.0601766 0.0613409 0.0653544 0.0731054 0.0852785 0.101723 0.120571 0.137692 0.14787 0.148258 0.141119 0.132364 0.127749 0.130675 0.142148 0.161731 0.188941 0.224862 0.273164 0.338934 0.42271 0.507006 0.554884 0.565428 0.589415 0.653667 0.711069 0.684611 0.621219 0.584382 0.574677 0.568183 0.540195 0.480112 0.401654 0.325748 0.262418 0.212263 0.173203 0.143944 0.124448 0.115425 0.118083 0.13433 0.167078 0.219951 0.29471 0.382759 0.451496 0.461297 0.424502 0.382134 0.352424 0.335118 0.325859 0.322177 0.324286 0.333851 0.351911 0.374948 0.389463 0.376322 0.333062 0.279865 0.2372 0.2144 0.212896 0.230088 0.2599 0.291553 0.310651 0.306532 0.280497 0.243909 0.209111 0.183782 0.170637 0.168881 0.174955 0.182796 0.185816 0.181549 0.174653 0.174324 0.189965 0.229564 0.299735 0.403753 0.532173 0.642638 0.671547 0.622556 0.549709 0.485092 0.439348 0.413612 0.405238 0.410102 0.421672 0.428169 0.415337 0.379639 0.333158 0.290675 0.260938 0.24835 0.255782 0.284332 0.330696 0.384883 0.433611 0.470177 0.497629 0.519339 0.527849 0.503807 0.439577 0.35703 0.282903 0.229973 0.201086 0.196468 0.21776 0.269774 0.360692 0.497893 0.662579 0.738201 0.659964 0.56406 0.504132 0.47445 0.461151 0.454749 0.452868 0.458482 0.47513 0.502866 0.538373 0.579496 0.629512 0.694889 0.77924 0.882163 1.00536 1.15886 1.35696 1.60757 1.92122 2.2806 1.84413 1.54186 1.37951 1.30305 1.26587 1.25378 1.26851 1.30901 1.37843 1.49388 1.66406 1.78117 1.72462 1.65703 1.65238 1.71507 1.82096 1.92435 1.99264 2.01537 1.98831 1.93736 1.92249 1.98484 2.09083 2.1428 2.05216 1.79852 1.5119 1.26577 1.07055 0.920094 0.806963 0.730563 0.694551 0.700678 0.745985 0.823702 0.927014 1.04567 1.13076 1.10223 0.991446 0.845032 0.689675 0.562753 0.47839 0.430312 0.405488 0.389628 0.370574 0.343439 0.312427 0.286271 0.273085 0.278549 0.305845 0.355298 0.423291 0.501855 0.581265 0.654757 0.717643 0.759642 0.776246 0.792782 0.836295 0.87559 0.826173 0.712251 0.612072 0.548839 0.519337 0.514464 0.523227 0.533335 0.532936 0.514197 0.476646 0.427113 0.375983 0.332901 0.304371 0.293186 0.298549 0.315979 0.336973 0.349887 0.344289 0.317454 0.276278 0.231719 0.192182 0.161232 0.138715 0.122698 0.111047 0.102414 0.0965899 0.09428 0.0965346 0.104148 0.11721 0.13483 0.155025 0.174911 0.191643 0.204234 0.214991 0.228702 0.249875 0.280252 0.317742 0.356454 0.387861 0.404495 0.405571 0.398822 0.395656 0.404448 0.426309 0.453922 0.474758 0.480348 0.472826 0.457211 0.431468 0.391142 0.340877 0.292995 0.257022 0.235188 0.224084 0.218149 0.213397 0.209621 0.209689 0.217557 0.237118 0.271746 0.322943 0.386721 0.448126 0.482452 0.477994 0.454177 0.438407 0.442142 0.457934 0.46543 0.448066 0.412431 0.381128 0.370252 0.379626 0.39375 0.391046 0.361573 0.313406 0.260158 0.210991 0.169979 0.13822 0.115281 0.0999711 0.0909389 0.0872609 0.0889634 0.0973118 0.114717 0.144017 0.18645 0.237018 0.27824 0.285326 0.253493 0.204613 0.159682 0.126824 0.106382 0.0963298 0.0946213 0.0997424 0.110445 0.125166 0.141511 0.156356 0.166889 0.17192 0.172133 0.169066 0.16405 0.157882 0.150932 0.143168 0.134128 0.123239 0.110523 0.0970635 0.0846681 0.0750337 0.0691404 0.0671325 0.0685159 0.0724426 0.0779901 0.0844508 0.0916621 0.1003 0.111892 0.12824 0.150008 0.174582 0.194514 0.20021 0.18797 0.164033 0.138344 0.117643 0.10435 0.0983283 0.09841 0.102988 0.110025 0.117059 0.121673 0.122303 0.118702 0.111655 0.102369 0.0920942 0.082049 0.0734552 0.0676088 0.0659916 0.0704498 0.0834373 0.108262 0.1491 0.210095 0.292032 0.384689 0.459992 0.489211 0.477103 0.453802 0.447084 0.470299 0.518642 0.569057 0.588533 0.56556 0.526074 0.49049 0.450112 0.389254 0.310822 0.231293 0.16342 0.111407 0.0741161 0.0484864 0.031351 0.0201051 
0.0190819 0.027833 0.0400381 0.0567779 0.0794675 0.110185 0.152402 0.212339 0.300976 0.435824 0.634957 0.824638 0.712389 0.557152 0.491402 0.511431 0.600017 0.712226 0.764984 0.747823 0.72396 0.724286 0.758001 0.821583 0.89267 0.931417 0.88444 0.758615 0.63549 0.564008 0.541829 0.527183 0.474581 0.39819 0.339374 0.318211 0.339229 0.402343 0.503059 0.616849 0.665511 0.589265 0.46311 0.349436 0.260064 0.192509 0.142985 0.108348 0.0860979 0.0743554 0.0718 0.0774268 0.0900461 0.107554 0.126256 0.140953 0.146597 0.141038 0.126448 0.107783 0.0899526 0.0761879 0.0680355 0.0660194 0.0701914 0.0802936 0.095588 0.114607 0.135203 0.15507 0.172307 0.185438 0.19328 0.19543 0.192571 0.185451 0.173848 0.157434 0.137483 0.116869 0.0984392 0.083762 0.07306 0.0657966 0.061283 0.0590734 0.0591555 0.0620229 0.0686839 0.0805743 0.0992129 0.125277 0.156735 0.186536 0.203314 0.199506 0.179688 0.156044 0.138468 0.131443 0.13587 0.151324 0.177479 0.214885 0.265156 0.329978 0.406722 0.478981 0.518433 0.52474 0.53439 0.567094 0.600856 0.606836 0.602476 0.612191 0.621886 0.603632 0.552352 0.479653 0.402064 0.333241 0.277081 0.230849 0.191711 0.159604 0.136197 0.123151 0.121522 0.132062 0.15553 0.192294 0.240383 0.291564 0.329282 0.338932 0.32421 0.300995 0.280226 0.26484 0.25461 0.249429 0.24987 0.256411 0.268108 0.280935 0.287187 0.279282 0.257145 0.229567 0.207068 0.196069 0.198205 0.211502 0.231045 0.249353 0.258112 0.252207 0.23321 0.208269 0.185644 0.171393 0.168561 0.177301 0.194264 0.211604 0.219104 0.212157 0.197485 0.187865 0.194331 0.224092 0.281194 0.365142 0.465162 0.553895 0.598244 0.589586 0.547474 0.496913 0.454975 0.430198 0.426636 0.445888 0.483808 0.521258 0.523825 0.479131 0.414515 0.355639 0.311006 0.283052 0.274701 0.288434 0.323573 0.374814 0.432635 0.48493 0.519434 0.527977 0.50815 0.461385 0.395254 0.324356 0.263078 0.219659 0.197094 0.196753 0.22139 0.27713 0.374572 0.526853 0.726173 0.817375 0.689196 0.558353 0.477069 0.433618 0.414012 0.409576 0.417099 0.437178 0.470983 0.516351 0.566524 0.616128 0.669132 0.733693 0.809082 0.885035 0.958063 1.04575 1.17831 1.37986 1.63656 1.76979 1.57601 1.32601 1.16781 1.09264 1.06954 1.07796 1.10803 1.15603 1.22461 1.32118 1.43806 1.51196 1.49944 1.47915 1.51227 1.60953 1.74776 1.88037 1.97506 2.02122 2.00327 1.94365 1.92856 2.01954 2.16712 2.22155 2.11443 1.894 1.62977 1.36612 1.14328 0.965253 0.819316 0.708931 0.644173 0.627766 0.654457 0.71375 0.791548 0.868683 0.917184 0.913001 0.856822 0.760473 0.648508 0.553412 0.490231 0.456634 0.442234 0.431607 0.408299 0.36702 0.318274 0.27648 0.250605 0.24416 0.257594 0.28942 0.33622 0.392686 0.452614 0.510246 0.559908 0.595529 0.616615 0.633559 0.65438 0.66553 0.644037 0.596673 0.551808 0.527072 0.525768 0.543378 0.570688 0.59505 0.602981 0.585158 0.541277 0.480272 0.415306 0.357985 0.315349 0.289561 0.278798 0.278314 0.281468 0.281171 0.272136 0.253113 0.227178 0.199483 0.174394 0.154005 0.138234 0.125753 0.115141 0.105798 0.0982813 0.0940284 0.0947805 0.102087 0.116955 0.139413 0.167683 0.197142 0.220747 0.23334 0.237304 0.241972 0.257292 0.289242 0.338343 0.397984 0.452395 0.481935 0.480241 0.461792 0.448361 0.456022 0.490139 0.541588 0.585981 0.603333 0.602486 0.598463 0.580078 0.524443 0.441785 0.365316 0.314066 0.288915 0.280317 0.274945 0.263924 0.248398 0.235721 0.232645 0.243195 0.269442 0.311239 0.363632 0.413924 0.445219 0.451512 0.447272 0.454511 0.486249 0.537206 0.574439 0.556149 0.496825 0.447931 0.437411 0.46422 0.500307 0.49794 0.440403 0.35971 0.284622 0.224492 0.179593 0.147857 0.126859 0.114173 0.107604 0.105765 0.108838 0.119127 0.141123 0.181031 0.245048 0.33273 0.417076 0.431581 0.360312 0.268533 0.19543 0.146275 0.116272 0.0999454 0.093244 0.0935242 0.0990076 0.108176 0.11931 0.13037 0.139305 0.144612 0.145714 0.142935 0.137154 0.129404 0.120582 0.111302 0.101874 0.0924597 0.0833551 0.075171 0.068732 0.064756 0.0635498 0.0648838 0.0680768 0.0722432 0.0766268 0.0809083 0.0853808 0.0909337 0.0988037 0.110032 0.124585 0.14035 0.152877 0.157252 0.151669 0.13901 0.124348 0.111622 0.102501 0.0969917 0.0943742 0.0937542 0.094189 0.094669 0.0942335 0.0922358 0.0885269 0.0833909 0.0773359 0.0709401 0.0648277 0.0597255 0.0565389 0.0564189 0.0608276 0.0716066 0.0909825 0.121307 0.164098 0.217798 0.274582 0.320241 0.343615 0.348706 0.352439 0.373732 0.426991 0.518287 0.63159 0.69642 0.65837 0.593672 0.552486 0.512156 0.437868 0.338212 0.242964 0.167095 0.111894 0.0736365 0.0478799 0.0308647 0.0197698 
0.0238589 0.0352125 0.0511064 0.0727722 0.10152 0.138844 0.186964 0.250135 0.336754 0.46059 0.630719 0.769168 0.680094 0.536077 0.458166 0.448069 0.48627 0.540074 0.57253 0.576839 0.576834 0.593354 0.634662 0.697178 0.76273 0.797878 0.770699 0.692338 0.616314 0.587194 0.611654 0.634546 0.569191 0.456081 0.371537 0.336878 0.353686 0.425142 0.561684 0.773007 0.929266 0.738164 0.536569 0.393737 0.291705 0.216764 0.161658 0.122262 0.0957629 0.0800775 0.0736381 0.0751257 0.0830399 0.0951563 0.108155 0.117936 0.120959 0.115978 0.104706 0.0907504 0.0778599 0.0688498 0.0654994 0.0689307 0.0799217 0.0988349 0.125071 0.156305 0.188372 0.216725 0.238444 0.252108 0.25634 0.250673 0.237301 0.219425 0.198422 0.174322 0.148253 0.122947 0.101121 0.0841622 0.0720961 0.0642111 0.0596839 0.0579795 0.0590694 0.0635701 0.0728629 0.0891589 0.115311 0.153832 0.203945 0.255538 0.285373 0.274218 0.232941 0.187652 0.154213 0.136934 0.135181 0.147333 0.172095 0.208495 0.255347 0.310403 0.368353 0.417604 0.444356 0.450337 0.454968 0.472022 0.499238 0.533586 0.585966 0.65929 0.704397 0.660694 0.567243 0.476355 0.403674 0.349689 0.307328 0.26727 0.225839 0.186796 0.15593 0.136704 0.129906 0.134819 0.150041 0.173507 0.201783 0.229078 0.247804 0.252712 0.245253 0.23166 0.217496 0.205532 0.196896 0.192345 0.19247 0.197229 0.205276 0.21356 0.217913 0.215262 0.206214 0.195178 0.187592 0.187056 0.194161 0.206608 0.219932 0.228807 0.228989 0.219305 0.202427 0.183672 0.168775 0.162275 0.166944 0.183341 0.208308 0.232768 0.243526 0.234064 0.212953 0.195896 0.194953 0.21658 0.263297 0.333523 0.418701 0.500775 0.556701 0.571884 0.550745 0.511702 0.473412 0.448959 0.448192 0.479197 0.543654 0.619247 0.642436 0.585463 0.504689 0.435065 0.377751 0.332494 0.306148 0.306027 0.335458 0.393316 0.472273 0.553133 0.604511 0.604587 0.557339 0.480509 0.394817 0.316861 0.255856 0.215136 0.195136 0.196048 0.219719 0.270753 0.356196 0.480249 0.620153 0.680596 0.613881 0.519144 0.448414 0.405498 0.38504 0.382579 0.396101 0.425896 0.47279 0.533985 0.599952 0.662451 0.728753 0.811624 0.902507 0.967263 0.984623 0.987695 1.02934 1.13237 1.26501 1.3168 1.21928 1.07385 0.972243 0.931657 0.938277 0.972252 1.01714 1.06566 1.11855 1.17704 1.23405 1.27008 1.28073 1.29945 1.36356 1.48868 1.66069 1.83748 1.98975 2.10006 2.10049 1.98992 1.92265 2.00586 2.20417 2.25659 2.1204 1.9879 1.80047 1.49956 1.25165 1.05646 0.872278 0.718672 0.621129 0.582283 0.593091 0.639716 0.704102 0.763596 0.795316 0.787253 0.742808 0.673948 0.599238 0.538378 0.501306 0.48755 0.489718 0.490793 0.466127 0.408256 0.338022 0.278134 0.238428 0.220092 0.221079 0.238346 0.268309 0.306864 0.34958 0.391938 0.429358 0.458063 0.477781 0.492613 0.505695 0.513657 0.511469 0.502832 0.499181 0.510287 0.539628 0.58419 0.634505 0.67549 0.690779 0.670224 0.615676 0.53995 0.459821 0.388968 0.334818 0.298807 0.278055 0.267275 0.260543 0.252853 0.241308 0.225625 0.20764 0.19003 0.174924 0.163041 0.153523 0.144478 0.134202 0.122509 0.111142 0.103013 0.101185 0.108366 0.126861 0.158261 0.201846 0.250892 0.289593 0.301707 0.290421 0.277151 0.281706 0.314847 0.380218 0.472267 0.564995 0.61024 0.590088 0.543234 0.510784 0.515321 0.565288 0.650489 0.727904 0.753378 0.756975 0.782959 0.80191 0.720736 0.572909 0.452324 0.385166 0.364712 0.370815 0.374081 0.3538 0.317276 0.283921 0.264639 0.261732 0.274588 0.301509 0.3379 0.374755 0.402177 0.418105 0.432992 0.464399 0.528782 0.630942 0.725793 0.697962 0.587203 0.511029 0.504425 0.566983 0.663415 0.674119 0.553162 0.417093 0.3134 0.241504 0.193653 0.163491 0.146346 0.138263 0.13559 0.135703 0.138493 0.147435 0.1695 0.214644 0.295383 0.423068 0.578378 0.610091 0.46562 0.321665 0.222866 0.161057 0.124265 0.103733 0.0939031 0.0914796 0.0945355 0.101771 0.111903 0.123221 0.133433 0.140017 0.141116 0.13644 0.127324 0.115839 0.103833 0.0924979 0.082449 0.0739845 0.0673442 0.0628482 0.0608618 0.0616136 0.0649629 0.0702395 0.0762808 0.0817518 0.0856754 0.0878921 0.0891421 0.090741 0.0940585 0.0999802 0.108409 0.117931 0.12602 0.130147 0.129329 0.124719 0.118568 0.112675 0.107654 0.103206 0.0988075 0.0941992 0.0894369 0.084667 0.0799461 0.0752404 0.0705183 0.0658088 0.0612004 0.0568357 0.0529425 0.0498947 0.0482676 0.0488657 0.0527221 0.061069 0.0752325 0.0963293 0.124584 0.158233 0.192653 0.221539 0.24132 0.255659 0.275304 0.314771 0.390321 0.519001 0.704655 0.834834 0.744468 0.642959 0.602604 0.571166 0.484409 0.361903 0.251477 0.16873 0.111163 0.072441 0.0468561 0.0301379 0.0192984 
0.0294616 0.0440963 0.0648203 0.0931902 0.130462 0.177188 0.233062 0.297502 0.371102 0.455605 0.543106 0.588851 0.545426 0.462184 0.40214 0.381564 0.392052 0.415719 0.43571 0.447839 0.46089 0.485952 0.529214 0.589115 0.652423 0.690909 0.677127 0.622166 0.57176 0.564472 0.606943 0.643448 0.580866 0.465499 0.379255 0.342865 0.357348 0.426966 0.565994 0.79594 0.999281 0.765291 0.556001 0.414419 0.313717 0.238182 0.180626 0.137609 0.106989 0.0870908 0.0764701 0.0737403 0.07729 0.0849235 0.0936602 0.100087 0.101446 0.0969025 0.0879191 0.0774052 0.0684676 0.0636874 0.0650964 0.0744961 0.0936819 0.124175 0.166064 0.215881 0.265167 0.303771 0.327145 0.336555 0.332095 0.313043 0.283489 0.25028 0.217212 0.184794 0.153495 0.125067 0.101412 0.0834095 0.0708228 0.0628147 0.0584955 0.0572943 0.0591972 0.0649478 0.0762767 0.0961459 0.12885 0.179394 0.250277 0.331101 0.381883 0.359162 0.287747 0.217404 0.168446 0.142353 0.135739 0.145267 0.168384 0.202578 0.244328 0.288674 0.329564 0.360424 0.376695 0.381212 0.384255 0.39604 0.423337 0.47498 0.566233 0.702813 0.802199 0.71606 0.573603 0.470532 0.410901 0.381452 0.36146 0.329228 0.279807 0.226675 0.183693 0.156442 0.144662 0.145617 0.155614 0.170437 0.18569 0.197331 0.202415 0.200016 0.191692 0.180475 0.169164 0.159543 0.152659 0.149233 0.14966 0.153723 0.160296 0.167391 0.172818 0.175394 0.175926 0.177013 0.181671 0.191704 0.206524 0.222706 0.234726 0.237421 0.229014 0.212044 0.191616 0.173078 0.160738 0.157584 0.165371 0.184206 0.210833 0.236194 0.247066 0.236909 0.21436 0.195124 0.191067 0.208337 0.249342 0.313271 0.394169 0.478084 0.543651 0.571989 0.561402 0.527621 0.489618 0.462409 0.45902 0.491214 0.564233 0.657147 0.697189 0.651111 0.585917 0.529053 0.465958 0.39842 0.348377 0.332577 0.357972 0.426886 0.535909 0.661125 0.743115 0.737423 0.658514 0.540715 0.42244 0.326495 0.258267 0.215732 0.195576 0.195573 0.215474 0.257044 0.322444 0.408442 0.494272 0.538922 0.524024 0.477378 0.428393 0.390847 0.370044 0.367313 0.382446 0.415729 0.468079 0.537403 0.614686 0.693179 0.786539 0.914544 1.05803 1.13569 1.08037 0.971402 0.908869 0.91124 0.945475 0.954109 0.909552 0.846279 0.809659 0.818843 0.869017 0.937913 0.997425 1.03758 1.06679 1.08982 1.10514 1.11256 1.12046 1.14869 1.22 1.34843 1.52747 1.72777 1.93385 2.13557 2.1742 1.97687 1.83735 1.88018 2.09009 2.13532 1.99873 2.00719 2.00308 1.57261 1.33322 1.1508 0.929321 0.733552 0.609185 0.554696 0.557369 0.602465 0.670766 0.733835 0.759858 0.737637 0.683615 0.620214 0.564241 0.526136 0.509299 0.511859 0.527491 0.538082 0.512342 0.441042 0.354258 0.280841 0.230704 0.20323 0.19467 0.200949 0.218279 0.243127 0.27208 0.301741 0.328814 0.350841 0.367489 0.380738 0.392857 0.404571 0.416491 0.432044 0.457401 0.49846 0.557929 0.632677 0.710703 0.771081 0.791925 0.763132 0.692209 0.598542 0.503084 0.420964 0.359254 0.318138 0.293256 0.278164 0.266666 0.254641 0.24075 0.225898 0.212042 0.201077 0.19409 0.190781 0.188936 0.184579 0.174026 0.157047 0.13771 0.121914 0.114866 0.120635 0.143008 0.186097 0.252886 0.337866 0.410373 0.420646 0.374319 0.326899 0.312546 0.343339 0.425317 0.560236 0.720507 0.790768 0.716937 0.6197 0.561354 0.55861 0.617116 0.726585 0.831324 0.862584 0.874904 0.952409 1.08759 0.95081 0.691193 0.526672 0.453741 0.454146 0.500185 0.532012 0.492635 0.415681 0.351948 0.313385 0.294817 0.290879 0.299311 0.317748 0.341266 0.364542 0.386899 0.415085 0.461987 0.544283 0.675567 0.815777 0.777101 0.628986 0.540473 0.541856 0.639841 0.828936 0.880691 0.647859 0.459717 0.337229 0.259951 0.21291 0.187142 0.176875 0.176856 0.180988 0.183613 0.183224 0.184877 0.19867 0.237141 0.314468 0.444016 0.610107 0.644724 0.484764 0.332736 0.230286 0.166437 0.128187 0.106423 0.0955323 0.0923639 0.0953383 0.10368 0.116638 0.132588 0.148242 0.158786 0.159937 0.150865 0.134726 0.116115 0.0985229 0.0836883 0.0721461 0.0639265 0.058998 0.057442 0.0594163 0.0649526 0.073638 0.0842948 0.0949032 0.103075 0.107084 0.106807 0.103748 0.100181 0.0981461 0.0988284 0.102335 0.107757 0.113539 0.118174 0.120944 0.122119 0.122422 0.122176 0.12089 0.117603 0.111687 0.103408 0.0938021 0.0840943 0.0751919 0.0675227 0.0611409 0.0559067 0.0516276 0.0481503 0.0454264 0.0435639 0.042856 0.0437801 0.046968 0.0531454 0.063016 0.0770317 0.095014 0.115734 0.136871 0.15599 0.172595 0.190035 0.21588 0.261179 0.339857 0.466886 0.641406 0.760007 0.693964 0.61039 0.57973 0.554314 0.47087 0.35065 0.242643 0.162289 0.106764 0.0695908 0.0450853 0.0290729 0.0186734 
0.0355451 0.0540462 0.0807495 0.117926 0.167241 0.228597 0.29874 0.370265 0.432661 0.477171 0.499006 0.490532 0.448799 0.393291 0.349737 0.329187 0.32869 0.338918 0.351371 0.363571 0.379282 0.404491 0.44341 0.495492 0.551086 0.587217 0.580447 0.53967 0.501803 0.495193 0.519878 0.536403 0.496504 0.421653 0.361116 0.335281 0.347951 0.401855 0.500561 0.629445 0.700449 0.630084 0.512245 0.410317 0.327961 0.259553 0.202444 0.15626 0.120969 0.0960773 0.0806166 0.0732729 0.0723789 0.0757788 0.0807764 0.0844796 0.0846575 0.0806735 0.0737237 0.0661878 0.0607286 0.0598193 0.065823 0.0813674 0.109659 0.154262 0.217429 0.295473 0.37201 0.421987 0.437265 0.430807 0.409636 0.372355 0.323793 0.273911 0.228601 0.188657 0.1536 0.123746 0.0997836 0.0818924 0.0695464 0.0618283 0.0578352 0.056996 0.0593113 0.0655877 0.0777228 0.0990419 0.134573 0.190753 0.272555 0.37147 0.437633 0.406085 0.314654 0.230269 0.17355 0.143278 0.134295 0.142242 0.163788 0.195525 0.232816 0.269796 0.300925 0.322588 0.333742 0.336697 0.337429 0.344276 0.366958 0.417526 0.509935 0.645049 0.740838 0.663132 0.533742 0.449358 0.418011 0.42587 0.44084 0.418108 0.350658 0.274636 0.216102 0.180866 0.166029 0.166305 0.175508 0.186828 0.194095 0.193932 0.186586 0.174542 0.160667 0.147223 0.135634 0.126665 0.120746 0.118161 0.119005 0.123003 0.129387 0.137034 0.144935 0.152842 0.161654 0.173217 0.189583 0.21192 0.239071 0.265871 0.282999 0.281707 0.261527 0.230968 0.200263 0.176163 0.161746 0.157949 0.164664 0.180713 0.202503 0.222312 0.229997 0.221001 0.202177 0.186197 0.183454 0.20011 0.239487 0.302664 0.386644 0.47973 0.557492 0.592397 0.579861 0.540789 0.497226 0.463808 0.452575 0.473786 0.530213 0.60366 0.648725 0.650208 0.647225 0.639245 0.576557 0.474183 0.392377 0.358253 0.377444 0.452251 0.582738 0.746344 0.86201 0.862202 0.762557 0.60468 0.453714 0.339995 0.264151 0.219077 0.19809 0.196641 0.212416 0.244921 0.293999 0.356272 0.420474 0.46824 0.4852 0.469778 0.432959 0.393277 0.366072 0.357858 0.369106 0.39898 0.447535 0.513623 0.592454 0.684242 0.809474 0.995421 1.21305 1.3074 1.16285 0.947459 0.803801 0.737036 0.714686 0.702164 0.683907 0.671103 0.686022 0.744624 0.847016 0.963799 1.03814 1.05768 1.05956 1.05734 1.04655 1.03023 1.0219 1.03809 1.0936 1.19763 1.3474 1.52865 1.73624 1.96552 2.03029 1.80352 1.63989 1.62151 1.70009 1.72939 1.6933 1.6978 1.64389 1.44028 1.28372 1.1362 0.92037 0.721488 0.593068 0.535798 0.539608 0.593521 0.68101 0.766821 0.797313 0.754805 0.677443 0.602838 0.548623 0.519585 0.513278 0.523742 0.541927 0.54942 0.518824 0.444306 0.354727 0.27783 0.223514 0.191055 0.176373 0.175103 0.183459 0.198263 0.216762 0.236437 0.255041 0.271057 0.284357 0.296333 0.30915 0.325013 0.346481 0.377294 0.422383 0.486786 0.5736 0.679817 0.789685 0.872514 0.896739 0.85327 0.760381 0.647103 0.538284 0.449114 0.385223 0.344963 0.321992 0.30792 0.295318 0.280352 0.2634 0.247328 0.235258 0.229373 0.230697 0.238675 0.249484 0.254438 0.243665 0.215822 0.180774 0.150808 0.134136 0.135554 0.159521 0.212627 0.304231 0.44027 0.583898 0.588902 0.469847 0.372997 0.335055 0.358176 0.445848 0.607014 0.833052 0.936113 0.788025 0.651356 0.577636 0.567328 0.618313 0.716491 0.813123 0.856242 0.886287 0.97111 1.09824 0.965112 0.712318 0.554296 0.496461 0.531638 0.648661 0.75564 0.666442 0.522881 0.429334 0.377545 0.345559 0.322326 0.308489 0.30679 0.316361 0.334205 0.358951 0.392903 0.442162 0.515657 0.616403 0.703881 0.680321 0.582416 0.518054 0.525844 0.614227 0.760729 0.79077 0.620997 0.458896 0.348158 0.278277 0.237862 0.220196 0.221155 0.235318 0.252567 0.259861 0.251478 0.236244 0.230367 0.248113 0.299181 0.384582 0.475185 0.488345 0.401985 0.297236 0.216167 0.161711 0.127493 0.107378 0.0972498 0.0949203 0.0996816 0.111744 0.131384 0.157455 0.18522 0.205198 0.207277 0.189539 0.160136 0.129183 0.102659 0.0824335 0.0683381 0.0596894 0.0559804 0.0570675 0.0630788 0.0741112 0.0897051 0.108165 0.126116 0.139123 0.143787 0.139927 0.130566 0.119864 0.11117 0.106271 0.105484 0.108072 0.112761 0.118309 0.123962 0.129523 0.134909 0.139453 0.141589 0.139418 0.131932 0.119838 0.105224 0.0904519 0.0772413 0.0663913 0.0579819 0.0517079 0.0471497 0.0439342 0.041813 0.04069 0.040618 0.0417747 0.0444305 0.048907 0.0555066 0.0643841 0.0753649 0.0878136 0.100773 0.113575 0.126843 0.14337 0.168404 0.209288 0.274204 0.367693 0.475641 0.543872 0.534853 0.500984 0.481418 0.45592 0.392103 0.301329 0.214844 0.14706 0.0984643 0.06507 0.0426243 0.0277347 0.0179465 
0.0414722 0.0640518 0.097398 0.145022 0.209908 0.292658 0.388617 0.48356 0.54985 0.561317 0.525129 0.467733 0.406664 0.353283 0.316228 0.298168 0.295302 0.300636 0.30839 0.316956 0.328667 0.347338 0.375705 0.413099 0.452199 0.477045 0.472772 0.44514 0.417406 0.407174 0.413259 0.415951 0.396343 0.361383 0.332232 0.321606 0.332877 0.366881 0.422079 0.484264 0.519208 0.504236 0.458364 0.404696 0.348756 0.290505 0.233072 0.181488 0.139317 0.10776 0.0863632 0.0737862 0.0681954 0.0673817 0.0688466 0.0701157 0.0693633 0.0660448 0.061046 0.0562424 0.0539056 0.0564298 0.0665047 0.0875912 0.124478 0.183515 0.271329 0.388241 0.509004 0.571622 0.557676 0.516657 0.470331 0.414196 0.350101 0.287744 0.233517 0.188354 0.151167 0.121128 0.0978363 0.0807968 0.0691927 0.0620209 0.0583596 0.0576253 0.0597988 0.0656477 0.0769767 0.096888 0.129915 0.181465 0.254657 0.339434 0.393317 0.368086 0.291364 0.216946 0.165389 0.137522 0.129423 0.137247 0.157768 0.187546 0.222114 0.256277 0.28565 0.307629 0.320634 0.323979 0.320255 0.317226 0.326093 0.357984 0.419343 0.499085 0.546575 0.514463 0.447992 0.406579 0.411564 0.460408 0.517548 0.505672 0.414547 0.315935 0.24577 0.206773 0.193002 0.197265 0.211222 0.224584 0.227514 0.216231 0.194803 0.170219 0.147535 0.128968 0.114958 0.10524 0.0994365 0.0972538 0.0984479 0.102708 0.109601 0.118677 0.129731 0.143089 0.159737 0.18125 0.209619 0.246776 0.292825 0.341581 0.375246 0.371664 0.330322 0.274573 0.225194 0.1904 0.170709 0.163872 0.167116 0.177538 0.191303 0.202743 0.205692 0.197994 0.18446 0.173961 0.174735 0.192753 0.232387 0.296943 0.387012 0.494079 0.58858 0.625451 0.597768 0.543165 0.490141 0.450275 0.430763 0.437185 0.469411 0.516587 0.561843 0.60664 0.672311 0.732934 0.671995 0.529032 0.419889 0.371454 0.382335 0.450542 0.573289 0.728186 0.847536 0.870272 0.782891 0.619694 0.46191 0.344657 0.26768 0.222681 0.201961 0.199896 0.212937 0.239501 0.279458 0.332562 0.395998 0.46136 0.509793 0.514191 0.471018 0.412913 0.369221 0.349375 0.351941 0.373442 0.412084 0.467221 0.538642 0.632493 0.769627 0.974412 1.20676 1.25904 1.08103 0.855837 0.693263 0.600432 0.554836 0.534747 0.530103 0.544976 0.592379 0.68661 0.833288 1.00065 1.09026 1.08775 1.07723 1.07225 1.05061 1.01254 0.980886 0.9743 1.00181 1.0673 1.16939 1.30074 1.45033 1.58583 1.60949 1.49479 1.38106 1.33942 1.35248 1.36732 1.36465 1.35384 1.30914 1.21991 1.12257 1.00232 0.838038 0.678972 0.56926 0.520318 0.530822 0.596485 0.705976 0.821092 0.865822 0.80895 0.70633 0.611939 0.548827 0.519921 0.518287 0.532332 0.546759 0.542179 0.501786 0.427939 0.343472 0.270006 0.216416 0.18252 0.164669 0.158715 0.161061 0.168831 0.179729 0.191864 0.203754 0.214577 0.224522 0.234894 0.24784 0.266039 0.292737 0.332005 0.388831 0.468719 0.576 0.708561 0.84755 0.951452 0.976774 0.916377 0.802576 0.674324 0.558552 0.469118 0.409749 0.376981 0.36232 0.354572 0.343821 0.326071 0.304242 0.284437 0.271932 0.269998 0.280719 0.305163 0.339486 0.366403 0.357542 0.306795 0.241589 0.187856 0.156129 0.149318 0.170107 0.224847 0.32551 0.487412 0.689954 0.688488 0.510314 0.386338 0.335041 0.348162 0.422953 0.559427 0.731562 0.806601 0.718129 0.613849 0.55291 0.541949 0.577319 0.644917 0.714763 0.76173 0.797766 0.841399 0.860347 0.777601 0.634182 0.527411 0.495385 0.551751 0.70439 0.869597 0.747817 0.585327 0.497765 0.454552 0.416499 0.370397 0.328818 0.304039 0.298365 0.308797 0.331816 0.365088 0.407689 0.459586 0.515658 0.552462 0.539989 0.493753 0.460646 0.46925 0.522118 0.588246 0.596146 0.522279 0.427233 0.350343 0.298203 0.268955 0.262223 0.279134 0.317057 0.360688 0.379085 0.35379 0.306139 0.267607 0.254542 0.270373 0.307831 0.34396 0.345366 0.303612 0.244321 0.190751 0.150602 0.123396 0.106673 0.0984513 0.0979411 0.105666 0.123301 0.153019 0.195563 0.245654 0.285693 0.290728 0.255728 0.202541 0.152335 0.113402 0.0862062 0.0688112 0.0593096 0.0565489 0.0601933 0.0705218 0.0880044 0.11251 0.14203 0.171353 0.192457 0.19858 0.189337 0.170649 0.14997 0.132656 0.12125 0.11613 0.116366 0.120461 0.126974 0.134933 0.143867 0.153304 0.161938 0.167211 0.166113 0.157017 0.140995 0.121269 0.10142 0.0839617 0.0699856 0.0595211 0.0520696 0.0470069 0.0437966 0.0420595 0.0415572 0.0421401 0.0436979 0.0461423 0.0494244 0.0535576 0.0585923 0.0645279 0.0712403 0.0785628 0.0866141 0.0962898 0.109676 0.13012 0.161742 0.207925 0.267664 0.329491 0.371407 0.382121 0.375586 0.365029 0.343864 0.300809 0.240977 0.17991 0.128141 0.0885406 0.0599433 0.039992 0.026384 0.0172512 
0.046357 0.0725325 0.112011 0.169873 0.251283 0.359537 0.493024 0.638144 0.742645 0.721128 0.609029 0.493257 0.402336 0.339397 0.302566 0.287426 0.286699 0.291928 0.297017 0.30061 0.304986 0.313252 0.327345 0.346661 0.366409 0.377565 0.372818 0.355303 0.336909 0.327212 0.326391 0.326727 0.321422 0.312475 0.307142 0.30965 0.319901 0.337645 0.363443 0.393724 0.419007 0.432605 0.43579 0.427407 0.398505 0.345705 0.280122 0.216421 0.162997 0.12227 0.0936263 0.0752334 0.0648118 0.0599248 0.0581355 0.057254 0.0557362 0.0530593 0.0497999 0.0473666 0.0476551 0.0529304 0.0660582 0.0910461 0.1338 0.202887 0.309402 0.461634 0.635547 0.711784 0.649864 0.56837 0.499022 0.430698 0.359938 0.292936 0.235066 0.187579 0.149594 0.119945 0.097652 0.0817451 0.0711277 0.064642 0.0612626 0.0603248 0.0617348 0.0661434 0.0750795 0.0910092 0.117153 0.156513 0.208798 0.263619 0.295214 0.281338 0.234475 0.183924 0.146468 0.126116 0.12173 0.131046 0.151671 0.180834 0.215118 0.251011 0.285889 0.317467 0.340908 0.348347 0.336843 0.316044 0.301941 0.306132 0.330728 0.364771 0.384728 0.375775 0.354135 0.348799 0.378781 0.446478 0.519201 0.516394 0.428121 0.332114 0.265592 0.231302 0.22386 0.236762 0.260977 0.281996 0.283308 0.259453 0.220712 0.180747 0.147184 0.121976 0.104429 0.0931709 0.0869591 0.0848955 0.0863922 0.0910913 0.0988334 0.109706 0.124125 0.142848 0.166918 0.197738 0.237658 0.290793 0.362229 0.45078 0.526949 0.523714 0.436502 0.335889 0.259287 0.210944 0.185239 0.175284 0.175121 0.180064 0.186215 0.189864 0.188038 0.180433 0.170587 0.164529 0.168451 0.187633 0.22673 0.290197 0.38102 0.493875 0.597336 0.631879 0.589264 0.52306 0.465702 0.42484 0.402148 0.398362 0.412094 0.439365 0.477785 0.534061 0.617387 0.691299 0.645199 0.51594 0.413528 0.365654 0.370554 0.423469 0.517049 0.63049 0.722033 0.749769 0.691149 0.567987 0.438679 0.33643 0.266722 0.225347 0.206547 0.205189 0.217428 0.241359 0.277617 0.329293 0.400613 0.491796 0.58081 0.602211 0.531163 0.438765 0.372258 0.338268 0.330615 0.342545 0.37026 0.412875 0.472016 0.554013 0.671031 0.827863 0.97612 0.994395 0.870384 0.707968 0.575858 0.489995 0.442773 0.423344 0.426266 0.453859 0.514723 0.619898 0.773927 0.946665 1.04781 1.06907 1.09414 1.12522 1.1091 1.04848 0.992809 0.964201 0.963321 0.989068 1.04225 1.11953 1.20669 1.27217 1.27568 1.21737 1.15017 1.11542 1.11464 1.12706 1.13521 1.13043 1.10472 1.05609 0.986285 0.886947 0.760141 0.636165 0.546925 0.508102 0.524527 0.596748 0.717763 0.853812 0.927634 0.88104 0.756721 0.636132 0.558624 0.527716 0.533115 0.557608 0.575719 0.560114 0.502502 0.419442 0.334461 0.263344 0.211545 0.177936 0.158829 0.150259 0.148852 0.151978 0.157631 0.164304 0.170997 0.177372 0.183924 0.192034 0.203839 0.222097 0.250203 0.292326 0.353537 0.439586 0.555216 0.698462 0.848984 0.960597 0.985195 0.918001 0.798638 0.669999 0.558949 0.478197 0.430553 0.411735 0.411567 0.415344 0.409036 0.387845 0.358448 0.331658 0.315697 0.315436 0.33511 0.380605 0.455183 0.535299 0.537094 0.433134 0.313801 0.226669 0.17637 0.158662 0.171331 0.216592 0.300367 0.424484 0.549924 0.553542 0.446689 0.352954 0.309093 0.315739 0.368544 0.458319 0.55575 0.603919 0.581766 0.535305 0.50355 0.499326 0.522171 0.563376 0.608239 0.644905 0.671539 0.685515 0.670694 0.612533 0.531425 0.468804 0.453783 0.499684 0.599448 0.681771 0.646312 0.573389 0.542065 0.536133 0.501031 0.426434 0.352408 0.303735 0.282867 0.284537 0.302556 0.331109 0.364796 0.39899 0.428153 0.442646 0.434864 0.412994 0.39752 0.403949 0.432303 0.463837 0.470169 0.441871 0.396903 0.354473 0.322555 0.305018 0.308798 0.343501 0.414963 0.50803 0.554227 0.493273 0.390418 0.308795 0.262152 0.246067 0.249648 0.257073 0.252463 0.230382 0.19801 0.165285 0.137952 0.117777 0.104767 0.0987602 0.100303 0.111166 0.134663 0.175584 0.238712 0.322372 0.400271 0.412322 0.344018 0.253612 0.178881 0.126286 0.0920731 0.0714987 0.061166 0.0592762 0.0653977 0.0801383 0.104649 0.139622 0.183297 0.228565 0.262079 0.271084 0.254575 0.223237 0.18944 0.161225 0.142003 0.132024 0.129821 0.133295 0.140491 0.150082 0.161396 0.173802 0.185636 0.193549 0.193437 0.182939 0.163372 0.139049 0.114738 0.0936697 0.0771206 0.0649917 0.0565669 0.0510521 0.0478306 0.0464976 0.0467669 0.0483347 0.0507794 0.0535657 0.0561795 0.058328 0.0600564 0.0616809 0.0636107 0.0662497 0.0701001 0.0760107 0.0853863 0.100156 0.122318 0.152839 0.189807 0.226863 0.255179 0.270278 0.274924 0.272004 0.258818 0.231738 0.193306 0.151177 0.112338 0.080332 0.0558221 0.0379603 0.0253889 0.0167625 
0.0492696 0.0777011 0.121159 0.185953 0.279205 0.407318 0.574879 0.784462 0.988867 0.917738 0.701435 0.529896 0.412074 0.338756 0.301087 0.289902 0.29436 0.303019 0.307983 0.30774 0.304804 0.301942 0.300939 0.302325 0.304452 0.303538 0.296586 0.28498 0.273911 0.267935 0.267769 0.270957 0.275306 0.281264 0.290168 0.30075 0.309591 0.316168 0.325041 0.341544 0.368493 0.407635 0.458027 0.503313 0.503704 0.440346 0.347767 0.260509 0.190421 0.138221 0.10149 0.077154 0.0621453 0.0536168 0.0490515 0.0463973 0.0442658 0.0421081 0.0402326 0.0396516 0.0419038 0.0490355 0.0638359 0.0903264 0.134446 0.20472 0.31197 0.463709 0.634902 0.709907 0.649451 0.566433 0.495055 0.427584 0.359897 0.295343 0.238148 0.190315 0.152038 0.122672 0.101218 0.0864601 0.0770039 0.0713906 0.0683113 0.0668834 0.0668868 0.0688691 0.0741019 0.0844024 0.101718 0.127134 0.158818 0.189245 0.205577 0.198921 0.174382 0.145623 0.123358 0.112229 0.113112 0.125346 0.147634 0.178159 0.214807 0.256076 0.30193 0.351757 0.396851 0.414807 0.389768 0.339723 0.294557 0.269272 0.264068 0.270286 0.276094 0.275557 0.274856 0.287169 0.322944 0.380948 0.435223 0.438991 0.386946 0.323027 0.276736 0.255107 0.257317 0.280377 0.316698 0.348158 0.349265 0.31167 0.254329 0.198712 0.154411 0.122637 0.101492 0.0885705 0.0818429 0.0798505 0.0816727 0.0868757 0.095502 0.108076 0.125539 0.14902 0.179516 0.217984 0.266701 0.332127 0.42739 0.56969 0.746429 0.752151 0.55713 0.393685 0.289699 0.230645 0.201638 0.190942 0.189684 0.191624 0.192777 0.190799 0.184792 0.175784 0.16695 0.162838 0.168161 0.187097 0.22334 0.280299 0.359908 0.456481 0.542326 0.569704 0.53287 0.475793 0.42774 0.395451 0.377533 0.370805 0.372733 0.383308 0.405888 0.445723 0.500697 0.540349 0.516388 0.443812 0.377989 0.345348 0.349765 0.387909 0.452082 0.526629 0.586818 0.606812 0.572088 0.493633 0.4022 0.322233 0.263658 0.22765 0.211739 0.212231 0.225528 0.249453 0.284629 0.335409 0.409595 0.513632 0.628624 0.660214 0.562698 0.446144 0.365653 0.32275 0.307916 0.31263 0.331905 0.364121 0.410236 0.473302 0.556003 0.650884 0.724464 0.728688 0.659383 0.559539 0.46835 0.402508 0.36366 0.348656 0.35565 0.386452 0.446234 0.540738 0.668708 0.806902 0.912986 0.988974 1.07924 1.17186 1.17711 1.10724 1.04684 1.01329 0.993169 0.982269 0.9911 1.02607 1.07531 1.1082 1.09674 1.04831 0.998632 0.975411 0.982579 1.00642 1.02799 1.03397 1.02181 0.99354 0.941282 0.850863 0.731535 0.6167 0.535179 0.500873 0.518702 0.590638 0.715577 0.879819 1.02805 1.00718 0.824117 0.661603 0.568321 0.539187 0.561295 0.61614 0.662844 0.640444 0.546146 0.433663 0.3362 0.262432 0.211198 0.178234 0.15885 0.148985 0.145451 0.145796 0.148121 0.151026 0.153721 0.156179 0.159196 0.164314 0.173685 0.189995 0.216501 0.257146 0.316608 0.399887 0.510361 0.644338 0.781581 0.881458 0.904566 0.847922 0.744977 0.633869 0.54011 0.476545 0.446621 0.446473 0.465068 0.484203 0.484586 0.459767 0.420649 0.383444 0.359769 0.356351 0.379624 0.441332 0.561013 0.747054 0.793222 0.561258 0.372335 0.254593 0.189227 0.161788 0.164465 0.19426 0.249473 0.32163 0.381574 0.387507 0.343273 0.293835 0.268111 0.273825 0.308961 0.364586 0.422355 0.459214 0.467042 0.459621 0.45398 0.458264 0.473078 0.494926 0.518378 0.538344 0.550801 0.550322 0.530239 0.48993 0.441426 0.404208 0.394471 0.418818 0.46757 0.508732 0.517357 0.518878 0.547246 0.584867 0.558021 0.460123 0.362314 0.297171 0.265082 0.258638 0.270105 0.292304 0.318562 0.343332 0.36208 0.370295 0.365772 0.353429 0.344328 0.347858 0.364611 0.384986 0.395822 0.391917 0.378923 0.363891 0.349537 0.340563 0.350096 0.396505 0.496503 0.648556 0.745305 0.626597 0.462431 0.343572 0.270306 0.230995 0.213401 0.205493 0.197228 0.183582 0.165117 0.145131 0.126763 0.112031 0.102117 0.0979978 0.10114 0.114178 0.141578 0.190189 0.268893 0.383241 0.507542 0.530533 0.418218 0.291472 0.197662 0.135743 0.0970841 0.0746303 0.0639843 0.063012 0.0713577 0.0900599 0.121084 0.166269 0.22478 0.288408 0.338064 0.352765 0.329529 0.284289 0.235324 0.194317 0.166012 0.150485 0.145463 0.147967 0.155336 0.165786 0.178424 0.192536 0.206296 0.215897 0.216479 0.205058 0.183063 0.155638 0.128465 0.105267 0.0873556 0.0744225 0.0655232 0.0597661 0.0566064 0.0558133 0.0572363 0.0605102 0.0648331 0.0689694 0.0716001 0.0719153 0.0700364 0.0668947 0.063702 0.0614979 0.0610595 0.0630839 0.068392 0.0779484 0.0925871 0.11242 0.136105 0.160591 0.182227 0.198782 0.209833 0.21455 0.210251 0.194512 0.168387 0.136575 0.104662 0.0766129 0.0541232 0.0372154 0.02507 0.0166263 
0.049557 0.0782472 0.122182 0.187836 0.282567 0.413016 0.583703 0.795892 0.998687 0.932413 0.716573 0.538019 0.413195 0.336937 0.300955 0.295008 0.306433 0.321473 0.330431 0.331068 0.324862 0.313073 0.297711 0.282123 0.268717 0.257551 0.247673 0.239195 0.233626 0.232442 0.235827 0.242854 0.252666 0.265021 0.278989 0.291098 0.296797 0.296158 0.296615 0.308774 0.342629 0.408232 0.514496 0.647467 0.696742 0.577833 0.425855 0.304604 0.215661 0.152111 0.107995 0.0785378 0.0597636 0.0483685 0.0416927 0.0377271 0.0351527 0.0333743 0.0324906 0.0331991 0.0367116 0.0447768 0.059866 0.0855029 0.126624 0.18959 0.280624 0.39903 0.519017 0.581413 0.567289 0.521818 0.471407 0.418112 0.361267 0.30336 0.248461 0.200259 0.16096 0.131122 0.110108 0.0965619 0.0886887 0.0844603 0.0819524 0.0798217 0.0776903 0.0761743 0.0765637 0.0803637 0.0887857 0.102049 0.118398 0.133391 0.141081 0.137953 0.126215 0.112141 0.101829 0.0990459 0.10548 0.121588 0.147045 0.180849 0.221732 0.269631 0.327484 0.399347 0.476953 0.515202 0.467796 0.375958 0.296235 0.245219 0.219295 0.20953 0.207518 0.209059 0.21574 0.232681 0.263657 0.305221 0.341948 0.353533 0.337383 0.311048 0.290809 0.284172 0.294536 0.323183 0.365122 0.401181 0.400609 0.353141 0.283233 0.21692 0.164925 0.128202 0.104273 0.0901096 0.0831058 0.0813257 0.083522 0.0891374 0.098329 0.111958 0.131412 0.158135 0.192954 0.235881 0.287874 0.355299 0.454696 0.614362 0.861366 0.880158 0.599639 0.412022 0.301407 0.242143 0.215729 0.2085 0.210088 0.213151 0.213298 0.208627 0.199337 0.187587 0.177109 0.172306 0.177226 0.194839 0.226793 0.273434 0.333192 0.399081 0.452562 0.469521 0.448572 0.413894 0.385968 0.371108 0.365976 0.362916 0.35681 0.350425 0.351628 0.365908 0.389487 0.405583 0.396202 0.3659 0.336289 0.323091 0.3313 0.35979 0.403463 0.452479 0.492327 0.507527 0.488686 0.439444 0.375033 0.312323 0.262681 0.231117 0.218096 0.221465 0.237973 0.264644 0.300256 0.34681 0.409899 0.493474 0.578452 0.596041 0.517765 0.418354 0.345374 0.304316 0.288373 0.290194 0.304914 0.33034 0.366046 0.411906 0.46554 0.518049 0.551513 0.547902 0.50661 0.445577 0.385307 0.338399 0.309562 0.299522 0.308405 0.337472 0.389162 0.465283 0.562902 0.670308 0.774239 0.880025 1.00454 1.12587 1.16851 1.145 1.12836 1.1252 1.10084 1.05112 1.01589 1.02211 1.0623 1.09153 1.05925 0.986745 0.929612 0.914267 0.939994 0.988706 1.03151 1.04609 1.03697 1.02111 0.985652 0.889913 0.748845 0.619736 0.533594 0.49795 0.512878 0.578459 0.698392 0.884327 1.1614 1.17914 0.858063 0.661495 0.563756 0.543652 0.590986 0.700589 0.831171 0.804102 0.624591 0.46181 0.345544 0.267313 0.216419 0.184428 0.165294 0.15489 0.150336 0.149355 0.149941 0.150458 0.150028 0.148825 0.148007 0.149404 0.155247 0.168101 0.190942 0.227262 0.280983 0.355771 0.45289 0.566672 0.67876 0.758653 0.779765 0.740301 0.663396 0.57876 0.50925 0.467959 0.459304 0.479949 0.518221 0.553506 0.562577 0.536488 0.487682 0.436651 0.399413 0.385223 0.401059 0.458405 0.577242 0.770418 0.821685 0.573767 0.379261 0.258692 0.190594 0.158882 0.153771 0.169393 0.200542 0.238329 0.267378 0.273146 0.257413 0.237011 0.227495 0.235818 0.261715 0.299534 0.339598 0.372179 0.393715 0.407872 0.41942 0.429661 0.43786 0.444039 0.448864 0.452156 0.452039 0.445081 0.428291 0.402323 0.372967 0.34924 0.33955 0.347687 0.369487 0.394325 0.417135 0.448146 0.49792 0.544131 0.52502 0.43747 0.344624 0.27891 0.242985 0.231015 0.236195 0.252135 0.273063 0.294163 0.31132 0.320436 0.319068 0.310132 0.301861 0.302183 0.313139 0.329979 0.345513 0.356443 0.364393 0.369659 0.368733 0.364426 0.373592 0.418784 0.516838 0.660951 0.747882 0.644198 0.485813 0.360539 0.275471 0.222831 0.192937 0.176454 0.16562 0.155369 0.143638 0.130648 0.117789 0.106749 0.0990824 0.0962719 0.100171 0.113639 0.141216 0.189659 0.267491 0.379408 0.499047 0.521107 0.414223 0.291219 0.199066 0.13779 0.0993871 0.0771739 0.0670157 0.0670082 0.0770597 0.0985931 0.134189 0.186621 0.256153 0.334835 0.400748 0.42627 0.402836 0.346929 0.282802 0.228095 0.190038 0.168584 0.160439 0.161602 0.168652 0.179313 0.192389 0.206974 0.221142 0.231018 0.231621 0.219829 0.19714 0.169051 0.141607 0.11864 0.101281 0.0888787 0.0802147 0.0743966 0.0712212 0.0710123 0.0741283 0.0803676 0.0884581 0.0959232 0.0997762 0.0980661 0.0911393 0.0813031 0.0713002 0.0631195 0.0577901 0.0557536 0.0572725 0.0626174 0.0719979 0.0853197 0.101941 0.120687 0.140266 0.159674 0.177757 0.191892 0.197457 0.189988 0.169017 0.139243 0.107427 0.0787318 0.0555252 0.0380646 0.0255541 0.0168895 
0.0471126 0.0739579 0.114656 0.174678 0.259737 0.373693 0.514994 0.668676 0.779955 0.76124 0.638894 0.501634 0.392518 0.323486 0.292788 0.292456 0.310689 0.334069 0.352745 0.36287 0.361522 0.345076 0.315943 0.283316 0.255416 0.235379 0.222872 0.216702 0.215988 0.220009 0.22776 0.237949 0.249414 0.261263 0.272068 0.27886 0.278594 0.272724 0.269509 0.280982 0.320269 0.403342 0.553545 0.804388 1.00556 0.695527 0.475633 0.329676 0.229243 0.159061 0.110599 0.0780683 0.0569866 0.0438089 0.0358178 0.0310492 0.0282317 0.026736 0.0265127 0.0280219 0.0321904 0.0404379 0.0547897 0.0780295 0.113731 0.165762 0.23635 0.321368 0.403975 0.458825 0.476081 0.46797 0.446703 0.415787 0.374887 0.324928 0.270877 0.219954 0.177642 0.146148 0.125253 0.113409 0.108216 0.106634 0.105498 0.102535 0.0972185 0.0906924 0.0848576 0.0814425 0.0814728 0.0849739 0.0907255 0.096308 0.0989676 0.0972639 0.0922412 0.0869148 0.084717 0.0883932 0.0997901 0.12002 0.149465 0.187532 0.23283 0.285006 0.348199 0.430959 0.53039 0.586326 0.517342 0.392951 0.291301 0.225862 0.189325 0.172041 0.166449 0.168342 0.176901 0.193342 0.218417 0.249631 0.280108 0.30227 0.314397 0.320483 0.324404 0.32952 0.34168 0.366509 0.401618 0.429636 0.42343 0.374013 0.302314 0.232741 0.177079 0.137477 0.111901 0.0971902 0.0903481 0.0890029 0.0915577 0.0972654 0.106297 0.119727 0.139262 0.166558 0.202176 0.244919 0.293413 0.350824 0.428256 0.537616 0.654342 0.649674 0.510109 0.376232 0.28849 0.241805 0.224548 0.225484 0.23475 0.244411 0.248915 0.24539 0.234054 0.218246 0.203415 0.195384 0.198722 0.215578 0.244905 0.282418 0.321968 0.356928 0.379586 0.383399 0.371203 0.355774 0.349423 0.356367 0.370239 0.376064 0.363084 0.337969 0.316332 0.30739 0.309858 0.31524 0.315473 0.310532 0.306993 0.310835 0.324433 0.347728 0.378961 0.413687 0.443922 0.459348 0.451224 0.41778 0.366832 0.312072 0.266179 0.236756 0.22637 0.234212 0.257416 0.291598 0.331321 0.372136 0.413737 0.457194 0.491263 0.48733 0.436944 0.371301 0.318941 0.288258 0.276992 0.280372 0.294493 0.317083 0.346776 0.381513 0.416833 0.445108 0.457124 0.446742 0.415745 0.373363 0.330816 0.296659 0.275607 0.269596 0.279313 0.305257 0.348013 0.407619 0.482331 0.568422 0.663767 0.772142 0.895972 1.01672 1.10131 1.15775 1.22284 1.28885 1.27511 1.17362 1.08972 1.07484 1.12838 1.18569 1.11845 0.992094 0.915274 0.907768 0.960241 1.0479 1.12269 1.1368 1.10545 1.08111 1.05602 0.945567 0.771461 0.624216 0.532431 0.494797 0.50506 0.558396 0.654216 0.796924 0.966458 0.963767 0.767636 0.612516 0.534726 0.528588 0.593213 0.740413 0.977939 0.945617 0.666388 0.474225 0.351924 0.275264 0.227479 0.197621 0.179117 0.168423 0.163468 0.162302 0.162556 0.16188 0.158943 0.154071 0.148967 0.14594 0.147389 0.155755 0.1737 0.204241 0.250601 0.315401 0.398611 0.493947 0.585413 0.649506 0.667522 0.639277 0.582732 0.52177 0.476231 0.458555 0.473306 0.516495 0.574593 0.62583 0.646813 0.624474 0.565538 0.493846 0.434195 0.400191 0.397032 0.428663 0.496866 0.576771 0.575367 0.460451 0.332255 0.238734 0.181387 0.152211 0.14373 0.150128 0.166061 0.185104 0.199707 0.204529 0.200822 0.195802 0.197309 0.20975 0.233206 0.264188 0.297401 0.3285 0.356198 0.381082 0.401841 0.414148 0.415172 0.407537 0.396698 0.386423 0.377391 0.368133 0.356682 0.342062 0.325184 0.309208 0.298809 0.297748 0.306425 0.322574 0.345444 0.377675 0.417866 0.446818 0.432849 0.375214 0.307109 0.252896 0.219178 0.204277 0.20417 0.214496 0.231162 0.250418 0.268216 0.27963 0.280841 0.273343 0.264404 0.261783 0.26867 0.283007 0.300662 0.31948 0.339294 0.356781 0.364649 0.363734 0.370932 0.40713 0.481537 0.575724 0.625349 0.575981 0.468891 0.361251 0.27661 0.218375 0.181951 0.160529 0.14766 0.138375 0.12962 0.120255 0.110676 0.102131 0.0961093 0.0941273 0.0979667 0.110128 0.134234 0.174991 0.236642 0.316631 0.389433 0.401454 0.339999 0.255833 0.184374 0.133051 0.099277 0.0792216 0.0702057 0.0710689 0.0820916 0.104885 0.142177 0.197026 0.270434 0.356181 0.434902 0.477545 0.464225 0.402985 0.325008 0.257324 0.210339 0.183558 0.172525 0.172311 0.178899 0.189582 0.202739 0.21703 0.230308 0.238943 0.238608 0.226814 0.205288 0.179371 0.154821 0.135128 0.120918 0.110882 0.103268 0.0972296 0.0933675 0.0932805 0.0985638 0.109716 0.125044 0.139878 0.147509 0.143106 0.127663 0.106893 0.0866833 0.0704223 0.0591767 0.0528178 0.0508942 0.0530334 0.0590178 0.0687169 0.0820296 0.0989382 0.119618 0.144266 0.172094 0.19932 0.21763 0.217173 0.195041 0.158976 0.12023 0.086254 0.0596781 0.0402666 0.0266889 0.0174606 
0.0424172 0.065809 0.100589 0.150654 0.219471 0.308036 0.411499 0.51397 0.583404 0.58564 0.522556 0.431491 0.349338 0.294995 0.27233 0.277022 0.300437 0.332567 0.365862 0.394678 0.407862 0.39142 0.348262 0.298195 0.257177 0.230434 0.217031 0.214194 0.219086 0.229107 0.241696 0.254245 0.264397 0.270559 0.271912 0.267859 0.258523 0.247059 0.241 0.250768 0.288211 0.367399 0.505305 0.706483 0.814271 0.636258 0.452356 0.31897 0.223535 0.155262 0.107335 0.0746978 0.0532013 0.0394995 0.0310342 0.0259751 0.0231358 0.0218904 0.0221013 0.0240602 0.0284612 0.0364178 0.0495168 0.0698537 0.0999027 0.141934 0.196572 0.260407 0.324326 0.37663 0.410917 0.428979 0.435112 0.429712 0.40745 0.364198 0.306797 0.249117 0.201332 0.167187 0.146607 0.137778 0.137562 0.141263 0.14328 0.139387 0.129023 0.114941 0.100745 0.0889953 0.0808228 0.0762178 0.0743252 0.0737493 0.0730892 0.0716605 0.0699648 0.0695461 0.0724229 0.0805878 0.0957981 0.119481 0.152415 0.19401 0.241801 0.293091 0.349609 0.418513 0.496371 0.5338 0.472193 0.362056 0.267703 0.204511 0.167921 0.150195 0.144942 0.148046 0.157552 0.173034 0.194596 0.22192 0.25403 0.290111 0.329443 0.367775 0.395068 0.405787 0.409961 0.42169 0.442118 0.455966 0.441741 0.392056 0.321427 0.250599 0.192476 0.150906 0.124519 0.109993 0.103817 0.103082 0.105782 0.110939 0.118672 0.130145 0.14721 0.171562 0.20347 0.240825 0.28032 0.321486 0.368591 0.422521 0.463361 0.452207 0.387761 0.31339 0.259005 0.231503 0.227545 0.240428 0.262353 0.285208 0.301153 0.304147 0.292588 0.270929 0.248107 0.233712 0.234716 0.253599 0.286516 0.322091 0.346025 0.351985 0.344242 0.329899 0.315886 0.310075 0.319524 0.346115 0.380184 0.397315 0.377934 0.334451 0.293096 0.267517 0.25832 0.260458 0.268853 0.281154 0.296864 0.314988 0.33402 0.353989 0.376646 0.402703 0.428879 0.447044 0.446574 0.420724 0.373617 0.319292 0.272815 0.243857 0.236522 0.251475 0.287012 0.337712 0.391355 0.430617 0.446695 0.446451 0.436189 0.412081 0.373438 0.331439 0.298801 0.281162 0.278029 0.286375 0.30319 0.326478 0.354618 0.384532 0.41034 0.424676 0.422449 0.403547 0.372388 0.335817 0.300959 0.27364 0.257626 0.254702 0.265231 0.288795 0.324672 0.372153 0.430844 0.501209 0.585294 0.685931 0.802059 0.924016 1.04153 1.16083 1.29617 1.4243 1.42332 1.28224 1.16341 1.12567 1.17035 1.23465 1.14169 0.990527 0.9134 0.921428 1.00395 1.14 1.26369 1.26174 1.16466 1.08702 1.03103 0.912808 0.744789 0.605463 0.519972 0.485091 0.491823 0.530455 0.591876 0.665843 0.72348 0.707205 0.619437 0.532129 0.486356 0.492083 0.551757 0.665081 0.792999 0.769013 0.600805 0.450669 0.348807 0.284836 0.245064 0.219076 0.201225 0.189787 0.184437 0.183898 0.185141 0.184445 0.179538 0.170916 0.161124 0.153159 0.14963 0.152858 0.165237 0.189454 0.22838 0.284375 0.357529 0.442451 0.524623 0.581419 0.594881 0.567561 0.519633 0.473947 0.448172 0.453794 0.49543 0.567511 0.651234 0.722106 0.76225 0.750871 0.672579 0.561569 0.465796 0.404022 0.376109 0.376893 0.397379 0.416095 0.400055 0.341156 0.268448 0.207884 0.167418 0.145463 0.137781 0.139966 0.147817 0.157218 0.164565 0.168122 0.169259 0.171961 0.180639 0.197917 0.223457 0.254096 0.285576 0.315311 0.343581 0.370901 0.393643 0.404035 0.397576 0.378739 0.356339 0.336771 0.322437 0.312998 0.306587 0.300509 0.292302 0.281725 0.271851 0.267155 0.270463 0.282092 0.301156 0.326045 0.351617 0.365763 0.35491 0.318977 0.272536 0.230283 0.199651 0.182367 0.177292 0.182136 0.194246 0.210649 0.227395 0.239247 0.241854 0.235791 0.227134 0.222888 0.226638 0.237943 0.254571 0.274975 0.297872 0.318848 0.330955 0.334651 0.343453 0.37347 0.429753 0.49691 0.537601 0.518368 0.445711 0.354966 0.274708 0.21539 0.176129 0.151953 0.137396 0.127866 0.120156 0.112656 0.105206 0.0985975 0.0939883 0.0926236 0.0959301 0.105768 0.124523 0.15462 0.196709 0.245464 0.284422 0.291253 0.261115 0.212606 0.164909 0.12656 0.0991493 0.0819668 0.0741823 0.0755809 0.0867818 0.10931 0.145529 0.198124 0.268473 0.353131 0.438922 0.499349 0.50096 0.438581 0.351308 0.275491 0.22332 0.193471 0.180681 0.179636 0.18616 0.197315 0.210958 0.225017 0.236874 0.243276 0.241174 0.229474 0.210468 0.189144 0.1706 0.157671 0.150054 0.144985 0.1393 0.132005 0.125363 0.123623 0.1309 0.149491 0.178005 0.208515 0.225881 0.217158 0.185409 0.145521 0.109611 0.0824176 0.0641006 0.0532222 0.0482472 0.0480492 0.0519882 0.0598744 0.0719655 0.0890434 0.112472 0.143905 0.18392 0.228564 0.264507 0.271469 0.241774 0.191039 0.139302 0.0967 0.0651287 0.0430237 0.0280513 0.0181196 
0.0363305 0.0554728 0.0832302 0.122026 0.173563 0.237358 0.308697 0.376551 0.423471 0.432487 0.40098 0.346028 0.291768 0.254816 0.241255 0.250069 0.276626 0.315589 0.362974 0.412491 0.444538 0.431549 0.376875 0.313539 0.26458 0.23584 0.225189 0.228325 0.240739 0.258108 0.27618 0.290589 0.297317 0.294159 0.281821 0.263218 0.242144 0.22325 0.212626 0.217544 0.245714 0.304227 0.394759 0.495347 0.535376 0.473162 0.370487 0.27544 0.198872 0.140522 0.0979725 0.0682122 0.0481781 0.0351589 0.0269953 0.0221127 0.0194724 0.018501 0.0190257 0.0212289 0.0256287 0.0330898 0.0448508 0.0625194 0.0879354 0.122738 0.167489 0.220457 0.276897 0.33017 0.374954 0.41022 0.43824 0.457293 0.454033 0.414808 0.349568 0.282337 0.228271 0.19176 0.172615 0.169138 0.177802 0.191624 0.200291 0.195265 0.176323 0.150389 0.124643 0.102922 0.0862856 0.0744189 0.0664524 0.0613309 0.0581173 0.0563201 0.0561081 0.0582869 0.0640944 0.074982 0.092471 0.117974 0.152296 0.194546 0.240949 0.285943 0.327298 0.368134 0.405001 0.413111 0.370181 0.297426 0.229386 0.180943 0.152591 0.140157 0.139069 0.145644 0.157391 0.173143 0.193267 0.219853 0.256781 0.309233 0.380521 0.461854 0.520109 0.527048 0.508909 0.501998 0.510414 0.515254 0.493366 0.436012 0.356696 0.277702 0.213889 0.169639 0.142976 0.129491 0.124559 0.124421 0.126625 0.130082 0.134958 0.142478 0.154485 0.172539 0.19669 0.224609 0.252488 0.278058 0.301976 0.323386 0.333981 0.322504 0.290139 0.252552 0.225315 0.216072 0.226056 0.252874 0.291695 0.334964 0.371825 0.389921 0.381488 0.350777 0.313572 0.287451 0.284489 0.309624 0.357825 0.406737 0.421385 0.392451 0.346127 0.305857 0.280904 0.274925 0.290419 0.326573 0.371434 0.395236 0.372928 0.320391 0.269819 0.23716 0.224299 0.228094 0.244948 0.271679 0.304054 0.335502 0.359708 0.376002 0.389951 0.407517 0.429367 0.448566 0.452261 0.429475 0.382165 0.325885 0.278064 0.249888 0.246826 0.271783 0.326454 0.408067 0.497472 0.548223 0.530348 0.476906 0.423581 0.37863 0.340789 0.311196 0.292938 0.287545 0.293916 0.309334 0.331108 0.357592 0.387405 0.416859 0.438231 0.442757 0.427378 0.396885 0.35919 0.321191 0.288148 0.264035 0.251452 0.251421 0.263517 0.286284 0.317863 0.356918 0.40381 0.46133 0.534 0.625575 0.735894 0.860857 0.998687 1.15384 1.32103 1.4491 1.44269 1.31663 1.19557 1.13099 1.11642 1.10828 1.03371 0.936525 0.893731 0.923421 1.02361 1.18729 1.35734 1.32683 1.14942 1.00873 0.906599 0.79321 0.665225 0.558286 0.491243 0.464194 0.469429 0.495309 0.528301 0.555892 0.565006 0.543491 0.497986 0.454533 0.434972 0.447799 0.491581 0.554188 0.600861 0.580596 0.498119 0.408078 0.340509 0.297443 0.270107 0.249355 0.231372 0.217764 0.211221 0.211604 0.21495 0.215462 0.209391 0.197435 0.183216 0.170439 0.161833 0.159601 0.166005 0.183617 0.215297 0.26376 0.33023 0.411287 0.493407 0.550111 0.557872 0.523253 0.474601 0.436859 0.426328 0.454506 0.528691 0.644476 0.770142 0.862507 0.928417 0.950112 0.823682 0.635274 0.489974 0.398472 0.347918 0.324789 0.316619 0.309408 0.289954 0.255298 0.214797 0.179666 0.155468 0.142473 0.138322 0.139869 0.144071 0.148444 0.151522 0.153386 0.155917 0.1623 0.175816 0.198309 0.228811 0.263031 0.295188 0.322185 0.345625 0.367725 0.385338 0.390167 0.377314 0.351623 0.322797 0.298218 0.281199 0.272084 0.269066 0.268541 0.266351 0.26062 0.253758 0.250656 0.255007 0.267401 0.285682 0.305969 0.322977 0.329995 0.321091 0.295673 0.259824 0.222428 0.190819 0.168985 0.157883 0.156566 0.163102 0.174828 0.188015 0.197941 0.200787 0.196615 0.189771 0.185649 0.187478 0.195686 0.209208 0.226831 0.246869 0.26566 0.278892 0.287589 0.300945 0.329966 0.378527 0.437033 0.479939 0.476712 0.421872 0.343053 0.269077 0.2122 0.173042 0.147818 0.132012 0.121732 0.114161 0.107708 0.101919 0.0971155 0.0939676 0.0932713 0.0959909 0.103375 0.116868 0.137528 0.16469 0.193992 0.216488 0.222461 0.209188 0.182958 0.152708 0.124777 0.102458 0.087276 0.080027 0.081346 0.0920355 0.11325 0.146546 0.193684 0.255824 0.331532 0.41268 0.477013 0.487572 0.432467 0.349994 0.277404 0.227097 0.197999 0.18535 0.184471 0.191707 0.204227 0.219375 0.234097 0.245 0.24913 0.244994 0.23336 0.217489 0.20228 0.192409 0.19025 0.194221 0.198456 0.19587 0.184419 0.169965 0.162142 0.169427 0.197485 0.247667 0.310173 0.352283 0.334982 0.269111 0.196045 0.137585 0.0969514 0.0710012 0.0558392 0.0484059 0.046682 0.0495525 0.0566803 0.0684921 0.086278 0.112308 0.14965 0.200816 0.263172 0.319204 0.334074 0.292333 0.222843 0.156822 0.105733 0.0696134 0.045189 0.0290685 0.0185813 
0.0297782 0.0446404 0.0656121 0.0940458 0.1306 0.174353 0.221768 0.265962 0.297272 0.306727 0.292316 0.262436 0.23109 0.209895 0.204675 0.21647 0.243824 0.284912 0.338089 0.396873 0.438556 0.430903 0.377307 0.314959 0.269119 0.24607 0.243445 0.256177 0.278463 0.304406 0.328178 0.34366 0.345014 0.329691 0.30088 0.265709 0.231417 0.203581 0.186589 0.18436 0.200247 0.235645 0.286069 0.334672 0.353656 0.329218 0.276662 0.217342 0.163109 0.118454 0.084208 0.0593756 0.0421867 0.0307707 0.0235116 0.0191774 0.0169304 0.0162908 0.0170936 0.0194574 0.0237746 0.0307246 0.0413002 0.0568158 0.0788366 0.108935 0.148179 0.196318 0.250876 0.306802 0.358155 0.402455 0.442537 0.477428 0.488193 0.451907 0.381231 0.308599 0.251867 0.215425 0.199667 0.204323 0.226894 0.258239 0.279681 0.272951 0.239242 0.195293 0.154398 0.121257 0.0959804 0.0774057 0.0642776 0.0554778 0.0501063 0.0476089 0.0478826 0.051283 0.058541 0.0706459 0.0887253 0.113832 0.146393 0.185052 0.225342 0.260478 0.286144 0.303388 0.312065 0.304482 0.274738 0.23132 0.189715 0.159775 0.144018 0.140979 0.14772 0.160902 0.177333 0.194877 0.213963 0.238944 0.278403 0.344381 0.449424 0.59184 0.704425 0.688779 0.630324 0.60954 0.620719 0.629324 0.600858 0.521891 0.415539 0.31624 0.241727 0.194116 0.168445 0.157636 0.15485 0.15493 0.155128 0.154823 0.15473 0.156308 0.161287 0.170956 0.185252 0.20223 0.218758 0.232468 0.242783 0.249144 0.24895 0.239463 0.222423 0.204899 0.195265 0.199703 0.221582 0.262054 0.320014 0.390481 0.461461 0.511036 0.513268 0.466016 0.401575 0.353917 0.342065 0.375104 0.452559 0.542898 0.557016 0.471224 0.371016 0.298648 0.25779 0.244756 0.256485 0.28845 0.327595 0.347847 0.328956 0.283411 0.238208 0.208714 0.198684 0.207301 0.232792 0.272453 0.320244 0.364878 0.394346 0.406317 0.409988 0.416272 0.42934 0.443752 0.446213 0.424111 0.378037 0.3232 0.277234 0.251896 0.254045 0.289575 0.366203 0.492394 0.659329 0.759631 0.668671 0.535064 0.436758 0.372776 0.332803 0.31046 0.303014 0.308704 0.324998 0.348539 0.376421 0.407267 0.44001 0.470226 0.487893 0.482269 0.452162 0.407563 0.360268 0.317851 0.2844 0.262384 0.253141 0.256633 0.271381 0.294801 0.323928 0.356687 0.393705 0.439334 0.500245 0.58195 0.685883 0.810662 0.958418 1.13481 1.32354 1.4472 1.42171 1.2951 1.1713 1.08199 1.01439 0.956957 0.89919 0.85577 0.852629 0.89819 0.989638 1.11766 1.22919 1.18677 1.02513 0.876769 0.762375 0.662285 0.569941 0.496003 0.44965 0.431655 0.436223 0.452713 0.468299 0.473426 0.464615 0.44328 0.416712 0.397075 0.394809 0.413046 0.445769 0.478291 0.490759 0.469369 0.421738 0.371059 0.334325 0.313798 0.300991 0.285834 0.266205 0.248413 0.239248 0.240042 0.245889 0.24872 0.243086 0.229739 0.21305 0.196923 0.183928 0.176273 0.176376 0.186921 0.210869 0.251332 0.310597 0.387086 0.468528 0.525303 0.528189 0.487055 0.437259 0.405164 0.406242 0.453533 0.561467 0.738919 0.94124 1.02886 1.07739 1.17032 0.949593 0.672262 0.490958 0.381246 0.317174 0.28047 0.258347 0.241174 0.222437 0.200528 0.178559 0.160948 0.150226 0.146269 0.14711 0.150094 0.152867 0.154052 0.153605 0.152915 0.15462 0.162092 0.178558 0.205789 0.242341 0.282129 0.316217 0.339479 0.354751 0.366886 0.3748 0.37192 0.354198 0.325562 0.294386 0.267669 0.249103 0.239556 0.237541 0.239524 0.241259 0.240668 0.239881 0.243654 0.255647 0.275819 0.300121 0.322524 0.338174 0.344251 0.337914 0.316251 0.280332 0.237505 0.19736 0.166463 0.147052 0.13844 0.138533 0.144508 0.152869 0.159746 0.162211 0.160024 0.155785 0.153013 0.154114 0.159783 0.169611 0.182748 0.197839 0.212689 0.225455 0.237567 0.254793 0.283955 0.327717 0.379691 0.420755 0.425011 0.384716 0.320915 0.25814 0.20791 0.171737 0.147085 0.130652 0.119602 0.11188 0.106218 0.102019 0.0991401 0.0976712 0.0978681 0.100236 0.105611 0.115016 0.129151 0.147512 0.167481 0.184263 0.192624 0.189703 0.176348 0.156093 0.133461 0.112717 0.0971527 0.088909 0.0892424 0.0989041 0.118402 0.148115 0.188329 0.239069 0.299038 0.362245 0.4119 0.421701 0.383193 0.321504 0.26437 0.223253 0.198808 0.188194 0.188393 0.196963 0.211596 0.229284 0.245899 0.25702 0.259772 0.254151 0.242852 0.23035 0.221984 0.222886 0.236174 0.259633 0.281728 0.284673 0.262202 0.229338 0.206824 0.208899 0.244961 0.322931 0.442386 0.549883 0.510376 0.371006 0.248332 0.163894 0.110224 0.0777876 0.0594685 0.0505793 0.0482349 0.0508408 0.0578201 0.0695577 0.0874955 0.114263 0.153551 0.208842 0.278536 0.343883 0.362423 0.314028 0.235443 0.163215 0.108737 0.0709266 0.0457048 0.029229 0.0185965 
0.0235086 0.034568 0.0497551 0.0697567 0.0947166 0.123745 0.154433 0.182645 0.20307 0.211128 0.205898 0.191728 0.176306 0.166864 0.167898 0.18116 0.206788 0.244383 0.292495 0.344254 0.380719 0.37905 0.342264 0.297931 0.267617 0.258513 0.269363 0.295045 0.328607 0.362677 0.390389 0.404605 0.398008 0.368234 0.321909 0.270499 0.223754 0.187309 0.163763 0.154253 0.158993 0.17652 0.201896 0.225271 0.234623 0.223727 0.196366 0.161185 0.125626 0.0941697 0.0687479 0.0495614 0.0358607 0.0265508 0.0205615 0.0170219 0.0153157 0.01508 0.0161841 0.0187143 0.022973 0.0294994 0.0391089 0.0529321 0.0724192 0.0992392 0.134962 0.18035 0.234086 0.291364 0.34467 0.389453 0.428561 0.462862 0.475582 0.445188 0.382463 0.31685 0.265157 0.232645 0.22199 0.236088 0.275629 0.331443 0.373418 0.363979 0.308021 0.241206 0.183975 0.139864 0.106847 0.0825359 0.0651623 0.0534086 0.046252 0.0429781 0.0432366 0.0470491 0.0547488 0.0668775 0.0840475 0.106713 0.134685 0.166218 0.197109 0.221501 0.235499 0.23968 0.235992 0.224134 0.204008 0.179781 0.158458 0.145666 0.1439 0.15306 0.17125 0.195032 0.219671 0.240653 0.257195 0.275559 0.308954 0.375178 0.494453 0.678778 0.849145 0.807219 0.731023 0.730491 0.774265 0.798331 0.757094 0.636824 0.485103 0.357691 0.271703 0.22322 0.202373 0.19793 0.199142 0.198422 0.193367 0.185508 0.177397 0.171082 0.167977 0.16883 0.173417 0.180368 0.1876 0.19334 0.196727 0.197277 0.194241 0.187328 0.178261 0.171191 0.171504 0.184441 0.214583 0.265948 0.34181 0.443377 0.565623 0.681313 0.713094 0.626029 0.50937 0.426073 0.395701 0.427606 0.529338 0.67994 0.704121 0.53922 0.388303 0.291159 0.237375 0.215691 0.218368 0.237982 0.262495 0.274278 0.26155 0.231112 0.19977 0.179724 0.176128 0.19053 0.223178 0.272552 0.332281 0.388195 0.423483 0.43304 0.427355 0.420663 0.420486 0.42404 0.420254 0.398062 0.357118 0.309297 0.269498 0.248858 0.255241 0.296832 0.385987 0.543332 0.80255 1.1046 0.784364 0.573019 0.448112 0.376517 0.3387 0.324034 0.326972 0.343778 0.37043 0.402491 0.436697 0.472067 0.507537 0.536793 0.546954 0.527053 0.479885 0.420575 0.363712 0.317043 0.283553 0.264333 0.259411 0.267476 0.285742 0.31039 0.33748 0.364374 0.391852 0.425374 0.473222 0.542362 0.635614 0.753681 0.902482 1.09478 1.32333 1.4804 1.40757 1.23243 1.08582 0.978364 0.891647 0.825145 0.78464 0.775106 0.798918 0.850395 0.917889 0.984499 1.01504 0.964942 0.851277 0.731603 0.631198 0.54911 0.482195 0.432394 0.402397 0.391686 0.395698 0.406243 0.413798 0.412086 0.400757 0.38392 0.368334 0.361996 0.371053 0.395484 0.425773 0.445111 0.440623 0.413607 0.377093 0.346392 0.330775 0.329018 0.329674 0.319626 0.297678 0.274944 0.262173 0.262116 0.269564 0.275297 0.272805 0.262321 0.247528 0.231251 0.215513 0.202923 0.19656 0.199407 0.214406 0.244627 0.292468 0.356739 0.426306 0.474602 0.47608 0.439623 0.396974 0.372554 0.381446 0.43792 0.561386 0.776567 1.06325 1.09601 1.03536 1.01986 0.847336 0.620338 0.455881 0.350718 0.285513 0.244732 0.217856 0.198192 0.182047 0.168431 0.158364 0.153369 0.153964 0.158966 0.165744 0.171218 0.173155 0.171062 0.166283 0.161533 0.160348 0.166555 0.183606 0.213419 0.254348 0.298943 0.335436 0.356581 0.365938 0.370138 0.369475 0.359191 0.33675 0.305648 0.272781 0.244273 0.22376 0.212418 0.209228 0.211376 0.215577 0.220451 0.228126 0.24306 0.268777 0.304498 0.343347 0.375322 0.395597 0.406682 0.407824 0.388611 0.342348 0.280342 0.220958 0.174915 0.144443 0.12757 0.121034 0.121376 0.125164 0.129222 0.131325 0.130988 0.129435 0.128559 0.129792 0.133688 0.140159 0.148812 0.159008 0.16992 0.181251 0.194443 0.212922 0.240386 0.277794 0.319944 0.353145 0.359987 0.334819 0.29028 0.24321 0.203084 0.172217 0.149526 0.133176 0.121669 0.113959 0.109271 0.10694 0.106343 0.106922 0.108332 0.110669 0.114601 0.121235 0.131646 0.146196 0.163881 0.182035 0.196608 0.203057 0.198004 0.181459 0.157676 0.133085 0.113278 0.101671 0.0998005 0.108032 0.125953 0.152463 0.185922 0.224543 0.266305 0.306905 0.336467 0.341814 0.319454 0.281867 0.244762 0.216488 0.198882 0.191272 0.192749 0.202514 0.219142 0.239578 0.258827 0.271458 0.274486 0.269026 0.259261 0.250646 0.24924 0.261754 0.29457 0.348709 0.40636 0.421551 0.372094 0.301255 0.2517 0.240492 0.276176 0.371154 0.545765 0.790237 0.688475 0.442082 0.278931 0.178272 0.117671 0.0823403 0.0630743 0.0542267 0.0523718 0.0555303 0.0628136 0.074354 0.0913702 0.116195 0.151962 0.201163 0.261116 0.31464 0.328164 0.28698 0.218785 0.15388 0.103605 0.0680782 0.0440932 0.0282979 0.0180481 
0.0179913 0.0259527 0.0366074 0.0502717 0.0668811 0.0857353 0.105287 0.123137 0.136455 0.143021 0.142565 0.137437 0.131793 0.129874 0.134726 0.147932 0.169991 0.200608 0.237904 0.275874 0.302543 0.306552 0.290697 0.271199 0.263264 0.273773 0.302122 0.342455 0.385953 0.423871 0.449732 0.457461 0.43973 0.3951 0.333653 0.269924 0.214467 0.172069 0.143703 0.128604 0.125207 0.131022 0.142013 0.152467 0.156477 0.150682 0.135743 0.115109 0.0927696 0.0718331 0.054093 0.0401765 0.0299327 0.0228289 0.0182403 0.0156144 0.0145439 0.0147851 0.0162544 0.0190225 0.0233196 0.0295633 0.0384109 0.0508263 0.0681355 0.0920015 0.124189 0.165872 0.21618 0.270331 0.319904 0.358719 0.388412 0.411107 0.41769 0.396152 0.352359 0.304143 0.264003 0.238367 0.232886 0.253863 0.305566 0.381067 0.442312 0.43051 0.355273 0.271773 0.204038 0.153127 0.11516 0.0870264 0.0667693 0.053002 0.0446101 0.0407335 0.0408166 0.0446121 0.0521158 0.0634468 0.0786887 0.0976779 0.11967 0.142837 0.163924 0.179002 0.185675 0.184578 0.178022 0.167932 0.156025 0.145087 0.138878 0.14085 0.153201 0.176576 0.209795 0.249028 0.286831 0.313552 0.324442 0.327624 0.341903 0.388088 0.483059 0.626991 0.753431 0.765416 0.763588 0.843193 0.969325 0.992081 0.893723 0.718587 0.528612 0.384244 0.296004 0.254579 0.246598 0.256215 0.265577 0.261832 0.244798 0.222546 0.201913 0.185674 0.174224 0.167132 0.163666 0.162839 0.163464 0.164403 0.164757 0.163784 0.160901 0.156201 0.15118 0.148953 0.153805 0.170612 0.204676 0.262013 0.3499 0.477783 0.658638 0.898685 1.02299 0.814727 0.619401 0.492713 0.433599 0.443615 0.523847 0.644865 0.656495 0.509826 0.366539 0.270178 0.213923 0.187022 0.181035 0.188288 0.199498 0.204243 0.196436 0.179184 0.161477 0.151585 0.154639 0.173561 0.210018 0.263568 0.328533 0.39089 0.432515 0.44472 0.434689 0.417295 0.403693 0.39509 0.38425 0.362866 0.329579 0.291615 0.25969 0.243366 0.250563 0.289506 0.370941 0.508399 0.704063 0.834344 0.702787 0.542524 0.436505 0.376468 0.349264 0.346113 0.361689 0.391456 0.429773 0.470616 0.510594 0.550256 0.588988 0.616175 0.612958 0.570987 0.502589 0.428453 0.363554 0.314314 0.28226 0.267151 0.267727 0.281231 0.303223 0.328452 0.352336 0.372428 0.390094 0.411451 0.445294 0.49898 0.576165 0.679307 0.816844 1.00785 1.2728 1.53348 1.34955 1.11359 0.951086 0.840633 0.760884 0.70886 0.689196 0.702817 0.743651 0.797889 0.846899 0.871745 0.856184 0.7943 0.701955 0.606243 0.523866 0.458557 0.409363 0.375609 0.356835 0.351386 0.35563 0.364005 0.370343 0.370424 0.363704 0.35313 0.34441 0.344773 0.35999 0.389564 0.421784 0.436103 0.420905 0.386193 0.350816 0.328423 0.324163 0.333743 0.343324 0.337764 0.315911 0.290889 0.275301 0.273108 0.280245 0.288671 0.292308 0.290124 0.282992 0.270905 0.254919 0.238624 0.226264 0.221126 0.225904 0.2433 0.27525 0.320207 0.368795 0.402298 0.404735 0.381199 0.352359 0.337149 0.34916 0.400945 0.506511 0.673825 0.85422 0.891236 0.833211 0.765303 0.652423 0.514047 0.396493 0.312167 0.255176 0.216826 0.190404 0.171812 0.159114 0.151941 0.15079 0.156115 0.167328 0.182031 0.196016 0.204608 0.205032 0.19791 0.18661 0.17558 0.169277 0.171781 0.18647 0.215128 0.256042 0.301756 0.340469 0.364772 0.377579 0.38379 0.381449 0.365421 0.335597 0.29804 0.260289 0.227936 0.204069 0.189691 0.184069 0.185222 0.191076 0.201211 0.218 0.245916 0.288931 0.346279 0.407596 0.455456 0.484281 0.508068 0.531458 0.523051 0.452443 0.350074 0.258167 0.191245 0.14794 0.122768 0.110304 0.106069 0.106474 0.108743 0.11105 0.11269 0.1139 0.115294 0.117323 0.120131 0.123741 0.128254 0.133868 0.14086 0.149819 0.162012 0.179316 0.203277 0.233445 0.265495 0.290527 0.298543 0.2861 0.25938 0.228094 0.198958 0.174449 0.15463 0.139089 0.127757 0.120706 0.117701 0.117992 0.120395 0.123593 0.126572 0.129081 0.131886 0.136631 0.145318 0.159612 0.180161 0.20585 0.232666 0.252569 0.255375 0.236457 0.202526 0.166008 0.13647 0.118375 0.112803 0.119164 0.135828 0.160042 0.188029 0.216018 0.241489 0.262588 0.275965 0.27728 0.265871 0.246982 0.2275 0.211617 0.200845 0.195952 0.197975 0.207813 0.225116 0.247158 0.268668 0.283747 0.28936 0.287097 0.281557 0.278152 0.283064 0.304856 0.355442 0.446605 0.567595 0.613712 0.502189 0.369501 0.285131 0.254968 0.277968 0.358807 0.503808 0.664341 0.602037 0.412183 0.26709 0.173567 0.116504 0.0834645 0.0661271 0.0591551 0.0591134 0.0637906 0.0719245 0.0832149 0.0983967 0.11911 0.1473 0.183684 0.224441 0.256834 0.26185 0.232436 0.183253 0.133263 0.0921823 0.061834 0.0406739 0.0264091 0.0169923 
0.0134326 0.0190258 0.0263377 0.0354983 0.0463904 0.0585239 0.0709583 0.0823577 0.0912744 0.0966905 0.0986254 0.0983982 0.0982596 0.10061 0.107322 0.119475 0.137389 0.160598 0.187323 0.213532 0.233187 0.242101 0.243236 0.246289 0.261484 0.294275 0.342878 0.397912 0.446174 0.478126 0.491178 0.484146 0.452537 0.396348 0.326712 0.2581 0.199976 0.15585 0.125575 0.107425 0.0991245 0.098047 0.101074 0.104681 0.105595 0.1018 0.0931212 0.0808992 0.0671336 0.0536874 0.0418501 0.0322539 0.0250117 0.0199293 0.0166935 0.0149985 0.0146123 0.015401 0.0173306 0.0204626 0.0249588 0.0311098 0.0393949 0.0505661 0.0657274 0.0863348 0.113977 0.149701 0.19266 0.23848 0.279596 0.310072 0.330252 0.342536 0.344311 0.331192 0.305571 0.275419 0.248078 0.229804 0.227757 0.249535 0.299881 0.371893 0.429589 0.419844 0.350755 0.272029 0.206638 0.156236 0.117692 0.0885489 0.0672969 0.052778 0.04394 0.0398733 0.0398909 0.0435407 0.0505392 0.0606459 0.0735099 0.0885143 0.104622 0.120232 0.133204 0.141419 0.143887 0.141429 0.136088 0.130086 0.125536 0.124782 0.130496 0.14533 0.171478 0.21023 0.261178 0.32036 0.377027 0.412712 0.413852 0.391587 0.374409 0.385853 0.436043 0.516799 0.595167 0.649089 0.725242 0.896988 1.19653 1.13752 0.90544 0.698254 0.514063 0.381895 0.307923 0.285054 0.302095 0.340248 0.367399 0.355682 0.312902 0.265002 0.226075 0.198087 0.17869 0.165263 0.156041 0.150069 0.146741 0.145384 0.145047 0.14454 0.142794 0.139568 0.136095 0.135191 0.14084 0.157786 0.191541 0.248907 0.339005 0.475096 0.67738 0.969502 1.16587 0.917561 0.701136 0.544769 0.452522 0.425065 0.451548 0.495189 0.486316 0.405917 0.310651 0.236124 0.18747 0.160316 0.148969 0.147637 0.150109 0.150504 0.145655 0.136872 0.128749 0.126449 0.13418 0.155119 0.191472 0.243452 0.30674 0.370002 0.417115 0.436135 0.428033 0.406086 0.384555 0.368712 0.354954 0.336965 0.311902 0.282774 0.256622 0.241468 0.244673 0.272841 0.331586 0.42161 0.523713 0.57769 0.540963 0.465677 0.403685 0.3686 0.359173 0.372034 0.404099 0.450689 0.503707 0.553925 0.59763 0.639696 0.683684 0.712763 0.692265 0.617364 0.520753 0.430624 0.359088 0.308953 0.279554 0.269312 0.275812 0.294817 0.319942 0.344278 0.363087 0.375237 0.383406 0.39388 0.414627 0.452163 0.510143 0.59149 0.70297 0.856436 1.05365 1.20128 1.10433 0.929812 0.795056 0.702772 0.642575 0.611899 0.612899 0.644944 0.700261 0.762405 0.807794 0.813154 0.770204 0.691934 0.600677 0.51496 0.444382 0.391089 0.353788 0.330508 0.319301 0.317992 0.323859 0.333479 0.342996 0.348895 0.349022 0.3439 0.337976 0.338832 0.35332 0.381782 0.412289 0.422854 0.40215 0.363802 0.328965 0.310222 0.31042 0.323823 0.33698 0.335961 0.318819 0.29621 0.279698 0.274473 0.279253 0.289274 0.300244 0.309704 0.314516 0.310626 0.297702 0.28044 0.264083 0.251773 0.245792 0.248771 0.262759 0.286724 0.314155 0.333801 0.336832 0.325068 0.309317 0.30178 0.312757 0.351024 0.422399 0.520975 0.611593 0.643852 0.620812 0.570442 0.498578 0.415182 0.337776 0.275907 0.22997 0.196719 0.172951 0.156784 0.147666 0.145944 0.152328 0.167197 0.1896 0.21598 0.239497 0.251998 0.249128 0.233564 0.212307 0.192279 0.178686 0.175325 0.184927 0.208714 0.245045 0.288054 0.32929 0.364027 0.393958 0.418199 0.425203 0.403481 0.358338 0.305593 0.256976 0.217561 0.188861 0.170844 0.162558 0.162525 0.169588 0.184081 0.208644 0.247934 0.306715 0.385145 0.470346 0.535844 0.574519 0.619012 0.691706 0.723325 0.600861 0.429722 0.29694 0.208601 0.153819 0.122 0.105263 0.0981039 0.0967419 0.0986379 0.102209 0.106584 0.111268 0.115766 0.119438 0.121729 0.122594 0.122709 0.123273 0.125627 0.131022 0.140573 0.155145 0.174912 0.198625 0.222889 0.242252 0.251195 0.247516 0.233775 0.215028 0.195496 0.177193 0.160759 0.146902 0.13687 0.131802 0.131928 0.136278 0.14291 0.149537 0.154373 0.156927 0.158398 0.161438 0.169446 0.185777 0.213122 0.25263 0.301328 0.346281 0.362049 0.331868 0.272338 0.211812 0.165731 0.137842 0.127079 0.130989 0.146396 0.168907 0.192781 0.212519 0.225515 0.232493 0.234974 0.233579 0.228978 0.222767 0.216458 0.210531 0.205259 0.202038 0.203394 0.211701 0.227662 0.24924 0.271719 0.289743 0.300622 0.305759 0.308722 0.313015 0.3229 0.3469 0.400624 0.50515 0.668049 0.747716 0.571301 0.397431 0.292713 0.247766 0.252264 0.299534 0.375925 0.434925 0.408319 0.315484 0.221996 0.152744 0.10777 0.0815246 0.0687543 0.065469 0.0686795 0.0760532 0.0858635 0.0972318 0.110331 0.126138 0.145607 0.168313 0.190719 0.20513 0.202629 0.1807 0.14646 0.110181 0.07863 0.0541242 0.0363423 0.0239804 0.0156254 
0.00984723 0.0137162 0.0186731 0.024766 0.0318926 0.039743 0.0477803 0.0552992 0.0615988 0.0662556 0.069393 0.0717764 0.074631 0.0792678 0.0867253 0.0975741 0.111867 0.129092 0.148002 0.16651 0.182362 0.195118 0.208241 0.228911 0.265191 0.321868 0.394934 0.466498 0.511965 0.522461 0.507906 0.477297 0.430796 0.368903 0.299849 0.234479 0.179822 0.1382 0.10898 0.0902515 0.079732 0.0750748 0.0739067 0.0739067 0.0730788 0.0701317 0.0647071 0.0572829 0.0488183 0.0403485 0.0326946 0.0263469 0.0214907 0.0181047 0.0160703 0.0152565 0.0155702 0.0169744 0.0194856 0.02316 0.0280883 0.0344155 0.0424008 0.0525133 0.0655262 0.0825267 0.104709 0.132778 0.165897 0.200647 0.231528 0.254143 0.268098 0.27515 0.275548 0.268464 0.254809 0.23748 0.220186 0.207884 0.207123 0.224292 0.261941 0.312257 0.349816 0.344827 0.300142 0.243105 0.191003 0.147844 0.113103 0.0859558 0.0658034 0.0519726 0.0436482 0.0399987 0.0402959 0.0439483 0.0504508 0.0592832 0.0697992 0.08115 0.0922758 0.101971 0.109052 0.112687 0.112859 0.110585 0.10765 0.106116 0.108095 0.1158 0.131602 0.15794 0.197098 0.250802 0.319248 0.398657 0.475708 0.521523 0.509128 0.454845 0.401645 0.37656 0.385822 0.421939 0.471202 0.53108 0.6254 0.789757 1.00032 0.963086 0.768412 0.593584 0.450904 0.352606 0.305187 0.30929 0.362904 0.452119 0.519964 0.488086 0.393511 0.306527 0.245276 0.205369 0.179338 0.161582 0.148997 0.140387 0.135438 0.133745 0.134248 0.135219 0.134863 0.132372 0.128783 0.126972 0.130976 0.14542 0.175535 0.227724 0.310409 0.434501 0.609951 0.821572 0.9617 0.922421 0.76171 0.583327 0.456451 0.391703 0.37303 0.37097 0.352645 0.307088 0.250309 0.199725 0.162245 0.137959 0.124386 0.118172 0.115652 0.113573 0.110202 0.106043 0.103443 0.105536 0.115436 0.135928 0.169164 0.215729 0.272844 0.33252 0.381845 0.407825 0.406754 0.388947 0.369207 0.355279 0.346121 0.335972 0.319459 0.29588 0.270351 0.250967 0.245178 0.258078 0.291515 0.341444 0.393032 0.421976 0.415724 0.389185 0.365029 0.356059 0.366664 0.398191 0.450434 0.518957 0.591749 0.652412 0.694322 0.73012 0.774763 0.808804 0.770492 0.656986 0.531316 0.427454 0.351673 0.302083 0.275682 0.269763 0.281085 0.304232 0.331056 0.353164 0.366147 0.370892 0.371647 0.374256 0.384807 0.408102 0.447125 0.504167 0.582218 0.682328 0.789817 0.852385 0.820633 0.73445 0.650591 0.588593 0.551315 0.540649 0.559515 0.608198 0.680189 0.758831 0.814924 0.813454 0.746053 0.644523 0.542829 0.457258 0.392062 0.346202 0.316807 0.300697 0.294983 0.297294 0.305751 0.31853 0.333127 0.345825 0.352308 0.35035 0.343092 0.338647 0.344962 0.363361 0.383875 0.38845 0.368167 0.33427 0.304586 0.289922 0.292414 0.306874 0.322326 0.327329 0.318073 0.300205 0.282884 0.272976 0.273014 0.282184 0.298332 0.318088 0.335094 0.341851 0.336381 0.323239 0.307088 0.289937 0.273717 0.261934 0.258078 0.262893 0.272927 0.281781 0.284148 0.279658 0.2728 0.270136 0.278278 0.302726 0.345446 0.400212 0.449584 0.474398 0.470397 0.44415 0.401519 0.349493 0.297127 0.251142 0.213947 0.185211 0.164029 0.150105 0.143953 0.146654 0.159491 0.183405 0.217848 0.258569 0.295116 0.312875 0.304029 0.275364 0.240292 0.208918 0.186614 0.17617 0.179173 0.196103 0.225701 0.264698 0.309654 0.360767 0.421408 0.485439 0.518945 0.485342 0.406522 0.325222 0.25924 0.210314 0.176277 0.154946 0.144544 0.143651 0.151573 0.168998 0.198529 0.244542 0.311687 0.400324 0.497197 0.573546 0.62202 0.683093 0.796633 0.882117 0.698205 0.474241 0.317876 0.218447 0.158007 0.123071 0.104523 0.0964321 0.0950751 0.0982336 0.10463 0.113368 0.123352 0.132867 0.139714 0.142061 0.139562 0.133765 0.127419 0.123296 0.123414 0.128824 0.139666 0.155183 0.173654 0.192375 0.207955 0.217227 0.218619 0.21296 0.202772 0.190564 0.177739 0.165134 0.154234 0.147337 0.146444 0.152077 0.162793 0.175513 0.186573 0.19326 0.195112 0.1943 0.195033 0.202477 0.221861 0.258202 0.316299 0.398585 0.492368 0.539384 0.478233 0.36448 0.265082 0.196924 0.157397 0.140713 0.141618 0.15517 0.17558 0.19578 0.209306 0.213797 0.211877 0.207991 0.205302 0.205092 0.207167 0.209978 0.211286 0.209984 0.207559 0.207484 0.213188 0.226258 0.245596 0.26779 0.289009 0.307555 0.324541 0.34153 0.357822 0.371892 0.388216 0.421734 0.490086 0.585651 0.612829 0.498955 0.362937 0.269475 0.221977 0.212344 0.230834 0.262398 0.282096 0.267269 0.222167 0.169604 0.125706 0.0954079 0.078074 0.0714913 0.0732903 0.0811189 0.0925364 0.105213 0.117561 0.129255 0.140917 0.152999 0.164652 0.173197 0.174595 0.165406 0.145554 0.119035 0.0913764 0.0667301 0.0469358 0.0321083 0.021517 0.0141983 
0.00713727 0.00979897 0.0131567 0.017231 0.0219574 0.0271633 0.0325708 0.0378419 0.0426764 0.0469459 0.0508087 0.0547333 0.0593916 0.0654581 0.0734074 0.0833903 0.0952125 0.108382 0.122196 0.135971 0.149626 0.16471 0.185355 0.21839 0.272188 0.353505 0.458924 0.557286 0.593654 0.561782 0.504542 0.445328 0.385512 0.322975 0.260513 0.203673 0.156493 0.120246 0.0942148 0.0767356 0.0658789 0.0597466 0.0565671 0.0547525 0.0530069 0.0504666 0.0467839 0.0420848 0.0368099 0.0315095 0.0266724 0.0226351 0.0195703 0.0175301 0.016507 0.0164893 0.0174943 0.0195758 0.0228075 0.0272513 0.0329287 0.0398202 0.0479175 0.0573318 0.0684152 0.0818082 0.0982897 0.118325 0.141349 0.165191 0.186505 0.202514 0.212533 0.217387 0.217796 0.214022 0.206538 0.196376 0.185446 0.177202 0.176429 0.187345 0.210591 0.239785 0.260531 0.258882 0.234787 0.199696 0.163559 0.130705 0.102532 0.079664 0.062385 0.05057 0.0437431 0.0412493 0.0423924 0.0464864 0.0528375 0.0606982 0.069233 0.0775338 0.0847012 0.08998 0.0929153 0.0935105 0.092359 0.0906687 0.0901241 0.0926822 0.100448 0.115641 0.140549 0.177406 0.228192 0.294249 0.375226 0.466351 0.552192 0.59859 0.572045 0.493312 0.413854 0.362163 0.343124 0.350969 0.378361 0.424068 0.495009 0.592346 0.67569 0.665156 0.571828 0.462483 0.369657 0.308556 0.288606 0.317572 0.404793 0.554797 0.69986 0.624275 0.455792 0.331114 0.252424 0.204326 0.174334 0.154512 0.14075 0.131593 0.12682 0.126135 0.128337 0.13119 0.132163 0.129872 0.125246 0.121395 0.122522 0.133057 0.157612 0.201511 0.271387 0.374996 0.518134 0.695391 0.879713 0.985657 0.829517 0.602145 0.444289 0.354765 0.31093 0.288536 0.267437 0.23846 0.204045 0.170647 0.142731 0.121869 0.107733 0.0989383 0.0936203 0.0900264 0.0871485 0.0851137 0.0851187 0.0890493 0.0990958 0.117469 0.146038 0.18559 0.234605 0.287817 0.335685 0.367127 0.377148 0.372226 0.364491 0.362458 0.367165 0.371952 0.365902 0.343276 0.310282 0.279165 0.259399 0.255311 0.266849 0.289632 0.314746 0.331741 0.336024 0.332944 0.332687 0.343783 0.371834 0.421046 0.494067 0.587693 0.685572 0.758088 0.788799 0.800336 0.822809 0.841215 0.78742 0.658562 0.524214 0.417812 0.342823 0.295377 0.271469 0.267922 0.281167 0.305326 0.331527 0.35093 0.359857 0.360795 0.358713 0.358158 0.362665 0.375003 0.397502 0.432157 0.479976 0.5382 0.594823 0.627418 0.620705 0.585429 0.543772 0.510486 0.493227 0.498078 0.530994 0.595159 0.685867 0.784475 0.854052 0.846415 0.753173 0.62762 0.51402 0.425999 0.363458 0.322725 0.299448 0.289242 0.288204 0.293654 0.304468 0.32023 0.339376 0.357594 0.368339 0.366852 0.355114 0.341632 0.335185 0.338269 0.344355 0.341783 0.324789 0.299904 0.278994 0.270547 0.277095 0.295419 0.317317 0.33222 0.332276 0.317323 0.295242 0.276406 0.267896 0.272239 0.288708 0.313565 0.33932 0.357364 0.364139 0.361543 0.351032 0.33229 0.307176 0.281248 0.260754 0.249003 0.245134 0.24544 0.246037 0.245111 0.24345 0.243754 0.249777 0.265117 0.29111 0.324558 0.357556 0.381244 0.390236 0.382559 0.358555 0.322443 0.281714 0.243093 0.209993 0.183265 0.163078 0.150059 0.145475 0.151023 0.168601 0.199958 0.245542 0.30133 0.353345 0.377641 0.360448 0.315421 0.264986 0.222132 0.191451 0.174188 0.170657 0.180721 0.203723 0.238951 0.287567 0.355488 0.45329 0.582403 0.677314 0.610067 0.465568 0.344837 0.259832 0.202212 0.164168 0.140828 0.129349 0.128112 0.13655 0.155351 0.186675 0.233907 0.30029 0.385059 0.476813 0.554162 0.610355 0.667805 0.741192 0.763615 0.630583 0.449841 0.309507 0.21607 0.158161 0.124554 0.106989 0.100026 0.100441 0.106623 0.117893 0.133652 0.152342 0.170622 0.183583 0.186777 0.1791 0.163847 0.146702 0.132794 0.125159 0.124736 0.130923 0.142104 0.156066 0.17039 0.182763 0.191253 0.194735 0.193344 0.188368 0.181328 0.173221 0.165031 0.158778 0.15747 0.163707 0.178118 0.198478 0.219879 0.23647 0.244361 0.243749 0.238765 0.235841 0.242055 0.264175 0.308755 0.383649 0.500363 0.667615 0.799328 0.654512 0.452454 0.310516 0.222539 0.173411 0.151768 0.149624 0.160494 0.177661 0.193672 0.20223 0.201532 0.195051 0.188317 0.18547 0.188053 0.195096 0.203564 0.209667 0.211281 0.209657 0.208565 0.21192 0.221927 0.238503 0.259897 0.284353 0.311864 0.344124 0.38129 0.416753 0.437053 0.437004 0.432492 0.442337 0.459939 0.44606 0.379515 0.294948 0.227217 0.186599 0.170765 0.172723 0.182216 0.186759 0.177204 0.154208 0.126066 0.10101 0.083481 0.0748142 0.0747709 0.0823365 0.0957852 0.11255 0.129587 0.144522 0.156678 0.166633 0.174542 0.179041 0.17775 0.168788 0.152025 0.129386 0.104181 0.0797952 0.0585898 0.0415767 0.0287209 0.0194284 0.0129291 
0.00515504 0.00699862 0.0093043 0.0120909 0.0153347 0.0189631 0.022864 0.026917 0.0310478 0.035292 0.0398386 0.0450197 0.0512259 0.0587671 0.0677257 0.0778733 0.0887063 0.0996247 0.110226 0.120678 0.132157 0.147365 0.171042 0.210325 0.274754 0.374891 0.514181 0.654399 0.679009 0.58639 0.483036 0.399769 0.331897 0.272349 0.218756 0.172074 0.133671 0.103895 0.0820381 0.0668004 0.0566983 0.0502992 0.0463186 0.0436618 0.0414649 0.0391401 0.0364025 0.0332444 0.0298583 0.0265294 0.0235378 0.0210972 0.0193392 0.0183348 0.018135 0.0188106 0.0204739 0.0232739 0.0273617 0.0328313 0.039655 0.0476469 0.0564933 0.0658704 0.0756166 0.0858689 0.0970466 0.109584 0.12345 0.137743 0.150837 0.161163 0.167965 0.17129 0.171473 0.168864 0.163857 0.157046 0.149625 0.143844 0.142708 0.14859 0.161352 0.176925 0.187944 0.18789 0.175817 0.155832 0.132754 0.109794 0.0888836 0.0713404 0.0579977 0.0491694 0.044721 0.0442126 0.0470095 0.05233 0.0592624 0.0668028 0.0739414 0.0797903 0.0837166 0.0854465 0.0851246 0.0833334 0.0810829 0.0797767 0.0811529 0.0872251 0.100227 0.122511 0.156292 0.203247 0.2641 0.338311 0.423186 0.51108 0.584427 0.613369 0.575387 0.491116 0.404416 0.341276 0.307162 0.298111 0.308581 0.335343 0.376637 0.424883 0.458229 0.451595 0.406416 0.346456 0.293351 0.261338 0.2607 0.301169 0.393832 0.543583 0.68323 0.610841 0.445841 0.321464 0.242153 0.193475 0.163257 0.143616 0.130408 0.122136 0.118575 0.119427 0.123375 0.127844 0.129795 0.127437 0.121648 0.115722 0.113918 0.120349 0.138866 0.173557 0.229277 0.311757 0.426929 0.580159 0.774522 0.941105 0.789942 0.562127 0.406599 0.314352 0.26395 0.236302 0.21691 0.197443 0.17561 0.152747 0.131186 0.112791 0.0984507 0.0880897 0.0809833 0.0762201 0.0731587 0.071729 0.0725068 0.0766179 0.0855728 0.101071 0.1247 0.157406 0.19865 0.24538 0.291472 0.329257 0.354031 0.367883 0.378539 0.395274 0.423188 0.454446 0.464693 0.435973 0.382669 0.33013 0.291628 0.270097 0.263747 0.268221 0.277629 0.286607 0.29317 0.299893 0.31214 0.335555 0.375307 0.436699 0.524499 0.637855 0.758636 0.842052 0.854846 0.830263 0.811256 0.790812 0.726877 0.615921 0.499248 0.403745 0.335115 0.291197 0.26868 0.264664 0.275838 0.296814 0.319647 0.336743 0.345494 0.348756 0.350629 0.353126 0.356379 0.360983 0.369483 0.38528 0.410199 0.442345 0.474925 0.498083 0.505335 0.498614 0.485261 0.472959 0.469239 0.483067 0.524557 0.601387 0.710364 0.823837 0.888606 0.860236 0.748994 0.614759 0.499316 0.413049 0.354298 0.31901 0.302408 0.2989 0.30287 0.310683 0.322055 0.338556 0.35992 0.381197 0.393613 0.3902 0.372111 0.348244 0.328215 0.316054 0.30876 0.299799 0.285532 0.26889 0.256844 0.255876 0.269475 0.29716 0.333352 0.365876 0.378002 0.360918 0.325055 0.289563 0.267225 0.262345 0.274177 0.298728 0.329128 0.357708 0.379503 0.391807 0.390837 0.373154 0.340838 0.302269 0.267136 0.241474 0.226389 0.219585 0.217692 0.218019 0.219339 0.222093 0.228262 0.240472 0.260328 0.287043 0.317446 0.346962 0.369656 0.377569 0.364298 0.332268 0.29191 0.252747 0.218926 0.191131 0.169601 0.155411 0.150351 0.156505 0.176086 0.211275 0.263214 0.328436 0.39113 0.420135 0.396325 0.339441 0.278696 0.228363 0.192016 0.169718 0.160945 0.165257 0.182532 0.213705 0.262543 0.338193 0.456864 0.635561 0.81136 0.691347 0.48805 0.344185 0.250476 0.18987 0.151087 0.127736 0.116385 0.115303 0.12394 0.142808 0.173428 0.217983 0.278175 0.352724 0.434138 0.509828 0.571124 0.616221 0.637364 0.608091 0.511919 0.387965 0.280705 0.203983 0.15484 0.126347 0.112277 0.108292 0.112053 0.122943 0.141423 0.167855 0.200674 0.234339 0.258934 0.264293 0.247543 0.216002 0.181385 0.152723 0.134121 0.125933 0.126427 0.132925 0.142547 0.152794 0.161828 0.168417 0.171857 0.172148 0.170037 0.166555 0.162603 0.159433 0.159485 0.166219 0.18268 0.209597 0.243701 0.27722 0.300536 0.308046 0.301897 0.289871 0.281368 0.285196 0.308791 0.358059 0.438607 0.559994 0.735927 0.888454 0.707233 0.48118 0.328598 0.235215 0.183029 0.159247 0.154922 0.162839 0.175967 0.187286 0.191542 0.18774 0.179418 0.171911 0.169335 0.173232 0.18244 0.193561 0.202403 0.20643 0.206435 0.205804 0.208306 0.216407 0.230879 0.251533 0.278674 0.314419 0.362412 0.423865 0.487357 0.519807 0.497239 0.446682 0.403068 0.370837 0.334587 0.284738 0.229685 0.182944 0.151328 0.134833 0.129574 0.129623 0.12861 0.122207 0.110149 0.09561 0.0826701 0.0744598 0.0728083 0.0785463 0.091647 0.110968 0.13392 0.156877 0.176833 0.193009 0.206063 0.215381 0.217729 0.209353 0.189595 0.161828 0.131079 0.101548 0.0757611 0.0547521 0.0385299 0.026524 0.0179331 0.011948 
0.00374445 0.00504946 0.00668307 0.00867355 0.0110344 0.0137663 0.0168685 0.0203614 0.0243193 0.0289018 0.0343658 0.041035 0.0492106 0.0590215 0.0702536 0.0822391 0.093932 0.104264 0.112728 0.119936 0.127931 0.140251 0.16201 0.200181 0.263957 0.364103 0.505867 0.651835 0.666777 0.551875 0.434523 0.345759 0.279169 0.226109 0.181829 0.144748 0.114558 0.0909655 0.0732907 0.0605472 0.0516453 0.0455509 0.0413647 0.0383469 0.035925 0.0337031 0.0314666 0.0291686 0.02689 0.0247796 0.0229948 0.0216603 0.0208579 0.0206467 0.0211021 0.0223541 0.0246063 0.0281199 0.0331583 0.0398959 0.0483084 0.0580808 0.0685896 0.0790006 0.0884888 0.0965286 0.103135 0.108864 0.11444 0.120224 0.125941 0.130882 0.134316 0.135765 0.135074 0.132384 0.12806 0.122656 0.117076 0.112749 0.111394 0.114207 0.120884 0.12911 0.135176 0.135826 0.130035 0.119027 0.104941 0.0898149 0.0753806 0.0630796 0.053979 0.048687 0.0473647 0.0497835 0.0553597 0.0631542 0.0719042 0.0801727 0.0866376 0.0904143 0.0912388 0.0894403 0.0857985 0.081415 0.0776506 0.0761184 0.0787152 0.0876689 0.10554 0.135033 0.178388 0.236265 0.306618 0.384753 0.464243 0.535453 0.582208 0.585182 0.537552 0.458169 0.377433 0.315059 0.276402 0.258974 0.258191 0.269942 0.290057 0.311657 0.324022 0.317929 0.293832 0.261533 0.233142 0.218933 0.227118 0.264544 0.335117 0.428988 0.494737 0.46324 0.369569 0.280895 0.216969 0.174899 0.147772 0.130008 0.118374 0.11161 0.109453 0.111527 0.116466 0.121643 0.123938 0.121479 0.11508 0.10794 0.104084 0.107155 0.120241 0.146291 0.188584 0.25089 0.337058 0.448903 0.575225 0.65214 0.588883 0.456335 0.34436 0.270425 0.22715 0.203228 0.188643 0.176214 0.162075 0.145396 0.127448 0.110263 0.095477 0.0838267 0.0752631 0.0693369 0.0655929 0.0638466 0.064322 0.0676789 0.0749675 0.0875222 0.106769 0.133898 0.169376 0.212335 0.26013 0.308547 0.352729 0.388806 0.418227 0.452801 0.508566 0.582844 0.623564 0.575547 0.48322 0.400737 0.341431 0.30361 0.283027 0.27466 0.273351 0.275318 0.279595 0.288199 0.304851 0.333481 0.377872 0.442428 0.531955 0.646756 0.769628 0.852365 0.85532 0.81209 0.766871 0.720939 0.654635 0.565321 0.472144 0.392582 0.333055 0.293186 0.270661 0.26325 0.26853 0.282623 0.299949 0.315507 0.328096 0.340205 0.353914 0.367099 0.374351 0.373202 0.368327 0.367515 0.375624 0.392698 0.415103 0.437683 0.456171 0.46846 0.474234 0.475185 0.477082 0.491139 0.532233 0.613872 0.736684 0.861241 0.902585 0.837208 0.717881 0.593853 0.489928 0.412151 0.360311 0.332719 0.325561 0.331821 0.342485 0.351377 0.359592 0.3727 0.393107 0.415329 0.427774 0.420865 0.395185 0.360539 0.327771 0.302552 0.284545 0.270251 0.257055 0.245837 0.240681 0.246916 0.269348 0.310935 0.370002 0.432543 0.464204 0.43685 0.372706 0.311 0.270271 0.25348 0.257989 0.279283 0.311679 0.348972 0.384934 0.412014 0.420853 0.405016 0.36717 0.318555 0.271975 0.235673 0.212043 0.199524 0.194982 0.195375 0.198652 0.204269 0.213328 0.227875 0.249514 0.278489 0.313941 0.354019 0.39299 0.416634 0.408601 0.370613 0.321641 0.276385 0.238639 0.207398 0.182267 0.164683 0.156913 0.161176 0.179465 0.213523 0.26393 0.326709 0.386289 0.413526 0.390894 0.336208 0.276643 0.226107 0.188378 0.163655 0.151442 0.151378 0.163628 0.189579 0.233034 0.30144 0.405016 0.544366 0.650512 0.581859 0.433151 0.311609 0.22794 0.172696 0.137163 0.115824 0.10561 0.105004 0.113533 0.131531 0.159967 0.200125 0.252945 0.317904 0.391816 0.468257 0.535995 0.575296 0.566673 0.510081 0.422523 0.328231 0.247426 0.188441 0.15057 0.129553 0.120895 0.121355 0.129603 0.14638 0.17405 0.215166 0.269473 0.329141 0.375255 0.384928 0.351323 0.291665 0.229842 0.18041 0.147587 0.129929 0.123842 0.125267 0.13051 0.136777 0.142371 0.146453 0.148695 0.149206 0.14856 0.147616 0.1474 0.149539 0.156851 0.173164 0.202028 0.244534 0.296452 0.34605 0.377499 0.382403 0.366872 0.344602 0.328482 0.328534 0.352002 0.402194 0.476514 0.567267 0.659354 0.692156 0.591521 0.439193 0.31575 0.233834 0.186146 0.16366 0.158665 0.16424 0.173578 0.180442 0.180862 0.174732 0.165464 0.157725 0.155098 0.158932 0.168144 0.17967 0.189751 0.195949 0.19853 0.200014 0.203504 0.211326 0.224739 0.244659 0.27292 0.313388 0.371825 0.452065 0.542001 0.589203 0.544667 0.455006 0.375062 0.315159 0.266754 0.222223 0.181137 0.147024 0.122503 0.107588 0.100159 0.0969189 0.0944506 0.0903884 0.0842279 0.0772089 0.0714716 0.0692347 0.0723902 0.0823503 0.0998057 0.124218 0.153316 0.183491 0.211786 0.237793 0.262264 0.282653 0.29056 0.276762 0.241402 0.194996 0.148913 0.109405 0.0781889 0.0547059 0.0376155 0.0254852 0.0170493 0.0112823 
0.00276355 0.00372335 0.00494011 0.00645581 0.00831667 0.0105802 0.0133287 0.0166907 0.0208662 0.0261502 0.0329357 0.0416752 0.0527665 0.0663413 0.0819679 0.0983836 0.113522 0.125133 0.131965 0.134826 0.136754 0.142329 0.156973 0.186736 0.238248 0.317155 0.420161 0.511996 0.521605 0.44875 0.360448 0.287611 0.231941 0.188547 0.153453 0.124625 0.101222 0.0827481 0.0686212 0.0580988 0.0503831 0.0447408 0.0405641 0.0373746 0.0348078 0.0326037 0.0306093 0.0287768 0.0271442 0.0257977 0.0248265 0.0242908 0.0242167 0.0246261 0.0255908 0.0272839 0.0300037 0.034149 0.0401425 0.0483092 0.0587221 0.0710439 0.0844147 0.0974451 0.108396 0.11566 0.118525 0.117712 0.115047 0.112388 0.110732 0.110046 0.109649 0.108716 0.10668 0.103408 0.0991526 0.09442 0.0899191 0.0865589 0.0852786 0.0866347 0.090342 0.0950995 0.0989509 0.100097 0.0976447 0.0917779 0.0834163 0.073836 0.0644464 0.0566221 0.0515304 0.0500042 0.0524813 0.0589573 0.0688917 0.0810814 0.093632 0.104236 0.110852 0.112479 0.109454 0.10309 0.0950694 0.0870953 0.080856 0.0781492 0.0810571 0.0921255 0.114467 0.151545 0.206145 0.277912 0.360035 0.43945 0.504346 0.548105 0.562881 0.540885 0.485246 0.412464 0.342294 0.287325 0.251096 0.231679 0.225384 0.228485 0.23703 0.245951 0.24936 0.243118 0.227748 0.20845 0.192468 0.186626 0.196208 0.224201 0.269008 0.318862 0.34783 0.333548 0.285946 0.231739 0.186584 0.153706 0.131077 0.115839 0.105987 0.100608 0.0993852 0.101831 0.10661 0.111339 0.11327 0.110782 0.104584 0.0974361 0.0927935 0.0936999 0.102544 0.121337 0.152018 0.19642 0.255423 0.326075 0.394447 0.429033 0.404528 0.341202 0.276347 0.228058 0.198207 0.182213 0.173884 0.167402 0.158565 0.145728 0.129806 0.113063 0.097626 0.08473 0.0747378 0.0674891 0.0626558 0.0600028 0.0595539 0.0616826 0.0671417 0.0770405 0.0927742 0.115909 0.148036 0.190606 0.244636 0.309663 0.380455 0.44318 0.485607 0.52316 0.59306 0.712054 0.799806 0.718796 0.583218 0.477377 0.403232 0.35369 0.323427 0.306673 0.297533 0.292221 0.290513 0.295187 0.310016 0.337864 0.380276 0.438843 0.516147 0.611725 0.711127 0.779045 0.788536 0.758331 0.717355 0.669953 0.608193 0.533153 0.457172 0.392005 0.342133 0.306497 0.282619 0.269077 0.265268 0.269866 0.280376 0.294758 0.313522 0.339281 0.372492 0.405551 0.422849 0.415786 0.395091 0.377878 0.373211 0.381926 0.401139 0.427186 0.456345 0.484055 0.504383 0.512732 0.511973 0.515543 0.543025 0.612299 0.727419 0.846081 0.865081 0.778662 0.667062 0.565688 0.48219 0.418205 0.376576 0.359842 0.366402 0.387624 0.408219 0.416135 0.415222 0.419255 0.435443 0.457631 0.470196 0.459635 0.425717 0.379901 0.334975 0.298315 0.271377 0.252218 0.238584 0.230219 0.229621 0.241461 0.271651 0.326523 0.410155 0.511745 0.573581 0.526133 0.421338 0.33049 0.272325 0.244738 0.242188 0.259576 0.292282 0.335275 0.381373 0.41917 0.434774 0.419835 0.378262 0.323558 0.270279 0.227694 0.198789 0.182421 0.175761 0.175928 0.180918 0.190152 0.204557 0.225789 0.254815 0.291157 0.334028 0.383578 0.436339 0.473586 0.46652 0.416947 0.356549 0.30489 0.263348 0.228095 0.198108 0.175595 0.163475 0.163907 0.178221 0.207034 0.249458 0.300464 0.346775 0.368024 0.352832 0.311566 0.26271 0.218141 0.182671 0.157746 0.143649 0.14038 0.148154 0.167927 0.201915 0.253394 0.323627 0.401279 0.446245 0.417183 0.339323 0.260006 0.197885 0.153811 0.124312 0.106253 0.0976608 0.09754 0.105595 0.122044 0.147476 0.182668 0.228376 0.285126 0.352817 0.428836 0.501184 0.539721 0.516458 0.4453 0.359633 0.280688 0.218031 0.174338 0.148138 0.136035 0.134359 0.140417 0.153603 0.176197 0.213343 0.271586 0.354826 0.455083 0.539052 0.555548 0.490072 0.384906 0.285375 0.210618 0.161976 0.134356 0.121539 0.117896 0.118922 0.121499 0.123915 0.125517 0.126241 0.126366 0.126477 0.127446 0.130513 0.137666 0.152059 0.177881 0.219288 0.278056 0.349463 0.417597 0.458533 0.459815 0.433036 0.39909 0.374106 0.368679 0.389554 0.437487 0.501316 0.556638 0.579735 0.554445 0.47715 0.377029 0.288357 0.224674 0.185709 0.166801 0.162398 0.166543 0.172964 0.176157 0.173224 0.164877 0.154535 0.14626 0.143015 0.145871 0.153927 0.164731 0.175285 0.183471 0.189072 0.193602 0.199246 0.207878 0.220847 0.239572 0.266544 0.306128 0.36417 0.444018 0.532649 0.577585 0.530361 0.435206 0.346667 0.278463 0.226424 0.184607 0.150139 0.122725 0.102661 0.0895655 0.0821207 0.078374 0.0762647 0.0742115 0.0715595 0.0687011 0.0668792 0.0678472 0.0735351 0.085734 0.105696 0.133575 0.167957 0.206308 0.246919 0.290624 0.338768 0.386394 0.414155 0.395541 0.331134 0.251227 0.179915 0.124825 0.0850376 0.05725 0.0382001 0.0252966 0.0166373 0.0108731 
0.00209395 0.00283786 0.00380397 0.00504904 0.00664831 0.00870701 0.0113785 0.0148896 0.0195731 0.0258988 0.0344914 0.0460982 0.0614558 0.0809734 0.10418 0.129046 0.151673 0.167253 0.172598 0.168617 0.160287 0.154287 0.156797 0.172732 0.205553 0.255741 0.31575 0.363112 0.369546 0.334137 0.282492 0.234023 0.194204 0.16203 0.135451 0.113198 0.0947759 0.0799483 0.068358 0.0594571 0.0526308 0.0473401 0.0431817 0.0398661 0.0371733 0.0349334 0.0330351 0.0314407 0.0301818 0.0293276 0.0289383 0.0290258 0.0295508 0.0304696 0.0318185 0.0337973 0.036805 0.0414055 0.0482294 0.0578312 0.0705115 0.0861057 0.103733 0.121522 0.136477 0.145067 0.145005 0.137141 0.125137 0.113051 0.103337 0.0965126 0.0918447 0.0881914 0.0846173 0.0806819 0.076425 0.0721998 0.0685207 0.0659661 0.0650522 0.0660268 0.0686593 0.0721728 0.0754155 0.0772278 0.0768231 0.0739993 0.0691548 0.063188 0.0573342 0.0529616 0.0513733 0.0536625 0.0606067 0.0725228 0.0889975 0.108493 0.128041 0.143562 0.15131 0.149866 0.140818 0.127429 0.112887 0.0996273 0.0895443 0.0844635 0.0865476 0.0986435 0.124555 0.168994 0.236412 0.326933 0.427789 0.509166 0.548489 0.552615 0.532057 0.488892 0.428851 0.36395 0.305984 0.261614 0.232017 0.215201 0.208383 0.208896 0.2137 0.218673 0.219197 0.21235 0.198946 0.183336 0.171249 0.167658 0.175592 0.195318 0.223117 0.249973 0.263196 0.254434 0.227298 0.193061 0.161094 0.135469 0.116572 0.103375 0.0948073 0.0902058 0.0891615 0.0910704 0.0947013 0.0981062 0.0991726 0.0967128 0.0913005 0.085067 0.0807042 0.0805929 0.0865204 0.0997968 0.121394 0.151792 0.190192 0.232732 0.27016 0.288881 0.28081 0.25288 0.220138 0.193567 0.176967 0.169265 0.166873 0.165244 0.160397 0.150468 0.136217 0.119958 0.104018 0.089929 0.0783939 0.0695483 0.0632368 0.0592449 0.0574889 0.0581579 0.0618047 0.0693987 0.082367 0.102669 0.13296 0.176855 0.239054 0.323983 0.428719 0.525896 0.571231 0.582981 0.628286 0.73273 0.817288 0.753631 0.636972 0.54089 0.467717 0.415643 0.383025 0.363635 0.349379 0.335526 0.323271 0.317927 0.324901 0.346594 0.381883 0.428579 0.486498 0.555309 0.626543 0.680951 0.703514 0.698549 0.677072 0.640483 0.586061 0.520283 0.456983 0.405946 0.368074 0.338289 0.311825 0.288646 0.272013 0.264518 0.266786 0.279145 0.303693 0.344154 0.401402 0.46315 0.497235 0.482355 0.442616 0.410475 0.397821 0.403455 0.423132 0.453582 0.491992 0.532886 0.565405 0.576899 0.565704 0.548254 0.548695 0.585277 0.658936 0.733332 0.740467 0.677833 0.599363 0.530051 0.471681 0.425129 0.396882 0.393871 0.417439 0.458136 0.491968 0.496141 0.479566 0.469726 0.479847 0.502421 0.516935 0.504589 0.463114 0.405823 0.348523 0.300837 0.265586 0.241556 0.226478 0.219296 0.221338 0.236369 0.270146 0.329953 0.422353 0.53984 0.616442 0.558043 0.435103 0.332836 0.267513 0.23449 0.227296 0.24107 0.27216 0.316399 0.366223 0.408167 0.425957 0.410933 0.368536 0.313175 0.25918 0.215453 0.185018 0.167106 0.159418 0.159669 0.166488 0.179902 0.201256 0.232149 0.272412 0.318667 0.366597 0.416017 0.46736 0.504171 0.494268 0.439723 0.376889 0.325464 0.283941 0.246453 0.212266 0.184969 0.168308 0.164338 0.173652 0.195752 0.228559 0.266857 0.300747 0.317753 0.310889 0.28424 0.247965 0.210996 0.178875 0.154535 0.139307 0.133631 0.137601 0.151387 0.1754 0.209672 0.251514 0.291206 0.310832 0.297303 0.258196 0.211933 0.170772 0.138682 0.115703 0.100967 0.0937806 0.0937829 0.10088 0.11519 0.137002 0.166763 0.205113 0.252984 0.311297 0.378513 0.44305 0.475392 0.449629 0.381769 0.305889 0.241179 0.193696 0.16386 0.149729 0.148151 0.15542 0.168328 0.186055 0.212201 0.255421 0.328022 0.441999 0.5968 0.743869 0.766574 0.641223 0.473964 0.333616 0.235266 0.173114 0.137272 0.118852 0.110892 0.108302 0.107763 0.107532 0.107036 0.106366 0.10595 0.106459 0.108853 0.114562 0.125823 0.146009 0.179564 0.231105 0.303001 0.390357 0.47442 0.525146 0.526322 0.492788 0.450184 0.416768 0.403522 0.416871 0.456165 0.505987 0.534753 0.520515 0.47026 0.400505 0.327191 0.263596 0.216358 0.186267 0.171165 0.167472 0.170442 0.174516 0.174802 0.169125 0.158787 0.147271 0.138221 0.134108 0.135798 0.142617 0.152723 0.16379 0.173931 0.182443 0.189894 0.197597 0.206945 0.219187 0.235795 0.259123 0.292753 0.340525 0.402372 0.464577 0.492279 0.459435 0.388529 0.314736 0.252972 0.204162 0.165383 0.134309 0.109971 0.0920488 0.0801082 0.0732498 0.0701379 0.0692294 0.0691016 0.0688139 0.0682205 0.0681096 0.0700855 0.0762304 0.0886813 0.109203 0.138781 0.177431 0.224794 0.281701 0.351194 0.436548 0.534261 0.61178 0.587919 0.46078 0.323494 0.217122 0.142998 0.0933821 0.0607253 0.0393877 0.0254931 0.0164636 0.0106065 
0.00164258 0.00225417 0.0030741 0.00417349 0.00565364 0.00766243 0.0104192 0.0142507 0.0196392 0.0272807 0.038139 0.0534568 0.0746364 0.102825 0.137983 0.177355 0.21407 0.238123 0.241858 0.226392 0.201196 0.177464 0.163139 0.162201 0.175542 0.200911 0.231398 0.254901 0.259912 0.245392 0.22039 0.193985 0.170034 0.148671 0.129155 0.111353 0.0957354 0.0827575 0.072438 0.0643742 0.05801 0.0528822 0.0487005 0.0452924 0.0425211 0.0402559 0.0383964 0.0369115 0.0358498 0.0353039 0.0353425 0.0359481 0.0370047 0.0383674 0.0399979 0.0421009 0.0451801 0.0499865 0.0573899 0.0682305 0.0831638 0.102452 0.125582 0.150526 0.172778 0.185537 0.183288 0.166901 0.143376 0.120222 0.101581 0.0882404 0.0791464 0.0727253 0.0676485 0.0631406 0.0589669 0.0552604 0.0523369 0.050561 0.0502373 0.051491 0.0541555 0.0577182 0.0613751 0.0641996 0.0653896 0.0645295 0.0617835 0.0579378 0.0542679 0.0523021 0.0536048 0.0596415 0.071679 0.0905896 0.116393 0.147401 0.179129 0.204045 0.21433 0.207341 0.18768 0.16284 0.13853 0.117824 0.102382 0.0936594 0.0936165 0.105187 0.132706 0.182182 0.260581 0.371323 0.498892 0.586757 0.588766 0.543236 0.488137 0.43004 0.370904 0.316293 0.271691 0.239462 0.218852 0.207763 0.204474 0.207831 0.215804 0.22395 0.226061 0.217955 0.2012 0.182186 0.167954 0.163269 0.169823 0.186075 0.207016 0.224703 0.231012 0.222091 0.200657 0.173444 0.146754 0.124168 0.106775 0.0943032 0.0860746 0.0814511 0.0798635 0.0805974 0.0825619 0.0842831 0.0842996 0.0818551 0.0773984 0.0724446 0.0689341 0.0686197 0.072797 0.082304 0.0975549 0.118394 0.143626 0.170257 0.193089 0.206122 0.206294 0.196227 0.182299 0.170435 0.163757 0.162453 0.164448 0.166315 0.164644 0.157608 0.145615 0.130532 0.114481 0.0991782 0.0857794 0.0748887 0.0666489 0.0609364 0.0576026 0.0566884 0.0585784 0.0641145 0.074716 0.0925742 0.120999 0.164961 0.231615 0.329447 0.460336 0.588905 0.628326 0.598762 0.597636 0.645706 0.692564 0.68187 0.633708 0.577578 0.523441 0.482622 0.459735 0.44692 0.431335 0.406248 0.376392 0.352957 0.344983 0.354967 0.379254 0.412222 0.451763 0.499188 0.552555 0.602881 0.638953 0.654354 0.647998 0.619567 0.570975 0.514107 0.465841 0.435224 0.41798 0.399571 0.36843 0.328505 0.292404 0.268778 0.260458 0.268439 0.295211 0.345309 0.421125 0.509081 0.561716 0.542245 0.491456 0.455552 0.445102 0.454343 0.476487 0.508983 0.551633 0.600344 0.640765 0.65115 0.624023 0.579861 0.54732 0.543364 0.566573 0.593745 0.593489 0.562502 0.52234 0.485847 0.453615 0.427592 0.416072 0.42784 0.466085 0.521939 0.565514 0.564092 0.532421 0.511097 0.517845 0.544054 0.564881 0.554611 0.50656 0.436546 0.365613 0.306555 0.263215 0.234467 0.217696 0.21105 0.214608 0.230565 0.26283 0.316177 0.393046 0.481477 0.531753 0.490777 0.397899 0.312646 0.254305 0.222695 0.213796 0.224165 0.251139 0.291204 0.337111 0.375689 0.391466 0.376995 0.338146 0.288102 0.239229 0.19915 0.170662 0.153455 0.14597 0.146775 0.155415 0.172849 0.201271 0.242748 0.29609 0.353245 0.401849 0.437839 0.466884 0.483332 0.467653 0.421624 0.370283 0.327638 0.291026 0.254781 0.219335 0.189618 0.170063 0.162732 0.167846 0.184398 0.210024 0.240263 0.268123 0.285471 0.28663 0.271336 0.244241 0.212177 0.181526 0.156743 0.140158 0.132511 0.133618 0.142822 0.159138 0.180924 0.204928 0.225245 0.234313 0.227632 0.207784 0.181805 0.15581 0.133078 0.115034 0.102414 0.0956958 0.095119 0.100695 0.112315 0.129903 0.15356 0.183659 0.220864 0.265582 0.315597 0.360861 0.380906 0.360383 0.309905 0.253123 0.20569 0.173512 0.157596 0.156831 0.168558 0.188296 0.210392 0.231537 0.255822 0.296163 0.37122 0.501894 0.704539 0.946678 0.96783 0.742271 0.520909 0.356096 0.246004 0.177521 0.137624 0.116052 0.105286 0.100089 0.097163 0.094832 0.0926102 0.0907091 0.089682 0.0902943 0.0935879 0.10109 0.115125 0.13909 0.177434 0.234858 0.31388 0.409599 0.502918 0.563189 0.572429 0.542794 0.4987 0.458653 0.434585 0.433436 0.454143 0.481917 0.489812 0.462153 0.410019 0.351253 0.296514 0.250845 0.216195 0.192772 0.1798 0.175433 0.176299 0.177748 0.175489 0.167764 0.156056 0.143724 0.13409 0.12935 0.130351 0.136728 0.147145 0.15965 0.172211 0.183372 0.19275 0.201056 0.209605 0.21981 0.233134 0.251404 0.27688 0.311185 0.352156 0.389244 0.403952 0.384607 0.339959 0.28773 0.239108 0.197256 0.161781 0.132033 0.108037 0.0900807 0.0781475 0.0716694 0.0695432 0.0702632 0.0721462 0.0737258 0.0743019 0.0743771 0.0756472 0.0805326 0.0915932 0.111134 0.141096 0.183321 0.240378 0.316601 0.417648 0.547431 0.707178 0.881867 0.853046 0.59691 0.38787 0.247688 0.157317 0.0997951 0.0633328 0.0402315 0.0255795 0.0162722 0.0103521 
0.00133939 0.00187049 0.00260682 0.00363251 0.00507192 0.00711139 0.0100328 0.0142635 0.0204493 0.0295527 0.0429715 0.062641 0.0910123 0.130644 0.182896 0.245055 0.306214 0.346486 0.348155 0.313035 0.260974 0.211939 0.176525 0.157485 0.153392 0.160523 0.173284 0.184951 0.190214 0.188043 0.18117 0.172494 0.162637 0.150601 0.135899 0.119709 0.104136 0.0908275 0.080314 0.0722377 0.0659304 0.0608526 0.0567141 0.0533705 0.0506915 0.0485204 0.0467245 0.0452681 0.0442409 0.0438086 0.0441035 0.0451121 0.0466388 0.0484014 0.0502419 0.0523433 0.0553133 0.0600935 0.0677813 0.0794863 0.0962542 0.118961 0.14789 0.181478 0.213914 0.233771 0.229881 0.203012 0.165779 0.130486 0.102804 0.0832503 0.0701029 0.0612231 0.0548684 0.0499385 0.0459265 0.0427424 0.0405262 0.0395061 0.0398947 0.0417975 0.0451227 0.0495032 0.0542645 0.0584844 0.0612006 0.0617616 0.0601883 0.0573276 0.0546971 0.0541636 0.0576867 0.0672239 0.0847121 0.111928 0.149947 0.197773 0.249662 0.292155 0.307579 0.289621 0.2508 0.207807 0.169844 0.139665 0.117673 0.104289 0.100852 0.10999 0.135989 0.185175 0.265596 0.383053 0.523232 0.612378 0.583107 0.503139 0.428502 0.366002 0.313434 0.271107 0.240153 0.220232 0.209445 0.205906 0.209313 0.220584 0.239027 0.258644 0.267772 0.257247 0.230645 0.200966 0.179703 0.172539 0.1803 0.199897 0.224159 0.242674 0.246163 0.232233 0.206007 0.175274 0.146122 0.121724 0.102973 0.0895062 0.0804951 0.0750618 0.0723875 0.0716339 0.0718339 0.0719099 0.0709167 0.0684271 0.0647914 0.0610426 0.0585135 0.0584414 0.0617483 0.0689874 0.0803304 0.0954757 0.113426 0.132226 0.14901 0.160805 0.166029 0.165531 0.162131 0.159062 0.158558 0.161168 0.165723 0.169846 0.170942 0.167301 0.158583 0.145531 0.129592 0.112673 0.0966978 0.0830479 0.0723229 0.0645204 0.0594062 0.0568463 0.0570319 0.0606315 0.0689402 0.0840945 0.109417 0.149887 0.212449 0.304712 0.426635 0.542918 0.576347 0.54152 0.520595 0.536236 0.567247 0.588484 0.592877 0.580429 0.559187 0.546923 0.550834 0.558341 0.547023 0.505638 0.44729 0.395425 0.364801 0.357703 0.368125 0.388174 0.414746 0.450543 0.498021 0.553135 0.602848 0.629363 0.623992 0.592453 0.546176 0.501288 0.475627 0.478742 0.501648 0.508798 0.466349 0.392805 0.325444 0.280278 0.258737 0.259382 0.282843 0.332226 0.408821 0.498874 0.55777 0.552277 0.520709 0.506096 0.515539 0.537986 0.563236 0.591167 0.627508 0.672063 0.709345 0.711958 0.668444 0.601188 0.540593 0.5028 0.487807 0.483692 0.476537 0.462876 0.448579 0.4376 0.429685 0.426819 0.435274 0.460891 0.504832 0.558544 0.595731 0.589011 0.554617 0.532874 0.543268 0.579121 0.613226 0.609613 0.553842 0.467922 0.38181 0.311598 0.261168 0.228756 0.211083 0.205424 0.21047 0.226372 0.254246 0.295072 0.346692 0.397112 0.420088 0.395828 0.339874 0.281882 0.238061 0.212254 0.203582 0.210336 0.230755 0.261929 0.297634 0.327095 0.338327 0.325876 0.29438 0.253942 0.214065 0.180798 0.156648 0.141775 0.135405 0.136975 0.146926 0.167098 0.200544 0.250022 0.313912 0.379752 0.425495 0.441772 0.441412 0.43274 0.410842 0.376599 0.340887 0.309928 0.280761 0.249229 0.216652 0.188235 0.168565 0.159905 0.162706 0.17625 0.198739 0.226961 0.255974 0.279271 0.289939 0.283288 0.26019 0.227517 0.194058 0.166309 0.147413 0.138079 0.137625 0.14455 0.156754 0.17164 0.186195 0.1972 0.201886 0.199081 0.189736 0.175931 0.159587 0.14237 0.126237 0.113367 0.105499 0.103425 0.107004 0.115562 0.1284 0.145184 0.166041 0.191307 0.220768 0.251937 0.277679 0.286797 0.272382 0.240211 0.203702 0.173949 0.156925 0.155268 0.169819 0.199309 0.238169 0.27491 0.298206 0.311068 0.333585 0.390735 0.504834 0.691791 0.923498 0.934506 0.706857 0.496769 0.342626 0.239252 0.174265 0.135733 0.114153 0.102496 0.0958712 0.0912529 0.0871896 0.0833894 0.080235 0.0784111 0.07876 0.0823502 0.0906916 0.106021 0.131547 0.171434 0.230105 0.310032 0.407063 0.504594 0.575533 0.601445 0.587674 0.550627 0.505568 0.467183 0.445711 0.441331 0.443029 0.433911 0.405411 0.364573 0.322866 0.286338 0.255895 0.230735 0.210742 0.19673 0.188984 0.185837 0.18371 0.178852 0.169572 0.157069 0.144315 0.134371 0.129414 0.130543 0.13786 0.150498 0.166535 0.183109 0.197183 0.20701 0.213149 0.217897 0.223756 0.232552 0.245521 0.263561 0.286717 0.312532 0.334413 0.34319 0.333486 0.308449 0.275941 0.24177 0.20783 0.174585 0.14342 0.116604 0.0960345 0.0824997 0.0756863 0.0744454 0.0769783 0.0810182 0.0842961 0.0854056 0.0846167 0.0839294 0.0863173 0.094869 0.112437 0.141892 0.186922 0.253274 0.349713 0.485685 0.659557 0.84316 1.00186 0.934588 0.639371 0.409128 0.257842 0.161768 0.101413 0.0636271 0.0399768 0.0251558 0.0158508 0.00999781 
0.00113358 0.00161459 0.00230203 0.00329089 0.00472482 0.00682329 0.00992399 0.0145487 0.0215035 0.0320258 0.0479862 0.0721293 0.108258 0.161056 0.23473 0.328713 0.428507 0.497445 0.495933 0.427969 0.335966 0.254144 0.194892 0.158135 0.139548 0.133975 0.136412 0.142529 0.149483 0.156429 0.163636 0.170386 0.173631 0.16944 0.15661 0.138239 0.119234 0.103079 0.0908567 0.0820334 0.0755847 0.0707005 0.0669419 0.0640716 0.0618625 0.0600481 0.0584076 0.0568873 0.0556534 0.0550186 0.0552635 0.0564428 0.0583027 0.0604029 0.0624285 0.0645165 0.0673688 0.0720888 0.0799151 0.0920773 0.109844 0.134607 0.167558 0.208089 0.249918 0.277162 0.271799 0.234425 0.18442 0.13876 0.103881 0.0796079 0.0634664 0.0528088 0.0455658 0.0403946 0.0365819 0.0338649 0.0322561 0.0319064 0.0330057 0.035696 0.0399733 0.0455702 0.051843 0.057746 0.0620284 0.0637171 0.0626957 0.0599781 0.0574762 0.0575203 0.0625331 0.075004 0.0976287 0.133364 0.185078 0.254127 0.33596 0.410023 0.436066 0.396408 0.325136 0.256698 0.202414 0.162077 0.133334 0.114917 0.107202 0.112125 0.133177 0.175429 0.244756 0.343401 0.454616 0.520037 0.494038 0.423169 0.354924 0.300412 0.258932 0.229348 0.21086 0.201898 0.200247 0.204692 0.216716 0.239977 0.276262 0.318001 0.342466 0.327323 0.281386 0.233029 0.201112 0.191943 0.20552 0.237775 0.278457 0.30932 0.312278 0.285511 0.242809 0.198229 0.15925 0.128324 0.105349 0.0891572 0.0782909 0.0713792 0.0672536 0.0649158 0.0634677 0.0621043 0.0602253 0.057614 0.054548 0.0517284 0.0500585 0.0504005 0.0534183 0.0595146 0.0688067 0.08108 0.0956866 0.111438 0.126635 0.13942 0.148462 0.153617 0.156089 0.157851 0.160646 0.165185 0.170947 0.176565 0.1804 0.180865 0.176446 0.166028 0.14991 0.13037 0.110642 0.0932946 0.0794955 0.0693067 0.0623131 0.0581297 0.056696 0.0584393 0.0644018 0.0763931 0.0971846 0.130659 0.18149 0.253006 0.340112 0.416774 0.446026 0.434597 0.423856 0.434554 0.463247 0.498797 0.531049 0.553557 0.572037 0.602089 0.648582 0.691433 0.691316 0.626027 0.526081 0.436881 0.378944 0.352252 0.348156 0.357493 0.376508 0.407915 0.455991 0.519004 0.580638 0.610625 0.594791 0.551851 0.505785 0.475122 0.477368 0.527326 0.6241 0.696763 0.617917 0.473647 0.361376 0.291929 0.256724 0.248478 0.26421 0.303858 0.365738 0.437805 0.493358 0.517296 0.532301 0.565479 0.617475 0.666378 0.692769 0.70338 0.718229 0.743629 0.763448 0.75012 0.692875 0.611251 0.532436 0.471941 0.432557 0.409287 0.395566 0.388335 0.388 0.395039 0.409281 0.431824 0.464011 0.503766 0.545494 0.581034 0.596458 0.581405 0.550895 0.535024 0.552026 0.599025 0.648843 0.653827 0.589817 0.488581 0.389958 0.311855 0.257307 0.223663 0.207014 0.203882 0.211652 0.228378 0.25238 0.28162 0.312304 0.336671 0.343625 0.32709 0.293823 0.257293 0.227405 0.208171 0.200159 0.20277 0.214974 0.234658 0.257283 0.275432 0.281274 0.271226 0.248047 0.218271 0.188431 0.163006 0.144139 0.132326 0.127414 0.129528 0.139736 0.160365 0.194749 0.245676 0.311067 0.376649 0.416617 0.419406 0.401194 0.378064 0.353166 0.326999 0.302475 0.280617 0.25856 0.233565 0.206885 0.182756 0.165311 0.157146 0.159457 0.172449 0.195463 0.226821 0.263292 0.29883 0.323166 0.324521 0.299654 0.258974 0.217071 0.183313 0.161152 0.150723 0.150615 0.158425 0.170854 0.18409 0.194844 0.201508 0.204404 0.204753 0.203104 0.198285 0.188182 0.172338 0.153629 0.136754 0.125429 0.120973 0.122547 0.12817 0.135956 0.145037 0.155657 0.168452 0.183382 0.19863 0.209953 0.211922 0.201819 0.182782 0.162086 0.147103 0.143438 0.15537 0.186541 0.23894 0.30771 0.371317 0.396466 0.382152 0.36764 0.386922 0.454835 0.567289 0.676988 0.677025 0.557965 0.416743 0.301179 0.219209 0.16586 0.133406 0.114667 0.103877 0.096852 0.0910298 0.0853472 0.0798616 0.0752283 0.0722938 0.0719486 0.0752178 0.0834861 0.0987622 0.123886 0.162511 0.218529 0.294327 0.387225 0.48509 0.56728 0.617559 0.632733 0.611979 0.561579 0.504699 0.460503 0.431571 0.41055 0.38889 0.363372 0.337578 0.316385 0.300406 0.285694 0.267935 0.247064 0.227193 0.21229 0.202909 0.196277 0.188608 0.177705 0.164136 0.150488 0.139822 0.134632 0.136577 0.146506 0.164202 0.187614 0.21203 0.230858 0.239454 0.238996 0.235149 0.233388 0.236488 0.24492 0.257968 0.274232 0.291306 0.305436 0.312492 0.310478 0.300914 0.286528 0.267474 0.241242 0.207262 0.169895 0.135614 0.109026 0.0918095 0.0835766 0.0827644 0.0869916 0.0931762 0.0980359 0.099313 0.0970592 0.0937333 0.0930049 0.0985143 0.11354 0.141591 0.187677 0.260129 0.372538 0.54306 0.776135 0.966763 0.947414 0.791638 0.571297 0.379566 0.243759 0.154338 0.0971274 0.060977 0.0382583 0.0240103 0.0150776 0.00947457 
0.000989557 0.00143685 0.00209208 0.00305822 0.00449344 0.00664266 0.00988771 0.0148267 0.0223988 0.034075 0.0521419 0.0800911 0.123076 0.188197 0.283748 0.414741 0.56813 0.684588 0.677039 0.556777 0.412826 0.295331 0.213384 0.161494 0.131833 0.117725 0.114221 0.118066 0.127654 0.142644 0.162625 0.184719 0.201689 0.204472 0.190039 0.16493 0.138749 0.117426 0.102366 0.0924918 0.0861427 0.0820319 0.0793952 0.0777447 0.0766245 0.0755586 0.0741785 0.0724057 0.0705395 0.0691471 0.0687806 0.0696648 0.0715483 0.0738531 0.0761059 0.078392 0.0814878 0.0865807 0.0948616 0.107356 0.125115 0.149534 0.182201 0.223191 0.266526 0.294965 0.287728 0.245317 0.189861 0.139948 0.102095 0.0757947 0.0583058 0.0468281 0.0391963 0.0339786 0.0303644 0.0279993 0.0268283 0.0269742 0.028644 0.0320417 0.0372569 0.0441056 0.0519418 0.0595486 0.0653247 0.0679172 0.0670568 0.0639658 0.0610062 0.0609831 0.0667282 0.0811518 0.107558 0.149946 0.213061 0.30167 0.416434 0.53564 0.580887 0.50524 0.392015 0.297795 0.229527 0.18121 0.147106 0.124248 0.1121 0.111796 0.125609 0.156468 0.206638 0.273686 0.342115 0.38016 0.368157 0.324991 0.277673 0.238371 0.209726 0.191623 0.183119 0.182526 0.187998 0.199301 0.219654 0.255515 0.312473 0.384162 0.433274 0.410615 0.336309 0.265393 0.223239 0.214881 0.240155 0.29686 0.374207 0.438523 0.442159 0.384973 0.30862 0.23927 0.184007 0.142707 0.113219 0.0929362 0.0793869 0.0705062 0.0646953 0.0607605 0.057814 0.0552102 0.0525502 0.0497329 0.0469789 0.0447751 0.0437445 0.0445021 0.0475498 0.0532252 0.0616815 0.0728634 0.0864488 0.101747 0.11761 0.132487 0.144809 0.153687 0.159502 0.163751 0.168088 0.173393 0.179636 0.186381 0.193026 0.198172 0.19883 0.191299 0.174264 0.15075 0.126023 0.104198 0.0869887 0.0743635 0.065591 0.0599523 0.0570841 0.0571236 0.0607826 0.0693999 0.0849578 0.109936 0.146644 0.195301 0.250264 0.297337 0.322231 0.328016 0.332315 0.348482 0.379249 0.420814 0.467207 0.514933 0.568993 0.640275 0.729653 0.809881 0.822781 0.729818 0.586505 0.463324 0.382383 0.339591 0.323975 0.325738 0.340346 0.369157 0.415885 0.479292 0.542 0.568593 0.54359 0.494205 0.451288 0.43387 0.458871 0.548143 0.73197 1.00022 0.774304 0.528447 0.379297 0.293731 0.249361 0.233675 0.240765 0.268136 0.31293 0.367961 0.422824 0.47599 0.542807 0.640367 0.762299 0.859599 0.878142 0.847109 0.824486 0.823988 0.822142 0.788197 0.715001 0.621053 0.529063 0.453072 0.397877 0.362259 0.342883 0.337306 0.344763 0.365557 0.400809 0.451551 0.513985 0.573709 0.612524 0.624313 0.611436 0.578963 0.542683 0.525042 0.540802 0.587999 0.640509 0.648445 0.58462 0.481946 0.382169 0.303943 0.250511 0.219315 0.206479 0.208257 0.221081 0.241133 0.264173 0.28598 0.302819 0.311263 0.308446 0.294135 0.27233 0.249213 0.229631 0.215747 0.207854 0.205629 0.208678 0.216072 0.225396 0.232483 0.232856 0.224236 0.207787 0.187068 0.16606 0.147786 0.133911 0.125044 0.121402 0.123516 0.132726 0.151339 0.182211 0.227195 0.283419 0.338077 0.370592 0.371757 0.35338 0.329922 0.307147 0.286293 0.267982 0.251678 0.235196 0.21665 0.19652 0.177493 0.162944 0.155855 0.158447 0.172148 0.197647 0.234909 0.28263 0.335656 0.379404 0.390072 0.357526 0.301328 0.246447 0.205081 0.179885 0.169923 0.173113 0.186311 0.204667 0.22187 0.232675 0.236448 0.237494 0.241036 0.24841 0.254499 0.250088 0.230577 0.201956 0.175062 0.157248 0.150106 0.150907 0.154836 0.157613 0.157704 0.15641 0.155924 0.157354 0.159935 0.1613 0.158734 0.151094 0.140108 0.129876 0.12541 0.131838 0.154703 0.200662 0.276977 0.385207 0.496096 0.525109 0.460279 0.392748 0.366662 0.384518 0.430603 0.470868 0.464363 0.405182 0.324882 0.25132 0.195329 0.157285 0.133481 0.11929 0.110434 0.103573 0.0967084 0.089292 0.0818691 0.0754597 0.0710875 0.0696519 0.0720701 0.0795291 0.0937319 0.117058 0.152524 0.203315 0.271535 0.355884 0.449169 0.539457 0.616922 0.671076 0.674171 0.616036 0.538627 0.474772 0.427467 0.390719 0.361505 0.340791 0.331368 0.334366 0.345003 0.350879 0.339224 0.310285 0.276724 0.249792 0.232473 0.221417 0.211158 0.197881 0.181415 0.16462 0.151324 0.144824 0.147628 0.161674 0.188 0.224993 0.265152 0.294024 0.299357 0.284651 0.26477 0.251338 0.248182 0.254063 0.265677 0.27944 0.292412 0.302655 0.309489 0.31399 0.318544 0.323606 0.322895 0.304573 0.264193 0.212449 0.164088 0.127419 0.104325 0.0934967 0.0924008 0.0977947 0.105689 0.11179 0.113018 0.109229 0.103333 0.0996281 0.102164 0.114384 0.139897 0.183956 0.255494 0.369712 0.550687 0.828869 1.09674 0.87946 0.659148 0.473064 0.323056 0.213049 0.13761 0.0878255 0.0556693 0.0351497 0.0221459 0.0139371 0.00876604 
0.000883315 0.00130448 0.00193305 0.00287667 0.00430228 0.00647052 0.00979071 0.0149085 0.0228451 0.0352144 0.0545553 0.0848188 0.13203 0.205028 0.315761 0.47709 0.690347 0.890386 0.867546 0.663965 0.467926 0.323263 0.225986 0.164204 0.127398 0.107997 0.10114 0.104223 0.116499 0.138403 0.169914 0.207219 0.238788 0.248077 0.22894 0.193523 0.157994 0.130705 0.112849 0.102478 0.0971494 0.0949691 0.094672 0.0953269 0.0960904 0.096181 0.0950471 0.0926116 0.0893991 0.0863748 0.0845143 0.0843407 0.0857051 0.0879753 0.0905869 0.093613 0.0978879 0.104562 0.114483 0.127955 0.145094 0.166499 0.193369 0.225856 0.258931 0.278498 0.268397 0.229204 0.178572 0.132288 0.0965418 0.071289 0.0542599 0.0429759 0.0354583 0.0303615 0.0268982 0.0247083 0.0237305 0.0240985 0.0260554 0.0298681 0.0357054 0.0434503 0.0524534 0.0613563 0.0682614 0.0714859 0.0706206 0.0670548 0.0635019 0.0630987 0.0688988 0.0839692 0.111802 0.156715 0.224048 0.319786 0.447222 0.587218 0.643444 0.549315 0.419172 0.316586 0.244305 0.193477 0.156982 0.131262 0.115432 0.110071 0.116343 0.135273 0.16656 0.206202 0.243731 0.264214 0.259718 0.237115 0.209256 0.184897 0.1677 0.158555 0.156981 0.161709 0.171572 0.187201 0.212724 0.2558 0.324146 0.413643 0.479833 0.452395 0.361164 0.279664 0.235217 0.232324 0.273308 0.363337 0.503794 0.650716 0.652966 0.52216 0.391437 0.290225 0.215627 0.16226 0.125264 0.100287 0.0836587 0.0725379 0.0648878 0.0593266 0.0549523 0.0512046 0.0477901 0.0446567 0.0419746 0.0400905 0.0394507 0.0405161 0.0436949 0.0493059 0.0575637 0.0685649 0.082235 0.0981929 0.11554 0.132721 0.147779 0.159213 0.16695 0.172407 0.177377 0.182887 0.189207 0.196662 0.205699 0.215285 0.221 0.216203 0.197693 0.169588 0.139622 0.113486 0.0932411 0.0786023 0.0684523 0.061722 0.0577489 0.0563838 0.0580053 0.0634873 0.0740929 0.0912059 0.115713 0.146847 0.180801 0.210937 0.232032 0.24579 0.259956 0.282078 0.315754 0.360944 0.415918 0.480076 0.556603 0.65041 0.757018 0.844938 0.853668 0.749032 0.5937 0.460841 0.371979 0.322445 0.30149 0.299569 0.3112 0.335497 0.373863 0.424016 0.470997 0.487649 0.463509 0.420863 0.386842 0.378986 0.411523 0.501191 0.662885 0.82704 0.69764 0.496825 0.360781 0.278943 0.234037 0.214853 0.215448 0.232965 0.265464 0.3107 0.367987 0.443565 0.553543 0.717618 0.939316 1.13639 1.11466 0.998854 0.931618 0.916709 0.906355 0.851222 0.752778 0.640173 0.533694 0.444376 0.377422 0.333191 0.309531 0.304363 0.317073 0.34901 0.403546 0.484054 0.585081 0.676711 0.71689 0.704472 0.661303 0.601017 0.543082 0.50914 0.510244 0.541494 0.578299 0.581005 0.528617 0.442693 0.356195 0.287352 0.241122 0.216417 0.210359 0.219656 0.240352 0.267036 0.292864 0.311429 0.319378 0.317039 0.306867 0.292049 0.275914 0.261178 0.249094 0.239346 0.230845 0.222903 0.215861 0.210528 0.206925 0.203627 0.198418 0.189713 0.177504 0.163206 0.148818 0.136101 0.126171 0.119567 0.116659 0.118145 0.125366 0.140281 0.164938 0.200111 0.242801 0.283848 0.310641 0.317195 0.308754 0.293638 0.276686 0.260076 0.245079 0.23194 0.219566 0.206384 0.191731 0.176672 0.163892 0.156902 0.15907 0.173005 0.200492 0.242731 0.30014 0.369284 0.432932 0.453354 0.410944 0.3386 0.272629 0.226249 0.200617 0.194119 0.204926 0.23011 0.263187 0.292521 0.306304 0.304093 0.298799 0.304673 0.326517 0.353427 0.359236 0.32741 0.274918 0.228418 0.200803 0.192398 0.196385 0.202204 0.200455 0.188754 0.171822 0.155706 0.143547 0.135319 0.12926 0.123402 0.116814 0.110265 0.106145 0.108012 0.120413 0.149313 0.202939 0.292099 0.425542 0.578011 0.611072 0.497372 0.390342 0.332555 0.316164 0.323214 0.331828 0.323166 0.292804 0.250884 0.210006 0.177264 0.154178 0.139201 0.129651 0.122662 0.115793 0.107661 0.0982856 0.088738 0.0803991 0.0744223 0.0716563 0.0728668 0.0790282 0.0915511 0.112387 0.143938 0.188651 0.248124 0.321806 0.406185 0.49639 0.588586 0.669149 0.691332 0.631276 0.545465 0.474163 0.419176 0.375657 0.344978 0.332065 0.341582 0.375357 0.426327 0.467706 0.461476 0.408756 0.347873 0.303443 0.278604 0.265919 0.254906 0.237933 0.214383 0.189443 0.169424 0.159018 0.161562 0.180219 0.218234 0.276594 0.34635 0.397687 0.396224 0.352903 0.306469 0.277968 0.270124 0.277829 0.293356 0.309234 0.320936 0.328057 0.333357 0.341647 0.358506 0.385519 0.409957 0.401403 0.34513 0.267334 0.197854 0.147997 0.11777 0.103687 0.101671 0.107434 0.116163 0.122843 0.123873 0.118977 0.111293 0.105424 0.105549 0.114966 0.136816 0.175372 0.237535 0.333983 0.477431 0.663934 0.78053 0.677886 0.514484 0.372322 0.259701 0.17565 0.116105 0.0755289 0.0486028 0.0310477 0.0197354 0.0125026 0.00790216 
0.000799325 0.00119684 0.0017981 0.00271196 0.00410803 0.00625194 0.00956141 0.0146951 0.0226924 0.0351902 0.0547512 0.0853449 0.133007 0.206641 0.318681 0.484677 0.718332 0.989242 0.946667 0.686443 0.476839 0.328596 0.228718 0.163948 0.12401 0.101823 0.0930514 0.0956573 0.109501 0.135676 0.174812 0.223061 0.265998 0.280266 0.256528 0.212578 0.170246 0.139344 0.120631 0.111505 0.108963 0.110539 0.114297 0.118597 0.122008 0.123398 0.122111 0.118201 0.112573 0.106751 0.102271 0.100064 0.100194 0.102114 0.10532 0.10999 0.117057 0.127541 0.141604 0.158082 0.175099 0.191538 0.207892 0.224845 0.239752 0.24442 0.230043 0.197293 0.156712 0.118854 0.0887237 0.0668337 0.0516953 0.0414172 0.0343923 0.029492 0.0260508 0.0237791 0.0226638 0.0228794 0.0247097 0.0284646 0.0343559 0.0423009 0.0516551 0.061008 0.0683437 0.0718397 0.0710137 0.0672929 0.0634825 0.0627684 0.0681563 0.0825456 0.109097 0.151502 0.21384 0.299464 0.406519 0.512149 0.551412 0.489821 0.391782 0.306932 0.243621 0.196945 0.161718 0.135368 0.11743 0.108357 0.108604 0.118016 0.135149 0.15638 0.175513 0.185657 0.183532 0.171845 0.156576 0.142973 0.134042 0.130901 0.133414 0.140767 0.152361 0.169177 0.194969 0.236 0.297552 0.373261 0.425619 0.404779 0.3321 0.264712 0.229859 0.235877 0.289694 0.404707 0.604187 0.907214 0.893041 0.63782 0.461353 0.336733 0.246871 0.183365 0.139891 0.110752 0.091221 0.0778111 0.0681802 0.0608601 0.0549734 0.0500223 0.0457636 0.0421496 0.0392954 0.0374463 0.0369325 0.0381182 0.0413579 0.0469681 0.0552141 0.066296 0.0802889 0.0969762 0.115559 0.134405 0.151251 0.164187 0.172899 0.178838 0.183932 0.18926 0.195194 0.202543 0.212578 0.224724 0.233726 0.230837 0.211402 0.180364 0.147211 0.118607 0.0967337 0.0810841 0.0702739 0.0629997 0.0583866 0.0560628 0.0561348 0.0591078 0.0657362 0.0767636 0.0925027 0.112282 0.134081 0.155076 0.173499 0.190494 0.209867 0.236008 0.272204 0.320285 0.380985 0.454206 0.538641 0.630468 0.718947 0.776864 0.764952 0.672281 0.543302 0.429082 0.34964 0.30417 0.284962 0.28363 0.293662 0.311629 0.336499 0.365707 0.389773 0.394254 0.374691 0.344117 0.320559 0.317415 0.343966 0.405352 0.49121 0.546196 0.5023 0.402568 0.312787 0.250286 0.212345 0.193722 0.190882 0.202183 0.227311 0.267331 0.326215 0.413626 0.546793 0.748957 1.04186 1.38392 1.27197 1.08034 0.995246 0.993469 0.999511 0.924684 0.793532 0.659826 0.539369 0.438876 0.363396 0.313681 0.287614 0.283021 0.299439 0.339033 0.407076 0.510296 0.646422 0.774824 0.822528 0.796827 0.732907 0.639895 0.548474 0.487863 0.465903 0.473616 0.489094 0.484676 0.445948 0.383396 0.318212 0.265477 0.231227 0.216204 0.219119 0.237792 0.268508 0.304613 0.336389 0.35464 0.356236 0.345259 0.328763 0.31269 0.300368 0.292427 0.287224 0.281613 0.272215 0.257371 0.238536 0.21921 0.202349 0.188821 0.177726 0.167604 0.157467 0.147159 0.137167 0.1282 0.12085 0.115522 0.112644 0.112966 0.117715 0.128449 0.14656 0.172318 0.203538 0.234834 0.259411 0.273221 0.276707 0.27226 0.262194 0.249081 0.235811 0.224422 0.215058 0.206057 0.195288 0.182169 0.168945 0.159979 0.15985 0.172046 0.198777 0.241389 0.30044 0.372829 0.441145 0.464928 0.422391 0.349468 0.284533 0.240821 0.219696 0.220715 0.244247 0.290123 0.352334 0.409639 0.42946 0.408547 0.383244 0.38656 0.431325 0.503884 0.538302 0.472734 0.368777 0.290415 0.251575 0.246862 0.263008 0.279079 0.273848 0.243811 0.2036 0.167323 0.140317 0.122023 0.109833 0.101227 0.0947331 0.0902697 0.089124 0.0938009 0.108024 0.13703 0.187952 0.269188 0.38412 0.503259 0.52785 0.440948 0.345984 0.284777 0.255359 0.24552 0.242078 0.235115 0.221326 0.203512 0.186279 0.172363 0.161994 0.154109 0.147438 0.140699 0.132641 0.122609 0.111108 0.0995548 0.0894947 0.0820565 0.0779539 0.0777932 0.0823959 0.0930001 0.111301 0.139301 0.178887 0.231081 0.295178 0.368597 0.44823 0.530485 0.601039 0.62228 0.57746 0.507631 0.445455 0.394627 0.35397 0.328597 0.326804 0.357013 0.427449 0.540575 0.658743 0.657209 0.540313 0.432643 0.368896 0.342486 0.336845 0.331011 0.308415 0.26934 0.227044 0.19361 0.175192 0.174962 0.196546 0.245671 0.328852 0.44307 0.539911 0.524403 0.430673 0.350158 0.308643 0.302529 0.320946 0.349554 0.373497 0.384837 0.386067 0.384827 0.389957 0.411512 0.456089 0.50891 0.512154 0.430095 0.319062 0.227605 0.165813 0.129674 0.112988 0.110098 0.115748 0.124528 0.131117 0.131824 0.126351 0.117789 0.110679 0.109065 0.115877 0.1334 0.164177 0.211731 0.280086 0.369283 0.46126 0.504264 0.46156 0.371275 0.278265 0.199578 0.138561 0.0938225 0.0623374 0.0408386 0.0264774 0.0170351 0.010898 0.00694227 
0.000728089 0.00110183 0.00167235 0.00254646 0.0038908 0.00596589 0.00917978 0.0141713 0.0219378 0.0340264 0.0528095 0.0818586 0.126391 0.193643 0.292687 0.432097 0.609453 0.768099 0.754917 0.598561 0.438347 0.312738 0.222319 0.160532 0.120623 0.0973357 0.0872722 0.0888799 0.102245 0.128512 0.168241 0.217446 0.261514 0.276867 0.254081 0.211112 0.170054 0.141021 0.125126 0.120081 0.12296 0.130905 0.141038 0.150501 0.156932 0.158958 0.156248 0.149401 0.139945 0.130064 0.121878 0.116732 0.11496 0.116248 0.120362 0.127804 0.139808 0.157401 0.179845 0.203489 0.222637 0.233091 0.235188 0.232243 0.22601 0.214382 0.1941 0.165692 0.134183 0.105148 0.0816489 0.0641419 0.0516585 0.0428325 0.0364512 0.0316582 0.0279751 0.0252452 0.0235525 0.023139 0.0243284 0.0274435 0.0326914 0.0399808 0.0486805 0.0574416 0.0643636 0.0677417 0.0671157 0.0637849 0.0603186 0.0596276 0.0644055 0.0771248 0.100258 0.136314 0.18732 0.253192 0.327862 0.392504 0.416548 0.388297 0.33268 0.276629 0.229818 0.191996 0.161165 0.136582 0.118681 0.108118 0.105017 0.108597 0.116999 0.127281 0.135802 0.139371 0.136807 0.12956 0.120686 0.113199 0.109118 0.10931 0.113715 0.121767 0.133098 0.148475 0.17041 0.202476 0.246116 0.293764 0.322798 0.311127 0.269093 0.227511 0.208179 0.222258 0.278902 0.390508 0.570104 0.78704 0.802939 0.637726 0.485514 0.363605 0.270009 0.202429 0.155925 0.124453 0.102761 0.0871287 0.0752553 0.0658281 0.0581161 0.0517057 0.0463727 0.0420343 0.0387336 0.0366252 0.0359519 0.037012 0.040125 0.0456043 0.0537388 0.0647692 0.078816 0.0956965 0.114615 0.133894 0.151178 0.164447 0.173293 0.179115 0.183806 0.188407 0.193301 0.199451 0.20842 0.219903 0.228794 0.226383 0.207899 0.177987 0.145849 0.118023 0.0967018 0.0814288 0.0708567 0.0636766 0.0589552 0.0562031 0.0553444 0.056634 0.0605213 0.0674561 0.0776409 0.0907909 0.106072 0.122454 0.139474 0.157931 0.179899 0.208165 0.24567 0.295199 0.358718 0.435352 0.518088 0.593388 0.646894 0.66516 0.635695 0.561396 0.467585 0.382903 0.322345 0.288211 0.276255 0.279416 0.289969 0.30197 0.312952 0.321991 0.325792 0.319167 0.301292 0.279004 0.262407 0.259824 0.276001 0.310172 0.350816 0.372726 0.355618 0.309636 0.258957 0.217574 0.189082 0.173165 0.169102 0.176893 0.197611 0.233905 0.291052 0.378268 0.508973 0.696963 0.938734 1.14504 1.13129 1.02035 0.965964 0.985365 1.00882 0.929989 0.789837 0.652633 0.529303 0.425576 0.347707 0.296932 0.271043 0.26766 0.286103 0.328293 0.399194 0.505257 0.644506 0.778862 0.840893 0.835887 0.777458 0.661027 0.54016 0.455963 0.41328 0.400428 0.398862 0.38951 0.362279 0.321251 0.278418 0.244279 0.224362 0.220539 0.233034 0.261061 0.30168 0.347544 0.386233 0.405459 0.402181 0.384254 0.362974 0.346686 0.338902 0.338683 0.341814 0.341995 0.332331 0.30913 0.275706 0.240058 0.208938 0.185083 0.168023 0.155841 0.146506 0.138545 0.13121 0.124343 0.118129 0.11293 0.109285 0.108011 0.110222 0.117172 0.129897 0.148675 0.172448 0.198615 0.22372 0.244609 0.258778 0.264236 0.260549 0.250158 0.237574 0.226879 0.219529 0.213612 0.205252 0.192106 0.176238 0.163198 0.158748 0.166796 0.189216 0.226396 0.277318 0.337249 0.390765 0.409561 0.380413 0.326931 0.277666 0.245507 0.234249 0.246382 0.286204 0.360036 0.470925 0.592064 0.624904 0.547808 0.475148 0.464064 0.532011 0.685256 0.81637 0.646885 0.455983 0.343456 0.298532 0.306501 0.349962 0.393551 0.386634 0.323873 0.248001 0.186409 0.143765 0.1163 0.0990823 0.0882199 0.0813322 0.0775271 0.0772511 0.0821312 0.0948836 0.119262 0.159705 0.219505 0.294594 0.360669 0.375478 0.333345 0.275031 0.229522 0.202584 0.189858 0.184933 0.182914 0.181851 0.182103 0.184133 0.186631 0.186847 0.182878 0.175096 0.164942 0.153239 0.140257 0.126651 0.113666 0.102553 0.0941377 0.0888979 0.0873157 0.0901982 0.0988316 0.114959 0.140576 0.177448 0.226224 0.285224 0.349778 0.413487 0.469954 0.509349 0.515619 0.484988 0.437447 0.39139 0.351718 0.320776 0.305418 0.31538 0.362079 0.461301 0.637618 0.916009 0.914945 0.65599 0.503445 0.433054 0.420094 0.440439 0.455527 0.423742 0.35125 0.276385 0.221079 0.190206 0.183935 0.204203 0.257097 0.352608 0.496093 0.636169 0.605888 0.471915 0.374441 0.333898 0.342433 0.387012 0.445641 0.486986 0.494627 0.481557 0.464719 0.454522 0.463458 0.502673 0.559077 0.563013 0.466783 0.34151 0.241871 0.176096 0.138369 0.121445 0.118986 0.125196 0.134256 0.140696 0.140929 0.134791 0.125383 0.117165 0.114006 0.118379 0.131569 0.154274 0.186982 0.229327 0.277253 0.318229 0.332127 0.308207 0.257982 0.200664 0.148422 0.105849 0.0734192 0.0498397 0.0332714 0.0219243 0.0143023 0.00925724 0.0059552 
0.000664204 0.00101309 0.00154886 0.00237372 0.0036467 0.00561527 0.00866389 0.0133873 0.0206985 0.0319807 0.0492874 0.0755684 0.114836 0.172013 0.251806 0.355015 0.469176 0.554225 0.55774 0.483836 0.382564 0.287822 0.211626 0.155518 0.117199 0.0936191 0.0823622 0.0821659 0.0929339 0.115214 0.148695 0.189054 0.224162 0.236924 0.221006 0.188931 0.15758 0.136233 0.1272 0.129583 0.141301 0.159313 0.179212 0.195698 0.204643 0.20492 0.197856 0.185632 0.170711 0.155786 0.143285 0.134757 0.13075 0.131266 0.136545 0.147722 0.166805 0.195483 0.232545 0.270695 0.296703 0.300081 0.282829 0.255414 0.226271 0.198149 0.170569 0.143336 0.117823 0.095873 0.0784591 0.0653853 0.0557338 0.0484186 0.0425392 0.0375207 0.0331213 0.0293776 0.026523 0.024898 0.0248672 0.0267403 0.030676 0.0365391 0.0437207 0.0510271 0.0568551 0.0598094 0.0595208 0.0570372 0.0544478 0.0541457 0.0583341 0.0689355 0.087657 0.115872 0.154026 0.20035 0.248886 0.288194 0.305213 0.295999 0.269737 0.238405 0.208292 0.18086 0.156379 0.135734 0.120273 0.110983 0.107851 0.109653 0.114133 0.118574 0.120617 0.11901 0.113965 0.106927 0.0999028 0.0947306 0.0926298 0.0940725 0.0988753 0.106477 0.116426 0.128955 0.145234 0.166664 0.192735 0.217952 0.231462 0.225165 0.204174 0.183485 0.177213 0.19519 0.245016 0.3325 0.453744 0.570414 0.606554 0.552303 0.460075 0.363311 0.280232 0.217689 0.173652 0.142711 0.119877 0.101914 0.087174 0.0749174 0.0647593 0.0564109 0.0496276 0.0442368 0.0401727 0.0374897 0.0363523 0.0370075 0.0397498 0.0448861 0.0527051 0.0634355 0.0771567 0.093611 0.111924 0.130405 0.1468 0.159232 0.167309 0.172263 0.175803 0.178938 0.182099 0.186168 0.192448 0.200637 0.206617 0.203667 0.188119 0.163306 0.136254 0.112346 0.0936673 0.0800788 0.0705729 0.0640714 0.0597441 0.0570914 0.0559379 0.0563813 0.0587073 0.0632723 0.0703699 0.0801145 0.0924082 0.107057 0.124022 0.143685 0.167021 0.19574 0.232399 0.280232 0.341895 0.415941 0.491338 0.547732 0.570445 0.559858 0.521398 0.462726 0.397073 0.338911 0.297779 0.276924 0.274514 0.284502 0.297799 0.306049 0.306193 0.299886 0.288799 0.273004 0.253477 0.233943 0.219642 0.215017 0.222092 0.239009 0.258564 0.269523 0.263817 0.243254 0.216166 0.190094 0.16935 0.156086 0.151631 0.157309 0.175013 0.207758 0.260214 0.338818 0.450292 0.595893 0.75678 0.876446 0.900758 0.866821 0.84651 0.86215 0.871875 0.815148 0.710504 0.597759 0.48983 0.396179 0.325094 0.278985 0.256333 0.254981 0.273873 0.313704 0.376945 0.465983 0.575678 0.680616 0.746605 0.767301 0.727193 0.617878 0.496994 0.407781 0.355801 0.331164 0.319859 0.309 0.291562 0.268541 0.246009 0.230199 0.224988 0.23225 0.253064 0.287906 0.33492 0.38684 0.429815 0.449663 0.443437 0.421551 0.39828 0.383855 0.382146 0.391138 0.404616 0.413265 0.40511 0.372336 0.321273 0.267208 0.221539 0.188126 0.166003 0.152254 0.143635 0.137377 0.131593 0.125414 0.118847 0.112465 0.107122 0.103805 0.103571 0.107448 0.116278 0.130509 0.149982 0.173817 0.200361 0.226945 0.249476 0.263125 0.265066 0.257022 0.244501 0.233421 0.226673 0.222324 0.214946 0.200552 0.181117 0.163301 0.153699 0.156163 0.171822 0.199814 0.237512 0.279337 0.314218 0.327422 0.31358 0.284534 0.256934 0.241383 0.243541 0.26833 0.323076 0.420692 0.582766 0.827222 0.903773 0.678572 0.540165 0.504403 0.567187 0.737345 0.92249 0.693285 0.480014 0.364065 0.326048 0.353712 0.436642 0.532455 0.526488 0.409303 0.289531 0.203565 0.148181 0.114108 0.0936003 0.0813224 0.074024 0.0701364 0.0694628 0.0729197 0.0822799 0.0998242 0.127612 0.165726 0.208845 0.243151 0.252303 0.234366 0.204212 0.176836 0.158671 0.150007 0.149057 0.154436 0.165963 0.183816 0.206226 0.227138 0.237594 0.232782 0.216639 0.196673 0.177465 0.160143 0.144692 0.131259 0.120115 0.111411 0.105279 0.102155 0.103035 0.109548 0.123868 0.148501 0.18581 0.23685 0.298989 0.362986 0.414121 0.441735 0.445555 0.429259 0.398289 0.361976 0.328085 0.299814 0.280145 0.275149 0.293374 0.345421 0.445665 0.612676 0.837838 0.8469 0.653218 0.526369 0.477918 0.49708 0.572362 0.648992 0.597811 0.453211 0.327688 0.24522 0.200122 0.185638 0.199625 0.244953 0.327226 0.443915 0.545591 0.529553 0.43513 0.363177 0.34432 0.382121 0.473354 0.594501 0.671705 0.657288 0.611619 0.569424 0.530311 0.505179 0.5079 0.526313 0.510053 0.428679 0.323906 0.236692 0.177669 0.144133 0.130554 0.131299 0.140562 0.151982 0.159373 0.158828 0.150575 0.138504 0.127708 0.122196 0.123998 0.133333 0.149189 0.169867 0.19305 0.214968 0.229352 0.228948 0.210805 0.179455 0.14316 0.108638 0.079352 0.0562657 0.0389709 0.0264919 0.0177414 0.0117396 0.00769361 0.00500301 
0.000604894 0.000927852 0.00142563 0.00219398 0.00338127 0.00521681 0.00805331 0.0124287 0.0191532 0.0294226 0.0449485 0.0680651 0.101698 0.148941 0.211723 0.28781 0.365985 0.423537 0.436851 0.40229 0.337986 0.266184 0.201659 0.150661 0.114027 0.0903196 0.0777775 0.0751883 0.0820435 0.0980938 0.12217 0.150221 0.173876 0.183279 0.175206 0.1567 0.138442 0.127941 0.128621 0.141497 0.166066 0.199498 0.234836 0.261399 0.270893 0.263841 0.246762 0.225488 0.203509 0.183273 0.166746 0.155184 0.149119 0.148844 0.155191 0.170234 0.197416 0.240427 0.299521 0.363844 0.405428 0.39839 0.35173 0.292957 0.239014 0.194769 0.15965 0.131906 0.110255 0.0938639 0.0818287 0.0729693 0.0660183 0.0599263 0.0540391 0.0481045 0.0421961 0.0366235 0.0318328 0.0283 0.0264361 0.0265169 0.0286212 0.0325472 0.0377133 0.0431218 0.0475301 0.0499064 0.0499854 0.0485248 0.0470533 0.0473571 0.051089 0.0596285 0.0740446 0.0949404 0.122021 0.153386 0.184883 0.210413 0.224339 0.225074 0.215844 0.201315 0.184504 0.166821 0.14955 0.134569 0.123918 0.118953 0.119616 0.124088 0.129109 0.131213 0.128417 0.121041 0.111042 0.100754 0.0920817 0.0862663 0.0839145 0.0850745 0.0893202 0.095915 0.104119 0.11356 0.124387 0.136845 0.150162 0.161438 0.166252 0.162126 0.152015 0.14341 0.144577 0.162287 0.201374 0.263394 0.341814 0.415595 0.455552 0.448313 0.402855 0.339606 0.279006 0.231153 0.195846 0.168561 0.145267 0.124185 0.105245 0.0888826 0.0752959 0.0643202 0.0555965 0.0487658 0.0435909 0.0400011 0.0380838 0.0380479 0.0401755 0.044774 0.0521286 0.0624379 0.075699 0.0915125 0.108846 0.125943 0.140661 0.15134 0.15768 0.160792 0.162258 0.163168 0.164096 0.165751 0.168941 0.173266 0.175881 0.172501 0.160806 0.142691 0.12256 0.104177 0.0893243 0.0782091 0.0702973 0.0648818 0.0613445 0.0592484 0.0583671 0.0586918 0.0604197 0.0639194 0.0696711 0.0781829 0.0898905 0.105046 0.123616 0.145278 0.169715 0.19734 0.230078 0.271324 0.324178 0.387236 0.448918 0.48868 0.494318 0.472547 0.435277 0.390641 0.345502 0.306935 0.280904 0.270832 0.276479 0.292714 0.309631 0.317116 0.311697 0.296748 0.276708 0.254263 0.231465 0.210892 0.195404 0.187281 0.187381 0.194382 0.20439 0.211865 0.21222 0.204183 0.189737 0.17248 0.156235 0.144318 0.13933 0.14343 0.158859 0.188423 0.235621 0.303962 0.394694 0.502189 0.608197 0.683486 0.709891 0.702897 0.693548 0.694225 0.687721 0.65051 0.585017 0.506406 0.425507 0.352628 0.296219 0.259735 0.242971 0.244513 0.263065 0.297809 0.348281 0.413138 0.486685 0.555552 0.604299 0.621956 0.59224 0.513424 0.420755 0.345898 0.297252 0.270207 0.256205 0.247338 0.239142 0.231515 0.227163 0.228954 0.238353 0.25583 0.282277 0.319254 0.36647 0.41775 0.459745 0.478567 0.47136 0.448781 0.426045 0.414533 0.418616 0.435802 0.458881 0.476676 0.471647 0.42979 0.361317 0.29061 0.233299 0.193347 0.168747 0.155406 0.148788 0.144693 0.139985 0.133199 0.124573 0.115389 0.107171 0.101231 0.0985852 0.10002 0.106153 0.117463 0.134264 0.156566 0.18367 0.213351 0.24107 0.260686 0.267575 0.262007 0.249356 0.236776 0.228624 0.223535 0.215542 0.199789 0.177981 0.156978 0.143383 0.140647 0.149241 0.167571 0.192493 0.219192 0.240994 0.251315 0.248626 0.238792 0.230871 0.232569 0.249592 0.286867 0.350372 0.450751 0.60735 0.831393 0.892736 0.682305 0.540649 0.4907 0.518267 0.598214 0.641925 0.552514 0.425786 0.343978 0.322568 0.363444 0.465739 0.592411 0.588045 0.440164 0.30196 0.207403 0.147975 0.112036 0.0907923 0.0783344 0.0709791 0.0667549 0.0650535 0.0663125 0.0716389 0.08232 0.0991079 0.121115 0.144504 0.162395 0.168265 0.161356 0.147366 0.133453 0.124273 0.121826 0.127039 0.141203 0.16648 0.2049 0.254712 0.303804 0.328467 0.314613 0.276825 0.237197 0.205716 0.182852 0.166215 0.153621 0.143595 0.135235 0.128249 0.123148 0.121368 0.1252 0.13761 0.1621 0.202465 0.26171 0.338283 0.417549 0.466951 0.463777 0.425339 0.378386 0.335039 0.298818 0.270552 0.250351 0.239595 0.242012 0.263165 0.309645 0.387744 0.496222 0.600203 0.618984 0.557015 0.500016 0.489315 0.541449 0.675932 0.882729 0.782161 0.527378 0.35767 0.256327 0.201441 0.179651 0.184765 0.215251 0.27007 0.339542 0.392231 0.391513 0.352596 0.323293 0.334955 0.405518 0.552686 0.786686 0.957835 0.843441 0.742838 0.677518 0.603724 0.532959 0.488326 0.462141 0.4253 0.361426 0.285677 0.219896 0.174111 0.149273 0.142798 0.15079 0.167858 0.186377 0.19752 0.195447 0.181337 0.162052 0.145075 0.135157 0.1338 0.139937 0.150809 0.162946 0.173143 0.178865 0.17798 0.16888 0.151609 0.128572 0.103503 0.079725 0.0592293 0.0427287 0.0300955 0.0207857 0.0141263 0.00947391 0.00628459 0.00413138 
0.000548936 0.000845355 0.00130319 0.00201071 0.00310399 0.00479189 0.00739253 0.0113849 0.0174782 0.0266959 0.0404608 0.060636 0.0894239 0.12893 0.180096 0.24073 0.30302 0.352686 0.373511 0.357403 0.311258 0.25177 0.19413 0.146483 0.111084 0.0872406 0.0734403 0.0683581 0.0710796 0.0807774 0.0959397 0.113403 0.128117 0.135068 0.132914 0.125463 0.119082 0.119493 0.130835 0.156171 0.197515 0.253599 0.314391 0.357534 0.363298 0.337898 0.301673 0.266896 0.236939 0.212285 0.193184 0.179856 0.172412 0.171249 0.177774 0.195136 0.22864 0.285247 0.37006 0.473551 0.544937 0.519397 0.428019 0.332611 0.25527 0.197889 0.157286 0.129669 0.111765 0.100823 0.0943 0.089795 0.0853463 0.0797934 0.0728248 0.0647137 0.0560255 0.0474558 0.0397284 0.0334815 0.0291665 0.0269988 0.0269467 0.0287209 0.0317552 0.03523 0.0382201 0.04 0.0403812 0.0398596 0.0394593 0.0404057 0.0438448 0.0506986 0.061591 0.076723 0.0956337 0.11691 0.138085 0.15609 0.168392 0.174157 0.174276 0.170203 0.16302 0.153674 0.14372 0.13553 0.131745 0.13431 0.14336 0.156176 0.167063 0.1697 0.16146 0.14518 0.126227 0.108918 0.0954595 0.0865611 0.0821818 0.0818895 0.0849397 0.0903132 0.0968779 0.103677 0.110163 0.116101 0.121088 0.124098 0.123816 0.119962 0.114502 0.111421 0.115367 0.130416 0.159248 0.201954 0.253991 0.304805 0.340622 0.351342 0.336478 0.306346 0.274715 0.2489 0.227774 0.206573 0.182391 0.156116 0.1306 0.108214 0.089907 0.0755022 0.0643243 0.0556686 0.0490377 0.0442066 0.0411933 0.0401907 0.0414938 0.0454354 0.0523242 0.0623578 0.0754727 0.0911144 0.108003 0.12412 0.137183 0.145587 0.149205 0.149316 0.1477 0.145722 0.144159 0.143553 0.144241 0.145732 0.146197 0.143154 0.135234 0.1233 0.109717 0.0967803 0.0858357 0.0773199 0.0711447 0.0670043 0.0645293 0.0633619 0.0632244 0.0640016 0.0658274 0.0691435 0.0747013 0.0834793 0.0964834 0.114386 0.137003 0.162832 0.189347 0.214669 0.239734 0.268518 0.305165 0.3493 0.391985 0.418217 0.419784 0.402322 0.375655 0.345836 0.316351 0.290927 0.274046 0.269607 0.278743 0.297604 0.316946 0.326562 0.32228 0.306674 0.284105 0.258237 0.232253 0.208869 0.190141 0.177481 0.171582 0.172056 0.177064 0.18343 0.187413 0.185933 0.177844 0.164683 0.150067 0.138104 0.132213 0.135018 0.148876 0.176368 0.220261 0.282442 0.361307 0.447978 0.524834 0.572785 0.585663 0.575307 0.559294 0.545689 0.529326 0.501348 0.459927 0.409259 0.355464 0.305896 0.267014 0.242345 0.232826 0.237985 0.256502 0.286246 0.324353 0.367335 0.410611 0.447895 0.472058 0.475457 0.450132 0.397773 0.335477 0.28119 0.242717 0.219599 0.207951 0.203818 0.20504 0.211687 0.224982 0.245335 0.270883 0.298437 0.327069 0.360028 0.40053 0.445047 0.481652 0.49724 0.488646 0.465548 0.442824 0.432102 0.437898 0.457527 0.483553 0.504423 0.500162 0.453398 0.376567 0.298834 0.237647 0.196902 0.17416 0.164708 0.162851 0.162602 0.159074 0.150229 0.137275 0.123122 0.110518 0.101226 0.0961292 0.095612 0.0998792 0.109162 0.123793 0.144079 0.169792 0.199238 0.228344 0.250996 0.261548 0.2584 0.245731 0.231035 0.219805 0.211782 0.20188 0.185605 0.164079 0.143015 0.128023 0.121956 0.124984 0.135479 0.150715 0.167274 0.181537 0.190867 0.195369 0.19856 0.206028 0.223638 0.256354 0.306994 0.375167 0.459183 0.558189 0.651364 0.660863 0.572951 0.48381 0.43852 0.436076 0.454384 0.453534 0.408142 0.343582 0.297699 0.289995 0.327244 0.405394 0.486551 0.480799 0.381324 0.273573 0.193363 0.140789 0.10839 0.0891462 0.0778317 0.0709257 0.0663874 0.0634499 0.0623311 0.0638078 0.0686944 0.0772758 0.088735 0.100794 0.110126 0.11396 0.111961 0.106498 0.10109 0.0988536 0.102213 0.113593 0.136381 0.175631 0.237706 0.32626 0.426932 0.48104 0.439212 0.355174 0.283991 0.23702 0.209073 0.192894 0.182801 0.174995 0.167297 0.159016 0.15095 0.145281 0.145252 0.154829 0.178648 0.222278 0.292014 0.391393 0.505727 0.570872 0.527961 0.43553 0.353138 0.29308 0.252017 0.225254 0.209749 0.204624 0.210975 0.231112 0.267475 0.320626 0.384418 0.439607 0.462479 0.455647 0.447359 0.462869 0.521055 0.638348 0.778894 0.705157 0.499569 0.344883 0.248194 0.193488 0.168356 0.165563 0.181144 0.211101 0.24687 0.273358 0.278843 0.270806 0.271907 0.305232 0.39203 0.558246 0.837877 1.09169 0.898566 0.792917 0.730269 0.636403 0.533869 0.457857 0.405205 0.3577 0.304565 0.249629 0.202773 0.170948 0.156791 0.160452 0.18051 0.212741 0.247251 0.268052 0.2626 0.234652 0.199625 0.17052 0.153057 0.147556 0.151107 0.158861 0.165435 0.166817 0.161622 0.150545 0.135006 0.116512 0.0966988 0.0772673 0.0596263 0.0446214 0.032521 0.0231736 0.0162001 0.0111429 0.00756004 0.00506996 0.00336678 
0.000495924 0.000765791 0.00118308 0.00182814 0.00282429 0.00435971 0.00671882 0.0103258 0.0158015 0.0240297 0.0362203 0.0539307 0.0789724 0.11307 0.157083 0.209642 0.265309 0.313244 0.33885 0.331448 0.293827 0.24071 0.187256 0.142093 0.107877 0.0841348 0.0693904 0.0621925 0.0613758 0.0658667 0.0742446 0.0843377 0.0933416 0.0988904 0.100616 0.100782 0.103392 0.112942 0.134025 0.171683 0.231429 0.316556 0.417388 0.490857 0.484732 0.422971 0.357589 0.306825 0.270058 0.243549 0.224665 0.211819 0.204088 0.201568 0.206112 0.221905 0.255809 0.317383 0.416641 0.550757 0.65389 0.606037 0.473708 0.353273 0.263143 0.200206 0.158938 0.134355 0.122187 0.118472 0.119105 0.119958 0.117816 0.111381 0.101205 0.0886927 0.075257 0.0620978 0.0502231 0.0403984 0.0330624 0.0283133 0.0259635 0.0256037 0.0266505 0.0284036 0.0301611 0.0314045 0.0319841 0.0321913 0.0326624 0.0341804 0.0374863 0.0431599 0.0515478 0.0626852 0.0761911 0.0911845 0.106338 0.120169 0.131514 0.139857 0.14522 0.147749 0.14757 0.145197 0.142146 0.14113 0.145621 0.15884 0.182031 0.211726 0.237198 0.243895 0.226221 0.193476 0.158851 0.129888 0.108596 0.0945097 0.0866006 0.083846 0.0851501 0.089171 0.0943381 0.09913 0.102471 0.103931 0.103543 0.10144 0.0977972 0.0932167 0.0891463 0.0878468 0.0918966 0.103574 0.124265 0.153746 0.189381 0.225814 0.256128 0.27468 0.280646 0.279301 0.277728 0.278046 0.275078 0.261149 0.233971 0.198814 0.163333 0.132608 0.108262 0.089747 0.0757379 0.0649706 0.0565902 0.0502024 0.0457841 0.0435538 0.0438607 0.0471047 0.0536716 0.0638335 0.0775552 0.0941779 0.112077 0.128615 0.140827 0.146775 0.146624 0.142379 0.136571 0.131096 0.12694 0.124458 0.123585 0.123694 0.123509 0.121529 0.116866 0.109762 0.101309 0.0927534 0.0850389 0.0787364 0.074136 0.0713065 0.0701072 0.0702185 0.071248 0.0729146 0.0752692 0.078873 0.0848666 0.094887 0.110784 0.134008 0.164473 0.199021 0.230972 0.253578 0.266322 0.276031 0.290471 0.311944 0.335416 0.352004 0.356593 0.351297 0.340557 0.326464 0.309611 0.292076 0.278399 0.273727 0.280818 0.297678 0.317298 0.331097 0.333896 0.324918 0.305862 0.280294 0.252681 0.226447 0.203493 0.185123 0.172627 0.166874 0.167535 0.172568 0.17824 0.180071 0.174968 0.163327 0.148852 0.136283 0.129547 0.13151 0.144629 0.171572 0.215287 0.277931 0.357831 0.444035 0.513093 0.541629 0.529802 0.49802 0.464669 0.436898 0.413059 0.388601 0.360761 0.329617 0.297438 0.267937 0.244956 0.231363 0.228849 0.23792 0.257486 0.284323 0.313411 0.339647 0.359644 0.371659 0.374072 0.364272 0.339893 0.302951 0.261369 0.224151 0.196596 0.179912 0.173174 0.175287 0.186206 0.207169 0.239688 0.283027 0.330796 0.371205 0.397469 0.41752 0.443955 0.478299 0.508451 0.518938 0.505179 0.477172 0.450173 0.435303 0.436239 0.449852 0.468714 0.481908 0.472554 0.427428 0.357204 0.286543 0.23153 0.196807 0.180995 0.179866 0.186901 0.193548 0.191837 0.178926 0.158414 0.136463 0.117746 0.104438 0.0969978 0.0951068 0.0982622 0.106108 0.118597 0.135923 0.158071 0.183953 0.210482 0.232446 0.244097 0.242453 0.230115 0.213903 0.199628 0.188208 0.176329 0.160696 0.141779 0.123389 0.109537 0.102369 0.102018 0.107248 0.116119 0.126514 0.136651 0.14575 0.154709 0.166403 0.18537 0.217107 0.266617 0.334802 0.412403 0.4796 0.522291 0.537422 0.516702 0.465144 0.411194 0.375386 0.359046 0.350935 0.33545 0.305323 0.269658 0.244753 0.242428 0.266525 0.309823 0.346561 0.340595 0.288798 0.223335 0.167986 0.128781 0.103588 0.0883141 0.0791194 0.0730601 0.0682971 0.064125 0.060767 0.0589411 0.0593468 0.0622261 0.067088 0.0726837 0.0773743 0.0798863 0.0800511 0.078964 0.0785221 0.0809101 0.0885505 0.104597 0.133831 0.183835 0.266244 0.396581 0.581298 0.71365 0.590834 0.430512 0.32564 0.267228 0.238517 0.226238 0.220932 0.216352 0.209096 0.198352 0.185617 0.174219 0.168587 0.173617 0.194627 0.238017 0.311986 0.424699 0.567862 0.653639 0.572901 0.438527 0.333027 0.262412 0.217974 0.191901 0.179217 0.177343 0.185305 0.202895 0.229818 0.264562 0.302725 0.336457 0.358939 0.371772 0.38432 0.406884 0.447919 0.50706 0.548713 0.507178 0.401107 0.298793 0.225492 0.180166 0.156389 0.148672 0.15307 0.165836 0.181767 0.19453 0.200881 0.20551 0.220301 0.259855 0.338958 0.469762 0.641818 0.758898 0.744918 0.708008 0.667654 0.58785 0.492893 0.415879 0.35879 0.311228 0.266462 0.225266 0.192386 0.172455 0.168807 0.184086 0.220442 0.277197 0.34322 0.386703 0.373278 0.314969 0.250653 0.20208 0.173785 0.163081 0.164394 0.170423 0.173555 0.168724 0.155484 0.136786 0.116071 0.0956658 0.0768084 0.0601274 0.0459273 0.0342742 0.0250355 0.0179368 0.0126317 0.00876188 0.00599747 0.00405805 0.00271834 
0.0004458 0.000689629 0.00106683 0.00164983 0.00254941 0.00393391 0.00605646 0.00929264 0.0141891 0.0215205 0.0323447 0.0480263 0.070173 0.100379 0.139612 0.187061 0.238396 0.284138 0.310639 0.307101 0.274986 0.227324 0.178258 0.136161 0.10377 0.0807315 0.0656269 0.0569871 0.0535903 0.0543752 0.0582062 0.0637135 0.0694358 0.0743635 0.0786223 0.0837887 0.092669 0.108969 0.137382 0.184206 0.257941 0.367874 0.512176 0.629733 0.60282 0.494804 0.402639 0.341227 0.302746 0.279113 0.264885 0.256099 0.249694 0.244629 0.243225 0.251053 0.275955 0.327267 0.413181 0.527542 0.610211 0.568233 0.450868 0.339526 0.255198 0.19729 0.161742 0.144524 0.141834 0.14932 0.161083 0.169861 0.169702 0.159284 0.141668 0.120911 0.0998456 0.0801266 0.0628309 0.0486576 0.0378855 0.0303922 0.0257681 0.0234416 0.0227692 0.0231026 0.0238671 0.0246605 0.0253424 0.0260586 0.0271785 0.0291743 0.0324998 0.037503 0.0443713 0.0530888 0.0634029 0.0748223 0.0866926 0.0983563 0.109326 0.119328 0.128156 0.135469 0.14087 0.144431 0.147467 0.153085 0.166097 0.192196 0.235967 0.295831 0.35354 0.371297 0.332332 0.267174 0.2069 0.161451 0.129881 0.108993 0.0962633 0.0900348 0.0889226 0.0912983 0.0951561 0.0984235 0.0995558 0.0979883 0.0940764 0.0886426 0.0826027 0.0769264 0.0727707 0.0715111 0.0745838 0.0832121 0.0980874 0.119019 0.144635 0.172384 0.1992 0.222985 0.24434 0.266742 0.293311 0.321273 0.338983 0.332317 0.298676 0.250116 0.201268 0.160357 0.129227 0.10641 0.08954 0.0765867 0.0662727 0.0580599 0.0519469 0.0482429 0.0474032 0.0499425 0.0563867 0.067184 0.0824736 0.101627 0.122629 0.141766 0.154534 0.158015 0.152874 0.142705 0.131528 0.122023 0.1153 0.11143 0.109915 0.109872 0.110153 0.109626 0.10757 0.103882 0.0989543 0.0934077 0.0879268 0.0832143 0.0799111 0.0784357 0.0788268 0.080704 0.0834133 0.0863582 0.0894263 0.0933415 0.0998026 0.111391 0.131262 0.16244 0.206047 0.257614 0.303051 0.323952 0.317043 0.298766 0.28586 0.284309 0.291631 0.302335 0.312596 0.321465 0.328179 0.329898 0.323536 0.309818 0.29442 0.284679 0.285437 0.29692 0.314982 0.333297 0.345801 0.347678 0.336867 0.315999 0.290192 0.262902 0.235527 0.209733 0.18841 0.174413 0.168926 0.170607 0.175536 0.178259 0.174444 0.163705 0.149631 0.13714 0.13033 0.13219 0.145354 0.172895 0.218714 0.286983 0.379151 0.484973 0.567519 0.579171 0.528976 0.463212 0.407072 0.365424 0.335426 0.312681 0.293722 0.27664 0.260908 0.247066 0.236486 0.231258 0.233853 0.246114 0.267624 0.294239 0.318426 0.332883 0.335032 0.32705 0.311997 0.291273 0.26528 0.235558 0.205661 0.179768 0.1609 0.150491 0.149132 0.157634 0.177885 0.213184 0.267541 0.342363 0.427424 0.490993 0.505957 0.495765 0.497862 0.520699 0.546852 0.551604 0.527152 0.487675 0.451207 0.427722 0.418838 0.42055 0.425807 0.42558 0.408932 0.369289 0.313944 0.258988 0.216907 0.193097 0.188155 0.199404 0.220025 0.237778 0.238968 0.219208 0.187075 0.154405 0.128307 0.110941 0.101859 0.099678 0.102856 0.110075 0.120524 0.134005 0.150635 0.170027 0.190292 0.207571 0.216942 0.215165 0.203551 0.187398 0.171831 0.158489 0.145803 0.131787 0.116483 0.101974 0.0906944 0.084071 0.082254 0.08448 0.0895683 0.0963733 0.104194 0.113179 0.124702 0.141653 0.168597 0.21166 0.277306 0.367317 0.465498 0.527167 0.524111 0.484603 0.436478 0.389013 0.348459 0.318623 0.297756 0.280186 0.260231 0.236403 0.213062 0.197442 0.195128 0.207016 0.227108 0.241847 0.237004 0.210929 0.175214 0.141888 0.116514 0.0995133 0.0889463 0.082253 0.07715 0.0721434 0.0667506 0.0613639 0.0568148 0.0538708 0.0528812 0.0536451 0.0554952 0.0575706 0.0592113 0.0603042 0.0614098 0.0636727 0.0687218 0.0787833 0.097122 0.128851 0.182172 0.270098 0.4121 0.628413 0.816157 0.638846 0.454041 0.345089 0.29072 0.270093 0.267159 0.269702 0.269254 0.261492 0.246151 0.226237 0.206811 0.193638 0.192205 0.207577 0.245029 0.310522 0.408086 0.523916 0.585039 0.518448 0.400887 0.302342 0.2344 0.191695 0.167598 0.157229 0.157397 0.165931 0.181046 0.200967 0.223745 0.247098 0.268626 0.286996 0.303126 0.319397 0.338043 0.36029 0.382326 0.388603 0.361358 0.306589 0.247873 0.200837 0.168887 0.149698 0.139902 0.136769 0.13813 0.141784 0.145738 0.149763 0.15703 0.174003 0.208687 0.268151 0.353723 0.450454 0.522182 0.549125 0.550183 0.530739 0.482653 0.420513 0.364207 0.31837 0.279199 0.244005 0.213785 0.191628 0.181094 0.186095 0.211687 0.264617 0.351763 0.469505 0.564329 0.531297 0.412835 0.305386 0.233166 0.192792 0.176341 0.175219 0.179868 0.180658 0.171468 0.152545 0.128543 0.104229 0.0823413 0.063814 0.048646 0.0364979 0.0269524 0.019594 0.014031 0.0099055 0.00690158 0.00475125 0.00323567 0.00218228 
0.000398608 0.000617286 0.000955578 0.00147818 0.00228384 0.00352212 0.00541734 0.00830146 0.012657 0.0191684 0.0287729 0.0426902 0.0623798 0.0893305 0.124516 0.167307 0.213783 0.255269 0.279595 0.277554 0.250423 0.209102 0.165767 0.127983 0.0984171 0.0768768 0.0621142 0.0527884 0.0477891 0.0462206 0.0472745 0.0501581 0.0541885 0.0590617 0.0651698 0.0737793 0.0870302 0.107939 0.140669 0.191164 0.267777 0.379922 0.526221 0.64583 0.620203 0.513843 0.424729 0.368109 0.336655 0.322578 0.319635 0.320926 0.318665 0.308603 0.29437 0.285225 0.290782 0.318368 0.370417 0.435458 0.475317 0.45024 0.3773 0.298192 0.23382 0.189442 0.165099 0.159602 0.171224 0.196453 0.22729 0.249871 0.250917 0.229493 0.196106 0.160845 0.12838 0.100082 0.0763788 0.0574443 0.0431353 0.0329713 0.0262553 0.0222211 0.0201333 0.0193447 0.0193375 0.0197644 0.0204787 0.021531 0.0231225 0.0255294 0.0290244 0.0338157 0.0400075 0.0475765 0.056367 0.066119 0.0765423 0.0874192 0.0986694 0.110289 0.122142 0.133723 0.144193 0.152974 0.160941 0.171598 0.191498 0.229858 0.297575 0.403 0.529914 0.579207 0.48337 0.357903 0.262979 0.199271 0.157032 0.128674 0.110094 0.0993004 0.0948615 0.0949815 0.0972808 0.0991909 0.0987396 0.095199 0.0890797 0.0815607 0.0739128 0.0672609 0.0626009 0.0608554 0.0628571 0.0692635 0.0804341 0.0963066 0.116334 0.139615 0.16537 0.193796 0.226864 0.267874 0.318356 0.372072 0.410205 0.4097 0.366873 0.302417 0.239103 0.188059 0.150743 0.124303 0.105079 0.0901766 0.0779164 0.0677037 0.0596618 0.0542727 0.0521486 0.0539512 0.0603877 0.0721662 0.0897557 0.112769 0.1389 0.162988 0.177962 0.179022 0.167648 0.150139 0.132763 0.119073 0.110114 0.105501 0.104206 0.104937 0.106354 0.107317 0.107111 0.105496 0.102575 0.0986849 0.0944283 0.0907071 0.0885409 0.0887007 0.0913521 0.0958987 0.101152 0.105883 0.109624 0.11331 0.11945 0.131896 0.155551 0.195936 0.257538 0.337775 0.412784 0.435369 0.394861 0.335931 0.291422 0.268362 0.263232 0.270844 0.287341 0.309709 0.333239 0.350129 0.352853 0.340593 0.320803 0.303592 0.296015 0.300403 0.315185 0.336134 0.357034 0.370519 0.371606 0.361202 0.343058 0.318414 0.286825 0.250877 0.216899 0.191082 0.176349 0.171774 0.173218 0.17479 0.17159 0.162518 0.150402 0.139607 0.133999 0.136612 0.150297 0.178539 0.226157 0.29955 0.404882 0.537826 0.64939 0.64392 0.547157 0.44725 0.371766 0.320182 0.286958 0.266924 0.256102 0.251378 0.249902 0.249025 0.24738 0.246382 0.250076 0.262672 0.285226 0.313002 0.335566 0.342484 0.331319 0.307762 0.278831 0.248774 0.21944 0.191958 0.167733 0.148398 0.135387 0.129829 0.132935 0.146663 0.174472 0.222098 0.29805 0.411997 0.56163 0.680431 0.658891 0.583457 0.54842 0.559244 0.585043 0.585114 0.546987 0.493317 0.446371 0.414015 0.395011 0.384366 0.375982 0.363573 0.341377 0.307199 0.265797 0.226663 0.198502 0.18668 0.193572 0.218548 0.255322 0.287519 0.292631 0.263577 0.217188 0.172992 0.14017 0.120172 0.1113 0.110927 0.116193 0.124349 0.133306 0.142232 0.15152 0.161824 0.172724 0.181973 0.186083 0.182424 0.171473 0.156688 0.141824 0.128588 0.11656 0.104745 0.0930164 0.0823232 0.0739291 0.0686503 0.0666101 0.0674032 0.0704155 0.0751532 0.0815451 0.0902289 0.102847 0.122371 0.153469 0.202726 0.277886 0.382935 0.500197 0.563461 0.528129 0.453567 0.38742 0.337577 0.301053 0.273895 0.25204 0.231875 0.211366 0.190854 0.172877 0.160808 0.156956 0.160983 0.169034 0.174449 0.171223 0.158375 0.140212 0.1223 0.108129 0.0985238 0.0924831 0.0881837 0.0838357 0.0783303 0.0715395 0.0641643 0.0572594 0.0517345 0.0480613 0.0462265 0.045855 0.0464269 0.0475186 0.0490039 0.0511672 0.054743 0.0609639 0.0717142 0.0898603 0.119778 0.167994 0.243407 0.354524 0.492227 0.575225 0.514156 0.409017 0.337003 0.305324 0.303033 0.316004 0.330296 0.334939 0.32483 0.301476 0.270957 0.24098 0.218674 0.209536 0.217407 0.244933 0.293361 0.359387 0.425583 0.452216 0.412666 0.336389 0.262657 0.206928 0.170266 0.149597 0.141544 0.143209 0.151974 0.165223 0.180418 0.195558 0.209607 0.22251 0.234872 0.247381 0.260108 0.272361 0.282986 0.28939 0.286295 0.269353 0.241481 0.211397 0.186196 0.167888 0.154845 0.144582 0.135665 0.127995 0.122041 0.118327 0.117808 0.12256 0.135872 0.161437 0.201636 0.254713 0.311753 0.358857 0.387878 0.40001 0.395589 0.374353 0.343451 0.312056 0.283672 0.257849 0.234527 0.215266 0.202447 0.198984 0.209174 0.239876 0.301406 0.407584 0.569473 0.735718 0.66997 0.483819 0.342664 0.253983 0.204694 0.183006 0.178603 0.180877 0.179363 0.167517 0.145858 0.119672 0.09416 0.0721258 0.0543058 0.0403864 0.0297177 0.021641 0.0155918 0.0111112 0.00783204 0.00546194 0.00377039 0.00257789 0.00174697 
0.00035438 0.000549037 0.000850017 0.00131459 0.00202993 0.00312778 0.0048053 0.00735378 0.0111963 0.0169332 0.0253884 0.0376382 0.0549762 0.0787245 0.109733 0.147373 0.188031 0.22398 0.244901 0.243513 0.22119 0.186793 0.150213 0.117806 0.0919647 0.0726491 0.0588676 0.0495258 0.0437409 0.0408603 0.0403878 0.0419429 0.0453166 0.0506135 0.05841 0.0698471 0.0866328 0.111031 0.145978 0.195385 0.264171 0.355888 0.46203 0.540685 0.540002 0.485254 0.429738 0.39289 0.376367 0.378769 0.396537 0.419063 0.427162 0.407015 0.367191 0.328342 0.305025 0.302582 0.319051 0.343535 0.355762 0.339201 0.298056 0.249661 0.207972 0.18015 0.169653 0.178749 0.209305 0.261164 0.3259 0.376529 0.377009 0.328137 0.263617 0.205203 0.157559 0.119403 0.0891182 0.0656643 0.0481722 0.0356914 0.0272147 0.021786 0.018577 0.0169203 0.0163182 0.0164462 0.0171485 0.0184197 0.0203667 0.0231576 0.0269688 0.0319404 0.0381427 0.045556 0.0540715 0.06353 0.0738063 0.0849173 0.0970755 0.110588 0.125552 0.141437 0.15689 0.170358 0.181863 0.195068 0.218092 0.263167 0.347011 0.492727 0.725607 0.880339 0.629372 0.433315 0.312093 0.236782 0.187026 0.151815 0.126698 0.110241 0.101407 0.0983999 0.0985737 0.0989884 0.0973332 0.0926734 0.0854739 0.0769851 0.0685823 0.0614375 0.0564711 0.0543981 0.0557665 0.0609705 0.0702504 0.0837019 0.101327 0.123187 0.149733 0.182323 0.223647 0.27716 0.343983 0.415991 0.468934 0.472242 0.421165 0.343697 0.269302 0.211161 0.17004 0.141682 0.1212 0.104942 0.0909626 0.0787545 0.0686917 0.0615081 0.0580047 0.0589875 0.0653303 0.0780017 0.097857 0.12491 0.156808 0.186978 0.205202 0.204073 0.186157 0.161265 0.138171 0.121112 0.110844 0.106421 0.106233 0.108458 0.111335 0.113486 0.114162 0.11321 0.110803 0.1073 0.103405 0.100303 0.0994469 0.102001 0.108245 0.117183 0.126626 0.134064 0.138225 0.140362 0.144266 0.155416 0.180467 0.227427 0.305359 0.419027 0.542205 0.572503 0.479606 0.373022 0.299666 0.260076 0.246596 0.252868 0.274679 0.307955 0.345556 0.375796 0.387078 0.376936 0.354104 0.330641 0.315126 0.311691 0.321122 0.341322 0.367122 0.391073 0.407084 0.413527 0.410009 0.392398 0.356281 0.306147 0.254742 0.213303 0.186485 0.173303 0.169293 0.168518 0.165979 0.159801 0.151437 0.144029 0.14087 0.144977 0.159341 0.187438 0.233906 0.305102 0.407827 0.539368 0.650453 0.637337 0.529401 0.421826 0.342021 0.289013 0.257594 0.243304 0.24273 0.252444 0.26738 0.280293 0.285006 0.282121 0.279546 0.286153 0.305481 0.33262 0.354647 0.357922 0.338971 0.305148 0.266018 0.228069 0.194474 0.166412 0.144249 0.128205 0.11862 0.116152 0.12209 0.138854 0.170726 0.224967 0.313547 0.45536 0.674406 0.918052 0.797236 0.634512 0.565936 0.565654 0.589618 0.58693 0.542192 0.482905 0.432543 0.396615 0.37175 0.352583 0.334399 0.313611 0.287926 0.257404 0.225447 0.197842 0.180526 0.178205 0.194076 0.228976 0.277562 0.321007 0.329391 0.293161 0.236815 0.185824 0.15037 0.131239 0.125946 0.130959 0.141973 0.154046 0.162799 0.16635 0.165966 0.16434 0.163168 0.162006 0.158838 0.15179 0.140762 0.127545 0.114388 0.102568 0.0921473 0.0826903 0.0740378 0.0665254 0.060697 0.0569331 0.0552908 0.055574 0.0575245 0.0610436 0.0664095 0.0744925 0.0869957 0.106745 0.138011 0.186632 0.259076 0.357442 0.463199 0.517388 0.483143 0.411826 0.348423 0.301786 0.268127 0.242309 0.220348 0.199847 0.180076 0.161724 0.146365 0.135673 0.130553 0.130427 0.133001 0.134925 0.133401 0.127802 0.119815 0.112011 0.106253 0.102943 0.101103 0.0989946 0.094998 0.0883858 0.0795799 0.0698088 0.0604814 0.0526802 0.0469545 0.0433634 0.041639 0.0413751 0.042198 0.0439061 0.0465755 0.050645 0.0570046 0.0671153 0.0831743 0.108286 0.146419 0.2014 0.272974 0.34708 0.389096 0.377243 0.339846 0.313907 0.31373 0.337054 0.372648 0.404149 0.415685 0.400245 0.363392 0.317519 0.274375 0.242112 0.225336 0.225894 0.243446 0.275187 0.314084 0.346236 0.353118 0.326118 0.277117 0.225311 0.182666 0.15304 0.136131 0.130175 0.132914 0.14173 0.15365 0.165762 0.176046 0.184028 0.190628 0.197249 0.204732 0.212801 0.220301 0.225854 0.228058 0.225463 0.21766 0.206726 0.196428 0.189354 0.184783 0.179097 0.168702 0.153144 0.135295 0.118872 0.106502 0.0996466 0.0993902 0.106942 0.123428 0.149037 0.181813 0.217026 0.248638 0.272458 0.287125 0.292331 0.28894 0.280173 0.269655 0.259037 0.248666 0.239266 0.232091 0.228334 0.229699 0.240235 0.267635 0.322798 0.41749 0.554241 0.675453 0.627291 0.475103 0.345347 0.258137 0.2065 0.180981 0.172279 0.17056 0.166221 0.153279 0.132029 0.107068 0.0830589 0.0625737 0.0462774 0.0338163 0.0244937 0.0176061 0.0125603 0.00889077 0.00624229 0.00434647 0.00300139 0.00205581 0.00139721 
0.000313132 0.000485043 0.000750568 0.00115983 0.00178893 0.00275247 0.00422147 0.00644777 0.00979602 0.0147819 0.0221104 0.0326966 0.0476287 0.0679925 0.0944256 0.126256 0.160297 0.190091 0.207402 0.206738 0.1894 0.16228 0.133013 0.106602 0.0850432 0.0684239 0.0560587 0.047177 0.0411909 0.0377241 0.0365641 0.0376416 0.0410755 0.0472686 0.0570029 0.0714687 0.0921647 0.12065 0.158226 0.205756 0.263663 0.330804 0.399699 0.451713 0.469787 0.460503 0.442669 0.428912 0.428555 0.451133 0.501343 0.566806 0.601908 0.559538 0.468275 0.381773 0.321564 0.288579 0.27644 0.275039 0.272308 0.259461 0.236194 0.209011 0.18575 0.172848 0.175599 0.199328 0.250447 0.336151 0.457196 0.573269 0.568966 0.452887 0.335105 0.246477 0.182436 0.135068 0.099292 0.0723421 0.0524722 0.0382646 0.0284574 0.0219607 0.0178878 0.0155594 0.0144894 0.0143651 0.0150271 0.0164434 0.0186787 0.0218565 0.0261205 0.0315959 0.0383528 0.0463755 0.055554 0.0657257 0.0767879 0.0888527 0.102343 0.117885 0.135891 0.155892 0.176012 0.193497 0.207125 0.220292 0.241851 0.284605 0.364392 0.500029 0.699139 0.80509 0.624128 0.451522 0.339701 0.267712 0.216378 0.175943 0.144084 0.121197 0.107112 0.100182 0.0976133 0.096268 0.0936339 0.0885509 0.081255 0.0728242 0.0645508 0.0575824 0.0528155 0.0509045 0.052307 0.0573432 0.0662695 0.0793662 0.0970292 0.119855 0.148746 0.18513 0.231266 0.290038 0.362371 0.440071 0.497488 0.501116 0.445807 0.363004 0.284962 0.225336 0.184201 0.156361 0.136144 0.119454 0.104297 0.0904115 0.0785224 0.0696611 0.0648131 0.0648861 0.0708389 0.0837761 0.104785 0.134175 0.169678 0.203919 0.224483 0.221971 0.19983 0.170518 0.144479 0.126269 0.116356 0.113353 0.115161 0.1194 0.123742 0.126422 0.126702 0.124803 0.121358 0.117068 0.112898 0.110377 0.111434 0.117725 0.129767 0.146073 0.162757 0.174701 0.178812 0.176963 0.175339 0.181603 0.203487 0.249499 0.329747 0.451942 0.592658 0.625441 0.508535 0.384164 0.300371 0.254269 0.237167 0.242878 0.267534 0.307002 0.35339 0.393507 0.413925 0.410742 0.391501 0.366993 0.345647 0.333676 0.335226 0.35123 0.378791 0.412115 0.444987 0.472198 0.48699 0.477872 0.435197 0.366872 0.294926 0.236302 0.196672 0.174438 0.164717 0.161686 0.16039 0.158127 0.154718 0.151782 0.151908 0.158103 0.173391 0.200627 0.242722 0.302983 0.38356 0.476649 0.544976 0.535026 0.460365 0.375984 0.308636 0.263415 0.23924 0.234477 0.248001 0.277853 0.31743 0.351345 0.361297 0.345967 0.324206 0.314477 0.32324 0.345094 0.365703 0.369347 0.349674 0.311974 0.266418 0.221926 0.183725 0.153642 0.131575 0.116832 0.10892 0.10795 0.114932 0.132132 0.163622 0.216153 0.30036 0.431263 0.619546 0.7911 0.722731 0.592299 0.527838 0.521395 0.537241 0.533743 0.497589 0.449169 0.407236 0.375954 0.351712 0.329742 0.306831 0.281502 0.253661 0.2247 0.197614 0.176464 0.165439 0.168203 0.187514 0.224049 0.272519 0.314888 0.323187 0.288913 0.235529 0.18792 0.156716 0.143481 0.146412 0.162101 0.184928 0.206384 0.217371 0.213888 0.199721 0.182008 0.165739 0.152227 0.140405 0.128711 0.116457 0.104098 0.0925637 0.0824792 0.0739079 0.0666101 0.0604074 0.055332 0.0515366 0.0491318 0.048104 0.048352 0.0498042 0.0525682 0.0570853 0.0642889 0.0757761 0.0939874 0.122321 0.164895 0.225117 0.301113 0.376245 0.416258 0.403158 0.360736 0.316511 0.27985 0.250146 0.224875 0.202217 0.181305 0.162056 0.144997 0.131013 0.12096 0.115207 0.11326 0.113721 0.114739 0.114833 0.113628 0.11195 0.111175 0.112269 0.115013 0.117774 0.118091 0.11398 0.105113 0.0929025 0.0795747 0.0671294 0.0568344 0.0492171 0.0442756 0.0417075 0.0410805 0.0419513 0.0439657 0.0469642 0.0511 0.0569449 0.0655572 0.0784858 0.0976707 0.125074 0.161628 0.204944 0.246513 0.273607 0.281238 0.28067 0.289474 0.319007 0.370908 0.436454 0.495035 0.518362 0.492031 0.431679 0.363492 0.304636 0.262693 0.239832 0.235183 0.245651 0.265831 0.287649 0.300958 0.29687 0.273291 0.23686 0.197888 0.16435 0.140133 0.126138 0.121627 0.12491 0.133533 0.144449 0.154615 0.161998 0.166343 0.168974 0.171702 0.175693 0.180961 0.186626 0.191552 0.19486 0.19629 0.196704 0.198359 0.204016 0.214637 0.226627 0.231271 0.220147 0.193559 0.160321 0.129585 0.106194 0.0914377 0.0851111 0.0867317 0.0957978 0.111455 0.132013 0.154835 0.176973 0.196221 0.211573 0.222999 0.231337 0.238063 0.244366 0.250508 0.256438 0.262553 0.26908 0.274935 0.278988 0.284114 0.298975 0.334291 0.396095 0.474926 0.52857 0.502941 0.415591 0.322061 0.248737 0.199846 0.171811 0.158308 0.151637 0.144202 0.131199 0.112441 0.0910463 0.0704954 0.0528819 0.0388402 0.0281335 0.0201846 0.0143766 0.0101749 0.007157 0.00500254 0.00347388 0.00239627 0.00164184 0.00111746 
0.000274871 0.000425427 0.000657557 0.00101458 0.00156198 0.00239793 0.00366814 0.00558589 0.00845775 0.0127133 0.0189329 0.0278569 0.0403419 0.0571997 0.0788214 0.104506 0.131608 0.155148 0.169089 0.169574 0.157568 0.13794 0.116147 0.0958827 0.0787373 0.064931 0.054122 0.0459127 0.0400487 0.0364381 0.0351239 0.0362874 0.0403101 0.0478778 0.0600793 0.0784183 0.104603 0.139925 0.184133 0.234348 0.285678 0.334259 0.378844 0.41838 0.451434 0.476952 0.4909 0.492502 0.498385 0.535723 0.625481 0.768457 0.882759 0.780538 0.588812 0.437564 0.33775 0.277951 0.245451 0.228936 0.218769 0.208278 0.195171 0.181237 0.1707 0.168882 0.18181 0.216671 0.283202 0.396179 0.577769 0.83617 0.813782 0.561106 0.386642 0.273699 0.198148 0.144941 0.105988 0.0771131 0.0559005 0.0406309 0.0299194 0.0226366 0.0178939 0.0150262 0.0135654 0.0132123 0.0138109 0.0153244 0.0178092 0.0213879 0.0262162 0.0324435 0.0401632 0.0493606 0.0598831 0.0714807 0.0839558 0.0973924 0.112322 0.129621 0.149987 0.173064 0.196608 0.216874 0.231467 0.243188 0.260568 0.294519 0.354649 0.444262 0.542924 0.579405 0.514743 0.420772 0.345087 0.288609 0.241001 0.197369 0.159449 0.130306 0.110887 0.0997814 0.0941803 0.0909325 0.0874743 0.0824489 0.0757653 0.068179 0.0607751 0.054622 0.0506131 0.0494249 0.0515428 0.0573375 0.0671878 0.0816281 0.10145 0.127641 0.161064 0.202089 0.250728 0.307475 0.372634 0.440192 0.488651 0.487966 0.43365 0.355314 0.282686 0.228 0.190903 0.166067 0.147711 0.131732 0.116311 0.101519 0.0884431 0.0783859 0.0724749 0.071656 0.0768593 0.0891179 0.10942 0.13797 0.172458 0.205634 0.225477 0.223002 0.201666 0.173671 0.149329 0.133195 0.125727 0.125414 0.129872 0.136246 0.141604 0.143759 0.142101 0.137546 0.131574 0.125508 0.120694 0.118998 0.122826 0.134508 0.155193 0.183198 0.212198 0.231969 0.235266 0.22544 0.213723 0.211014 0.224912 0.261383 0.325859 0.418113 0.510749 0.529721 0.455575 0.36222 0.2918 0.249995 0.233243 0.238015 0.261862 0.301546 0.350191 0.396236 0.427839 0.440233 0.435816 0.418179 0.392666 0.369529 0.359498 0.368192 0.395536 0.437562 0.487374 0.534153 0.562544 0.555254 0.501926 0.415824 0.326451 0.254026 0.204229 0.174864 0.160898 0.156778 0.15762 0.159935 0.161989 0.163951 0.167834 0.176828 0.194041 0.221263 0.258475 0.304308 0.356056 0.405803 0.43472 0.423406 0.377349 0.320826 0.272341 0.2399 0.226399 0.233805 0.264912 0.322468 0.402743 0.478572 0.495512 0.445367 0.383056 0.344514 0.335618 0.348135 0.366814 0.37469 0.360502 0.323906 0.274437 0.224335 0.181696 0.149255 0.126562 0.112177 0.104897 0.104276 0.110843 0.126267 0.15359 0.197464 0.263859 0.357104 0.467533 0.545754 0.53644 0.48286 0.44686 0.441028 0.448846 0.446961 0.426883 0.398488 0.37283 0.352665 0.335033 0.316083 0.293577 0.267144 0.23798 0.208653 0.182617 0.163482 0.154417 0.157865 0.175221 0.205717 0.243564 0.274454 0.279821 0.254887 0.215358 0.180039 0.159287 0.156674 0.172681 0.205618 0.249408 0.28995 0.307622 0.293192 0.257466 0.217214 0.182049 0.15427 0.132681 0.115306 0.100686 0.0881712 0.0776193 0.0689644 0.0620078 0.0564631 0.0520921 0.0487741 0.0464715 0.0451533 0.0447536 0.0451963 0.0464751 0.0487646 0.052541 0.0586999 0.0686605 0.0844227 0.108478 0.143316 0.190006 0.245239 0.29785 0.331253 0.33717 0.323257 0.301072 0.276092 0.249652 0.222932 0.197574 0.174741 0.154864 0.138081 0.124636 0.11488 0.108952 0.106459 0.106426 0.107629 0.109163 0.110927 0.113706 0.118707 0.126674 0.136816 0.14614 0.150162 0.145481 0.132295 0.114082 0.0950259 0.0780695 0.0645882 0.0548842 0.0487212 0.0456409 0.0450889 0.0464541 0.0491181 0.0525766 0.0566282 0.0615442 0.068106 0.0774632 0.0908472 0.109155 0.132322 0.158506 0.183829 0.204303 0.220097 0.237932 0.268267 0.320578 0.400111 0.504027 0.609976 0.659173 0.60757 0.503848 0.404474 0.328848 0.279338 0.253461 0.246978 0.25425 0.268138 0.280361 0.283111 0.271835 0.247315 0.214913 0.181483 0.152544 0.131266 0.118784 0.114817 0.118032 0.126177 0.136285 0.14534 0.151348 0.154152 0.155256 0.156726 0.160032 0.165527 0.172611 0.180216 0.187354 0.193807 0.200969 0.212247 0.232071 0.262846 0.299224 0.322331 0.309214 0.261102 0.201988 0.150744 0.113546 0.0898707 0.0773692 0.073801 0.0774046 0.0866815 0.100095 0.115975 0.132754 0.149364 0.165519 0.18172 0.199026 0.218466 0.240196 0.263172 0.286133 0.308873 0.330988 0.348149 0.353169 0.346282 0.339959 0.348393 0.376087 0.412603 0.433157 0.415063 0.361625 0.295417 0.235368 0.189814 0.159578 0.141355 0.129835 0.119548 0.106859 0.0911164 0.0739494 0.0575221 0.0433083 0.0318502 0.0230425 0.0164799 0.0116875 0.0082335 0.00576645 0.00401627 0.00278188 0.00191612 0.00131231 0.000893668 
0.000239622 0.000370328 0.000571345 0.000879592 0.00135056 0.00206689 0.00315026 0.0047771 0.0071981 0.0107593 0.0159192 0.0232467 0.0333736 0.0468526 0.0638638 0.0837401 0.104445 0.122461 0.133758 0.13582 0.129163 0.11677 0.102111 0.0876585 0.0746101 0.0633277 0.0538494 0.0461997 0.0404896 0.0369135 0.0357396 0.0373508 0.0423504 0.0517181 0.0669822 0.0903188 0.124369 0.171311 0.23043 0.294265 0.348197 0.382415 0.405297 0.435027 0.484094 0.549074 0.598208 0.598603 0.584311 0.616084 0.729863 0.943852 1.23389 0.980971 0.678939 0.475414 0.345994 0.267751 0.223011 0.198848 0.185884 0.177707 0.170889 0.165002 0.162363 0.167476 0.18638 0.22638 0.296677 0.41006 0.583045 0.802 0.782762 0.560922 0.392101 0.27932 0.202974 0.149122 0.109746 0.0804968 0.0588343 0.0430168 0.0316971 0.023802 0.0184951 0.0151514 0.01333 0.0127478 0.0132577 0.0148298 0.0175336 0.0215171 0.0269773 0.0341133 0.0430574 0.0537918 0.0660875 0.0795397 0.0937604 0.108696 0.124867 0.143255 0.164698 0.188908 0.213583 0.234742 0.249596 0.26037 0.27441 0.29977 0.340324 0.391752 0.437247 0.451127 0.425195 0.380738 0.337703 0.298076 0.256262 0.211673 0.169768 0.135967 0.112234 0.0974937 0.0891092 0.084093 0.0799618 0.0752338 0.0695028 0.0631701 0.0570662 0.0521456 0.0492978 0.0492591 0.0526091 0.0598541 0.0715961 0.0887639 0.112771 0.145292 0.187251 0.237014 0.289402 0.338707 0.383695 0.423934 0.448316 0.437618 0.389109 0.323904 0.264098 0.21929 0.189176 0.169108 0.153888 0.139811 0.125375 0.110937 0.0978179 0.0874758 0.0811111 0.0796619 0.08395 0.0947599 0.112677 0.137446 0.166621 0.193981 0.210244 0.208971 0.192896 0.17142 0.153063 0.142008 0.138839 0.142095 0.149231 0.157063 0.162256 0.1624 0.157239 0.148617 0.139061 0.130632 0.125063 0.124473 0.131687 0.149881 0.181476 0.225603 0.273513 0.306243 0.307612 0.284486 0.258268 0.244257 0.248211 0.271334 0.31295 0.367221 0.414407 0.42368 0.387884 0.333626 0.285415 0.252743 0.237459 0.239497 0.258437 0.292726 0.338078 0.387257 0.433149 0.471617 0.496556 0.49475 0.462656 0.420849 0.393327 0.3914 0.416598 0.465595 0.529828 0.590564 0.620531 0.601122 0.533043 0.436314 0.339606 0.261402 0.206854 0.173955 0.158184 0.154557 0.158376 0.165553 0.173094 0.180025 0.188096 0.201049 0.222385 0.2528 0.288557 0.322545 0.348452 0.362841 0.362043 0.34283 0.30888 0.270547 0.238058 0.218209 0.215552 0.234818 0.283078 0.370898 0.508919 0.676287 0.710961 0.571155 0.443197 0.369222 0.340688 0.343109 0.360388 0.374576 0.368633 0.335216 0.283275 0.229038 0.183384 0.149586 0.126707 0.112641 0.105631 0.104776 0.110104 0.122522 0.143774 0.176224 0.221911 0.27967 0.339478 0.379971 0.385921 0.370098 0.356147 0.354027 0.358707 0.360164 0.354128 0.344284 0.33558 0.329004 0.321957 0.310965 0.293519 0.268871 0.238727 0.207133 0.178967 0.158329 0.147894 0.148942 0.161303 0.182713 0.20749 0.225929 0.228145 0.212522 0.188243 0.167691 0.159949 0.170456 0.202779 0.25876 0.334429 0.409384 0.441688 0.408165 0.338549 0.268085 0.21051 0.16701 0.134917 0.11117 0.0933585 0.079861 0.0696356 0.0619532 0.0562296 0.0519894 0.0488927 0.0467416 0.0454371 0.0449115 0.0450839 0.0458653 0.0472214 0.0492763 0.0524383 0.0575166 0.0657897 0.0789773 0.0990336 0.127613 0.165002 0.208574 0.25185 0.286545 0.307644 0.315424 0.311353 0.295269 0.268538 0.23646 0.205193 0.178232 0.156258 0.138727 0.12515 0.115429 0.109542 0.107114 0.107289 0.109037 0.111723 0.115614 0.121975 0.132612 0.14879 0.169518 0.189696 0.200474 0.19472 0.173612 0.145173 0.117243 0.0939414 0.0763637 0.0642123 0.05682 0.0535043 0.0535552 0.0561151 0.0601329 0.0645241 0.0685411 0.0721464 0.0760763 0.081497 0.0894787 0.100566 0.11454 0.130405 0.146809 0.16324 0.181673 0.207443 0.248529 0.314195 0.414179 0.557578 0.739788 0.855028 0.73653 0.562473 0.430348 0.342778 0.290978 0.266821 0.262771 0.270836 0.282373 0.289031 0.284647 0.267232 0.239367 0.206396 0.17391 0.146147 0.125596 0.113245 0.108918 0.111471 0.118842 0.12825 0.136834 0.142719 0.145858 0.147883 0.151023 0.156946 0.16622 0.17836 0.192032 0.205349 0.21695 0.228127 0.244428 0.274707 0.327254 0.400522 0.461225 0.444107 0.352767 0.25289 0.175746 0.123731 0.0915733 0.0738099 0.066346 0.0663578 0.0718616 0.0813419 0.0935741 0.107669 0.123274 0.140796 0.161487 0.187176 0.219392 0.257895 0.299606 0.340262 0.378807 0.416797 0.447619 0.452611 0.4263 0.391418 0.37145 0.372351 0.38465 0.390492 0.374509 0.334463 0.280795 0.226932 0.181837 0.148546 0.125774 0.110001 0.0973049 0.0848531 0.0716388 0.0581622 0.0454907 0.0344813 0.0255041 0.0185211 0.0132689 0.00941031 0.00662172 0.00462961 0.00321859 0.0022259 0.00153155 0.00104848 0.000714168 
0.000207427 0.000319912 0.000492347 0.000755769 0.00115649 0.00176291 0.00267471 0.0040347 0.00604276 0.00896974 0.0131658 0.0190518 0.0270729 0.0375855 0.0506464 0.0657127 0.0813659 0.0953401 0.10516 0.109252 0.107704 0.101951 0.0937535 0.0844348 0.0747738 0.0652837 0.0564604 0.0488467 0.0429818 0.0393526 0.0384132 0.0406837 0.0469224 0.0583689 0.0770541 0.106135 0.150063 0.213955 0.300251 0.398593 0.472218 0.486837 0.472097 0.481025 0.543812 0.66662 0.783946 0.748857 0.667445 0.66715 0.772249 0.961149 1.09864 0.950016 0.686382 0.477746 0.339417 0.254409 0.205276 0.178927 0.166106 0.160372 0.157668 0.156494 0.158205 0.166764 0.187759 0.227227 0.290678 0.381551 0.494316 0.588604 0.578957 0.473748 0.359083 0.26798 0.20044 0.150286 0.112463 0.0837396 0.0620358 0.0458501 0.0339953 0.0255132 0.019648 0.0158256 0.0136335 0.0128021 0.013192 0.0147835 0.0176674 0.0220302 0.0281245 0.0362132 0.0464753 0.0588847 0.0731111 0.0885457 0.104545 0.120846 0.137863 0.156542 0.177668 0.200942 0.22433 0.244538 0.259416 0.270903 0.284771 0.306395 0.336038 0.366906 0.387745 0.389941 0.37468 0.351176 0.325942 0.297093 0.260215 0.216766 0.173807 0.137839 0.111524 0.0942557 0.0837628 0.0773612 0.0727372 0.0683639 0.0636002 0.0585491 0.0538057 0.0502065 0.0486318 0.0498863 0.0546726 0.0636806 0.0778218 0.0986067 0.128508 0.170809 0.227901 0.296632 0.362046 0.402389 0.413398 0.410083 0.398913 0.37296 0.329926 0.279915 0.235267 0.202017 0.179863 0.165196 0.153815 0.142681 0.130626 0.118111 0.106447 0.0970668 0.0911688 0.0896871 0.0933352 0.102588 0.117511 0.137314 0.159581 0.179628 0.191506 0.19161 0.181976 0.168894 0.158537 0.154285 0.156545 0.163608 0.17257 0.180063 0.182894 0.179093 0.169121 0.155748 0.142345 0.131529 0.125274 0.125789 0.136138 0.160252 0.202111 0.262811 0.332843 0.382681 0.381548 0.342655 0.30261 0.280386 0.277834 0.29051 0.313401 0.340973 0.363857 0.370344 0.356232 0.328623 0.298011 0.272237 0.256008 0.252024 0.261887 0.286198 0.324147 0.37404 0.435358 0.507992 0.578682 0.602804 0.5542 0.481103 0.430152 0.415105 0.435444 0.486426 0.557438 0.622807 0.64403 0.605146 0.523969 0.425855 0.332469 0.256975 0.20358 0.171076 0.155998 0.1542 0.161368 0.173154 0.185799 0.197657 0.210554 0.229052 0.257447 0.295821 0.336376 0.364223 0.368508 0.352458 0.325636 0.294112 0.261435 0.231691 0.209456 0.19898 0.204542 0.231868 0.290169 0.394678 0.569466 0.841787 0.916509 0.647378 0.473429 0.377694 0.335571 0.329621 0.344589 0.362716 0.363314 0.334025 0.283139 0.229168 0.184278 0.151738 0.13019 0.117145 0.110609 0.109493 0.113481 0.122785 0.137984 0.15979 0.188341 0.221636 0.253812 0.276285 0.284279 0.282208 0.27906 0.280173 0.284892 0.289896 0.293567 0.297144 0.302317 0.308807 0.314106 0.314397 0.30546 0.28448 0.252968 0.217092 0.184184 0.159508 0.145568 0.142684 0.149416 0.162539 0.176958 0.186486 0.186457 0.177144 0.164348 0.156271 0.160516 0.183614 0.231915 0.311511 0.423563 0.545901 0.602881 0.541322 0.429599 0.326642 0.246403 0.187298 0.144766 0.114536 0.0932506 0.0784192 0.068212 0.0612575 0.0565135 0.0532251 0.0509228 0.0493959 0.0486075 0.0485747 0.0492672 0.0505677 0.0523181 0.0544508 0.0571819 0.0612016 0.0677663 0.0786264 0.0957581 0.120869 0.154615 0.195634 0.239972 0.281972 0.316564 0.340265 0.348732 0.336387 0.303889 0.261723 0.221483 0.188706 0.16367 0.144753 0.130606 0.120695 0.11485 0.112648 0.113178 0.115381 0.118763 0.124048 0.133341 0.149652 0.175662 0.211179 0.248856 0.271858 0.264349 0.229702 0.185624 0.145715 0.114691 0.0924337 0.0775618 0.0688911 0.0656115 0.0669631 0.071821 0.078456 0.0847417 0.088937 0.0906109 0.0908503 0.091479 0.0939962 0.0990148 0.10634 0.115436 0.126069 0.139037 0.156853 0.184099 0.227392 0.29534 0.399156 0.55384 0.772168 0.946735 0.769915 0.565439 0.427189 0.342317 0.296914 0.280616 0.284121 0.297407 0.310022 0.313215 0.302309 0.277752 0.244065 0.207271 0.172605 0.143578 0.122071 0.108731 0.10328 0.104632 0.110908 0.119596 0.128135 0.134914 0.140083 0.145414 0.153231 0.165281 0.182263 0.203837 0.228286 0.251689 0.268953 0.279278 0.29138 0.321385 0.386779 0.498283 0.621062 0.597176 0.437077 0.292844 0.193773 0.130964 0.0932316 0.0723059 0.0627013 0.060881 0.064545 0.072157 0.0827063 0.0956815 0.111228 0.130423 0.155483 0.189585 0.235736 0.294063 0.35818 0.416421 0.464437 0.510718 0.552366 0.555988 0.506395 0.442738 0.399905 0.384538 0.386601 0.388746 0.374513 0.337548 0.284659 0.228669 0.17958 0.141519 0.114068 0.0945403 0.0797758 0.0672989 0.0558108 0.0450524 0.0353042 0.0269096 0.0200331 0.0146329 0.0105299 0.0074898 0.00527885 0.00369312 0.00256765 0.00177535 0.00122132 0.000836129 0.000569741 
0.000178331 0.000274339 0.000420961 0.000643981 0.000981561 0.00148954 0.00224839 0.00337194 0.00501702 0.00739227 0.0107614 0.0154328 0.0217222 0.0298719 0.0399162 0.0515124 0.0638145 0.0755344 0.0852917 0.092121 0.0957458 0.0963611 0.0941913 0.08934 0.0820662 0.0731056 0.0636443 0.0549874 0.0482391 0.0441943 0.0434265 0.0464837 0.0541459 0.0677612 0.089717 0.124099 0.177523 0.25987 0.383288 0.550193 0.689578 0.653378 0.557221 0.523066 0.57935 0.741665 0.962883 0.849294 0.693674 0.663284 0.748882 0.908619 0.995409 0.858207 0.633377 0.445644 0.316932 0.236512 0.189901 0.165415 0.154511 0.15103 0.150808 0.151983 0.155515 0.164992 0.185354 0.221026 0.273852 0.340482 0.408406 0.452219 0.445338 0.391677 0.320691 0.253804 0.197779 0.152587 0.116611 0.088293 0.0663221 0.0495587 0.0370062 0.0278217 0.021321 0.0169701 0.0143728 0.0132622 0.0134975 0.015064 0.0180713 0.022744 0.029392 0.0383437 0.0498262 0.0638013 0.0798229 0.0970522 0.11456 0.13185 0.149214 0.167502 0.187351 0.208416 0.229156 0.247489 0.262456 0.275963 0.292346 0.314966 0.341901 0.36472 0.374103 0.36829 0.353454 0.336182 0.317418 0.292742 0.25832 0.216403 0.174013 0.137604 0.110128 0.0914071 0.0795745 0.0722667 0.0673486 0.0632918 0.0593029 0.0552741 0.0516252 0.0491 0.0485729 0.0509109 0.0569331 0.0675143 0.0839012 0.108299 0.144646 0.199094 0.278808 0.384903 0.490429 0.52621 0.478612 0.412916 0.359659 0.315524 0.27398 0.235368 0.203444 0.180387 0.165415 0.155799 0.148409 0.140943 0.132496 0.123413 0.114729 0.107659 0.10336 0.10282 0.106717 0.115239 0.127926 0.143517 0.159772 0.173511 0.181484 0.182252 0.177614 0.171817 0.169179 0.172095 0.180261 0.190957 0.200257 0.20464 0.201981 0.191905 0.176118 0.158025 0.141245 0.128472 0.12164 0.122815 0.134947 0.162124 0.208997 0.277881 0.359781 0.420361 0.420153 0.376819 0.335746 0.31649 0.316728 0.326553 0.338296 0.350352 0.363007 0.373328 0.375625 0.365578 0.344476 0.319085 0.296678 0.282013 0.278263 0.288248 0.314606 0.360404 0.430772 0.531386 0.649612 0.705085 0.632094 0.526761 0.456343 0.430121 0.44315 0.48788 0.551439 0.606503 0.614991 0.565805 0.4833 0.392783 0.309781 0.242812 0.195084 0.166188 0.153769 0.154586 0.164866 0.180432 0.19743 0.214141 0.23262 0.258016 0.295338 0.344668 0.39485 0.42158 0.407199 0.363398 0.312953 0.268031 0.231742 0.204675 0.187739 0.182728 0.192631 0.222375 0.279814 0.376068 0.521252 0.692286 0.729266 0.589913 0.453492 0.364627 0.318883 0.306376 0.315647 0.331151 0.33337 0.309739 0.266547 0.220103 0.181549 0.153918 0.135846 0.124946 0.119447 0.118482 0.121671 0.128672 0.139067 0.152507 0.168584 0.18615 0.202648 0.214806 0.220968 0.222739 0.223686 0.226597 0.232233 0.240173 0.250269 0.263031 0.278734 0.296441 0.313633 0.325839 0.326403 0.30934 0.275534 0.233869 0.194719 0.164707 0.14628 0.139049 0.140742 0.147655 0.155263 0.159453 0.158201 0.152781 0.147515 0.14835 0.161701 0.194411 0.254314 0.349771 0.48433 0.635163 0.71085 0.639986 0.506695 0.381934 0.283578 0.210949 0.159111 0.123086 0.0987719 0.0829366 0.0730375 0.0670492 0.0633799 0.0608918 0.0589618 0.0574655 0.0566176 0.0567187 0.0579164 0.0600693 0.0627604 0.0654923 0.0680584 0.0709523 0.0755824 0.0841507 0.0992794 0.123522 0.158711 0.204924 0.259027 0.313826 0.360279 0.3919 0.40341 0.387228 0.344073 0.289769 0.24047 0.202419 0.174727 0.154504 0.139624 0.129245 0.123141 0.120863 0.121403 0.123585 0.126989 0.132794 0.144027 0.165124 0.200765 0.252928 0.313581 0.355115 0.345294 0.291911 0.229405 0.177485 0.139491 0.112997 0.0953919 0.0852995 0.0822226 0.0857043 0.0944751 0.105822 0.115738 0.12051 0.119051 0.113554 0.107579 0.103757 0.102971 0.104891 0.108953 0.115197 0.124754 0.140046 0.164831 0.204181 0.264496 0.353286 0.47658 0.622602 0.705541 0.628457 0.496529 0.392308 0.32749 0.297407 0.295086 0.311799 0.335945 0.354364 0.356511 0.338433 0.303607 0.259992 0.215574 0.175811 0.143525 0.119781 0.104628 0.0974743 0.0971723 0.102008 0.10982 0.118513 0.126929 0.13555 0.146325 0.161625 0.183173 0.211807 0.247878 0.290282 0.332164 0.358534 0.359989 0.35121 0.360659 0.412145 0.517833 0.642748 0.614894 0.444919 0.295681 0.194372 0.130572 0.0924431 0.0713923 0.0617261 0.0597535 0.0630764 0.0701489 0.0800691 0.0925675 0.108185 0.128624 0.157136 0.198552 0.25817 0.33786 0.427733 0.502034 0.546181 0.580482 0.614413 0.611314 0.550586 0.476041 0.425879 0.407721 0.41237 0.421041 0.411246 0.370916 0.308508 0.242024 0.184171 0.139368 0.106872 0.0838517 0.0671991 0.0544184 0.0439267 0.0349584 0.0272651 0.0208063 0.0155539 0.0114196 0.00825834 0.0058985 0.00417056 0.00292438 0.00203632 0.00140945 0.000970349 0.000664776 0.000453331 
0.000152351 0.000233708 0.000357457 0.000544838 0.000827041 0.00124929 0.00187615 0.0027979 0.00413747 0.00605637 0.00875652 0.0124727 0.0174486 0.0238888 0.0318864 0.041344 0.0519293 0.0631212 0.0743497 0.0851131 0.0948768 0.10273 0.107177 0.106614 0.100465 0.0899412 0.0775652 0.0659738 0.0570882 0.0520003 0.0512668 0.0552824 0.0646259 0.0804465 0.105032 0.142713 0.201213 0.293624 0.441436 0.679094 1.03795 0.809887 0.605795 0.525865 0.547198 0.653355 0.766213 0.717206 0.617074 0.592523 0.657394 0.779752 0.840012 0.721463 0.540127 0.388535 0.282612 0.215575 0.176857 0.157135 0.149134 0.147371 0.148077 0.149615 0.15298 0.161531 0.179592 0.210392 0.253825 0.30441 0.350637 0.377803 0.375646 0.345982 0.300227 0.249931 0.202078 0.159813 0.124183 0.0951662 0.0721654 0.0543261 0.0407629 0.0306862 0.0234408 0.0185024 0.0154684 0.0140563 0.0141091 0.015604 0.0186576 0.0235209 0.0305495 0.0401276 0.0525243 0.0676895 0.0850643 0.103581 0.12203 0.139701 0.156805 0.174151 0.192278 0.210852 0.228876 0.245441 0.260647 0.276332 0.295667 0.320658 0.348247 0.369018 0.374091 0.36495 0.350741 0.337084 0.321488 0.297501 0.262062 0.218942 0.175638 0.138404 0.11004 0.0904163 0.0778162 0.0700272 0.0649961 0.0611728 0.0576579 0.0542118 0.0511532 0.049182 0.0491813 0.0520646 0.0587279 0.0701714 0.0878877 0.11464 0.155678 0.220255 0.322911 0.481809 0.690326 0.740609 0.567394 0.422468 0.330022 0.270337 0.22826 0.196784 0.17377 0.158314 0.148964 0.143592 0.139986 0.136515 0.132451 0.127872 0.123363 0.119822 0.11838 0.12019 0.125998 0.135694 0.148178 0.161589 0.173759 0.182679 0.187061 0.18708 0.18481 0.183687 0.187065 0.196575 0.21081 0.225069 0.233275 0.23156 0.220015 0.201272 0.178818 0.156291 0.136831 0.122629 0.11523 0.11629 0.128224 0.154417 0.198558 0.261776 0.335013 0.389943 0.39755 0.371984 0.349944 0.3488 0.364014 0.380106 0.386741 0.38973 0.401423 0.42537 0.450343 0.45656 0.436402 0.401913 0.366385 0.335494 0.312761 0.303224 0.312524 0.346204 0.410493 0.51005 0.629492 0.689243 0.626049 0.527475 0.458167 0.428476 0.43385 0.465604 0.509753 0.543167 0.539694 0.493438 0.422506 0.346689 0.277963 0.222607 0.1833 0.160186 0.151775 0.155595 0.168491 0.18684 0.207369 0.228851 0.253496 0.286165 0.331316 0.388316 0.444065 0.46862 0.440005 0.376556 0.309704 0.254737 0.214389 0.187435 0.17263 0.169874 0.180597 0.208014 0.256932 0.331689 0.428602 0.518331 0.542736 0.488327 0.406767 0.33749 0.293598 0.275223 0.275796 0.28347 0.283495 0.266485 0.235889 0.202649 0.175024 0.155475 0.142842 0.135177 0.131371 0.131239 0.134659 0.1408 0.148198 0.155609 0.162693 0.16965 0.176284 0.181766 0.185442 0.187696 0.189888 0.193613 0.200158 0.210491 0.225389 0.245209 0.269362 0.296035 0.322192 0.342822 0.349739 0.334687 0.298112 0.251085 0.206257 0.171181 0.148308 0.136911 0.134357 0.13685 0.140323 0.141754 0.140319 0.137683 0.137406 0.144166 0.16344 0.201799 0.267233 0.367951 0.505531 0.654291 0.737374 0.691908 0.564475 0.42857 0.316778 0.23356 0.17457 0.134406 0.108407 0.0927595 0.0842905 0.0802647 0.078349 0.0768087 0.0748057 0.0724885 0.0706864 0.0703569 0.0720727 0.0757075 0.0803672 0.0846706 0.087486 0.088889 0.0906898 0.0961391 0.109202 0.13399 0.174308 0.232492 0.30605 0.382104 0.43839 0.462144 0.457515 0.426163 0.37128 0.309345 0.25617 0.216626 0.188392 0.167657 0.151968 0.140552 0.133376 0.130119 0.12976 0.131045 0.133584 0.138853 0.150484 0.17383 0.214956 0.2778 0.355326 0.412849 0.402662 0.337065 0.264871 0.208157 0.167564 0.138605 0.118333 0.106251 0.103094 0.109367 0.124024 0.14315 0.159545 0.165562 0.158834 0.144167 0.128704 0.116979 0.110072 0.107139 0.107125 0.109821 0.116193 0.128246 0.148756 0.181046 0.228629 0.294045 0.37496 0.454347 0.493038 0.465382 0.401149 0.340983 0.303525 0.293291 0.308772 0.343689 0.385875 0.418467 0.425408 0.399612 0.348502 0.287874 0.230489 0.182361 0.145012 0.118067 0.100562 0.0913487 0.089095 0.092217 0.0989609 0.107822 0.118248 0.131178 0.148804 0.173535 0.20694 0.249932 0.304564 0.373895 0.451406 0.49993 0.478718 0.421796 0.386405 0.396204 0.447623 0.499649 0.472562 0.367651 0.258341 0.176146 0.121735 0.0886424 0.07064 0.0630453 0.062536 0.0667734 0.0741711 0.0838469 0.0957085 0.110656 0.13094 0.160615 0.205752 0.273534 0.367952 0.47755 0.562126 0.592577 0.600625 0.609654 0.596866 0.546787 0.486719 0.446782 0.4377 0.454938 0.479369 0.478023 0.428832 0.347638 0.263985 0.194021 0.141244 0.103536 0.0772283 0.0588042 0.0455129 0.0354832 0.0275945 0.0212457 0.0161258 0.0120486 0.00886536 0.00643292 0.00461147 0.00327157 0.00230061 0.00160571 0.00111347 0.000767737 0.000526649 0.00035957 
0.000129451 0.000198005 0.00030188 0.000458507 0.000693325 0.00104298 0.00155945 0.002315 0.00340767 0.00496632 0.00715362 0.0101643 0.0142163 0.0195322 0.0263168 0.0347402 0.0449471 0.0570966 0.071385 0.0879062 0.106156 0.124168 0.137948 0.14264 0.135853 0.120024 0.100717 0.0830972 0.0702109 0.0632659 0.0625116 0.0679204 0.079579 0.097996 0.124621 0.162803 0.219152 0.30488 0.435985 0.624906 0.799942 0.715573 0.561792 0.478044 0.465518 0.501249 0.5359 0.521249 0.484042 0.47705 0.517146 0.581324 0.603198 0.534861 0.422103 0.319113 0.243821 0.195621 0.168437 0.155548 0.151061 0.15035 0.150395 0.150282 0.151483 0.157387 0.171931 0.197772 0.234483 0.277296 0.317529 0.345337 0.353403 0.339498 0.307163 0.26389 0.21755 0.173829 0.13577 0.10437 0.0793597 0.0598941 0.0450229 0.0339048 0.025852 0.0203122 0.0168498 0.0151461 0.0150106 0.0163951 0.0194044 0.0242945 0.0314428 0.0412661 0.0540611 0.0697678 0.0877398 0.106724 0.125278 0.142527 0.158657 0.174529 0.190722 0.207043 0.222972 0.238403 0.253977 0.271177 0.292026 0.317454 0.34424 0.364033 0.369886 0.365071 0.359105 0.355445 0.346929 0.323117 0.282005 0.231939 0.183444 0.143127 0.113095 0.0925875 0.0795425 0.0715864 0.0665702 0.0628502 0.0594333 0.0560125 0.052886 0.0507718 0.050585 0.053263 0.0597129 0.0709446 0.0884867 0.115213 0.156676 0.222967 0.33116 0.508555 0.792728 0.874121 0.584275 0.403819 0.296576 0.231973 0.191538 0.165338 0.148491 0.138418 0.133261 0.13133 0.131131 0.131577 0.132066 0.132403 0.132733 0.133687 0.136495 0.142652 0.153064 0.16718 0.182794 0.196836 0.206767 0.211519 0.211537 0.208518 0.205281 0.205366 0.212016 0.226564 0.246485 0.264347 0.270639 0.260698 0.23785 0.208854 0.179235 0.152518 0.130865 0.115554 0.107458 0.107612 0.117617 0.139637 0.175591 0.224748 0.279241 0.321936 0.339104 0.339663 0.346093 0.37148 0.409892 0.438956 0.443747 0.441206 0.460159 0.513003 0.580964 0.610757 0.578114 0.521668 0.467227 0.415465 0.367668 0.332399 0.318684 0.332266 0.376093 0.447994 0.528631 0.570027 0.542633 0.483343 0.433372 0.407773 0.407166 0.424841 0.448472 0.461607 0.449786 0.410803 0.355312 0.296369 0.243043 0.200431 0.170904 0.154884 0.151412 0.15859 0.173873 0.194429 0.218004 0.244261 0.275495 0.315323 0.36553 0.422164 0.470722 0.485008 0.448554 0.379339 0.307121 0.24786 0.205176 0.177755 0.163442 0.160869 0.170088 0.192698 0.231167 0.286416 0.352596 0.411062 0.435214 0.413821 0.362689 0.307186 0.264651 0.240752 0.23258 0.23202 0.229311 0.218361 0.200419 0.181374 0.166137 0.156057 0.14989 0.146111 0.144515 0.145987 0.150939 0.158009 0.164358 0.16764 0.167841 0.166897 0.166699 0.167839 0.169885 0.172303 0.175157 0.17938 0.186706 0.199266 0.218857 0.245915 0.278566 0.312613 0.342884 0.364085 0.369425 0.352086 0.313036 0.263246 0.215239 0.176643 0.150079 0.134957 0.12878 0.128004 0.129042 0.129477 0.12891 0.128908 0.132369 0.14303 0.165525 0.205863 0.271764 0.371664 0.509498 0.669633 0.788164 0.764303 0.620617 0.465117 0.340946 0.250622 0.187836 0.146302 0.120966 0.107711 0.102899 0.102981 0.104455 0.104453 0.101713 0.0970352 0.092613 0.0907735 0.0929597 0.0991744 0.107727 0.115498 0.119319 0.118278 0.115061 0.115003 0.124253 0.148958 0.195509 0.270186 0.374608 0.489787 0.558723 0.547672 0.498221 0.43932 0.375539 0.315083 0.266585 0.231409 0.205805 0.185615 0.168763 0.155175 0.14545 0.139653 0.136938 0.1361 0.136757 0.140395 0.150611 0.172586 0.211977 0.272055 0.345469 0.400555 0.396416 0.343363 0.283367 0.235695 0.199678 0.170574 0.147059 0.131408 0.126892 0.135748 0.157739 0.187946 0.214568 0.222787 0.207738 0.179572 0.151563 0.130561 0.117346 0.110071 0.106837 0.106899 0.110813 0.120012 0.136283 0.161353 0.196385 0.2409 0.290468 0.333828 0.354942 0.346208 0.31839 0.290371 0.276528 0.284691 0.317725 0.373248 0.44156 0.50363 0.530196 0.496598 0.416636 0.327217 0.250212 0.190683 0.147017 0.116386 0.0963498 0.0849992 0.0807277 0.0820446 0.0875972 0.096488 0.1088 0.125953 0.150416 0.184629 0.229783 0.286306 0.358067 0.456869 0.591448 0.698719 0.626606 0.486469 0.393892 0.356831 0.356169 0.359394 0.332444 0.272345 0.20427 0.147569 0.10767 0.0831123 0.0706418 0.06707 0.0696442 0.0760334 0.084416 0.0937599 0.104127 0.116855 0.134703 0.1621 0.205247 0.271147 0.363267 0.469575 0.550348 0.576195 0.575049 0.572634 0.560842 0.530472 0.493444 0.469754 0.472401 0.50251 0.542559 0.549442 0.489327 0.387933 0.287214 0.205618 0.145322 0.102823 0.0735658 0.0535245 0.0396216 0.0297157 0.0224253 0.0169102 0.012672 0.00940519 0.00690326 0.00500982 0.00359691 0.0025574 0.00180262 0.00126096 0.000876171 0.000605202 0.000415819 0.000284321 
0.000109524 0.000167076 0.000253995 0.000384614 0.000579777 0.000869438 0.00129604 0.00191874 0.00281839 0.004103 0.00591337 0.00842832 0.0118701 0.016512 0.0226953 0.0308647 0.0416328 0.0558618 0.074689 0.0992935 0.130005 0.164302 0.194284 0.207673 0.197106 0.168584 0.135255 0.106939 0.0876966 0.0781347 0.0776366 0.0854302 0.10085 0.123294 0.152438 0.189209 0.237252 0.3031 0.39214 0.494927 0.562178 0.538141 0.46346 0.40235 0.374924 0.373381 0.376641 0.368588 0.35582 0.356177 0.376361 0.402887 0.407058 0.371903 0.312491 0.253823 0.20953 0.182172 0.168775 0.164415 0.164075 0.163766 0.161369 0.157156 0.153666 0.154818 0.164569 0.185587 0.218194 0.259808 0.305111 0.346387 0.373134 0.374142 0.34615 0.298462 0.244522 0.193615 0.149983 0.114624 0.0868794 0.0654963 0.0492385 0.037103 0.0283147 0.0222623 0.0184576 0.0165307 0.0162423 0.0175013 0.0203785 0.0251064 0.0320504 0.0416256 0.0541305 0.0694967 0.087037 0.105411 0.123057 0.139018 0.153483 0.167398 0.181503 0.195875 0.210399 0.225357 0.241429 0.259447 0.280206 0.303637 0.327133 0.345485 0.355706 0.36247 0.374001 0.390496 0.397139 0.374283 0.321386 0.257244 0.198744 0.152924 0.12036 0.0989174 0.0856882 0.0778164 0.0728663 0.0690223 0.0652124 0.0611394 0.0571763 0.0541336 0.0529848 0.0546631 0.0600072 0.0698983 0.0856441 0.109675 0.146536 0.203913 0.292714 0.421925 0.566816 0.592595 0.467901 0.340122 0.251319 0.195163 0.160683 0.139905 0.12796 0.121961 0.120069 0.120976 0.123718 0.12762 0.132221 0.13719 0.142452 0.14861 0.157258 0.170501 0.189576 0.213244 0.237158 0.255489 0.264412 0.264096 0.25736 0.247768 0.239238 0.236022 0.241852 0.258171 0.281603 0.302023 0.306069 0.287893 0.254087 0.21541 0.179156 0.148642 0.125046 0.108688 0.0996919 0.0984073 0.105593 0.122256 0.148913 0.184074 0.222469 0.255781 0.279282 0.298909 0.327642 0.374037 0.431024 0.471687 0.477656 0.475644 0.508926 0.603013 0.744062 0.814515 0.744499 0.658439 0.589526 0.517131 0.438835 0.37232 0.331782 0.321582 0.340041 0.380247 0.426147 0.453375 0.447946 0.420445 0.390457 0.371107 0.366555 0.373198 0.382023 0.38232 0.36655 0.334476 0.29252 0.248935 0.210174 0.18019 0.160902 0.152703 0.154866 0.165874 0.183726 0.206427 0.232893 0.263979 0.302447 0.350624 0.406184 0.459151 0.493192 0.491372 0.448314 0.379153 0.306827 0.246196 0.202175 0.174114 0.159495 0.155994 0.162522 0.179544 0.208479 0.249777 0.299609 0.34654 0.3727 0.364455 0.326048 0.276825 0.234515 0.206623 0.192224 0.185993 0.181718 0.175503 0.167408 0.160072 0.155737 0.154437 0.154497 0.154611 0.15548 0.159196 0.166834 0.176443 0.183466 0.184132 0.178936 0.171981 0.167304 0.166542 0.169042 0.173096 0.17736 0.182126 0.189872 0.204546 0.229819 0.266814 0.311622 0.354444 0.384144 0.395499 0.388256 0.362178 0.319791 0.269337 0.220546 0.180087 0.150768 0.13248 0.123209 0.119933 0.119617 0.120246 0.121433 0.124296 0.130938 0.144176 0.167777 0.207027 0.26928 0.363958 0.501142 0.685515 0.876856 0.859131 0.658206 0.479152 0.348859 0.257847 0.196256 0.157171 0.135731 0.128105 0.130588 0.138712 0.146906 0.149785 0.144997 0.134847 0.124531 0.119035 0.121332 0.131791 0.147616 0.162526 0.168899 0.163426 0.150834 0.140688 0.142345 0.163764 0.213272 0.301438 0.439267 0.616556 0.714694 0.630887 0.51643 0.428729 0.361965 0.311099 0.274845 0.249638 0.229763 0.210848 0.1919 0.174382 0.160094 0.149786 0.142972 0.138637 0.136401 0.137458 0.144743 0.162302 0.194014 0.240906 0.295565 0.336948 0.343191 0.319613 0.289114 0.262956 0.238184 0.210195 0.18137 0.159192 0.150714 0.160195 0.188479 0.230304 0.26912 0.280154 0.25466 0.210991 0.170039 0.140338 0.121717 0.111121 0.105795 0.104432 0.10712 0.114704 0.128097 0.14777 0.173363 0.203181 0.233441 0.258001 0.270398 0.268586 0.257863 0.248211 0.249776 0.270711 0.316741 0.390591 0.490808 0.60666 0.689474 0.644033 0.504791 0.370658 0.26944 0.197828 0.148099 0.11414 0.0918754 0.0786299 0.0725277 0.072149 0.0764762 0.0851076 0.0986169 0.118761 0.148143 0.189071 0.242025 0.305914 0.383849 0.491883 0.653625 0.813103 0.690794 0.496687 0.372491 0.307409 0.277328 0.258367 0.23239 0.195064 0.154084 0.118497 0.0928824 0.0779526 0.0725438 0.0747484 0.0822304 0.0923233 0.102469 0.111118 0.118518 0.126775 0.139383 0.160869 0.196571 0.251526 0.326716 0.411393 0.47994 0.515572 0.532068 0.544916 0.550696 0.541512 0.52196 0.507884 0.514263 0.545341 0.584876 0.58931 0.524131 0.414951 0.305429 0.216088 0.149982 0.103533 0.0717926 0.0503517 0.0358376 0.025876 0.0188892 0.013871 0.0101948 0.0074684 0.00543797 0.00392946 0.00281618 0.0020019 0.0014121 0.000988984 0.000688168 0.000476046 0.000327559 0.000224294 
9.23913e-05 0.000140625 0.000213303 0.000322287 0.000484836 0.00072581 0.00108064 0.0015992 0.00235092 0.00343124 0.00497024 0.00714451 0.0101949 0.0144558 0.0204049 0.0287474 0.0405505 0.0574291 0.0817313 0.116511 0.164644 0.225466 0.286776 0.318495 0.296853 0.239984 0.180943 0.136126 0.108422 0.0960552 0.096723 0.108703 0.130585 0.160385 0.194887 0.230748 0.267601 0.309145 0.357826 0.405524 0.43049 0.416005 0.37373 0.329285 0.297925 0.280637 0.270482 0.261529 0.254778 0.255122 0.26363 0.273462 0.273247 0.257073 0.23051 0.204575 0.187243 0.180814 0.183056 0.189178 0.193863 0.193156 0.185886 0.17416 0.162508 0.156142 0.159508 0.175643 0.206151 0.251438 0.310578 0.378602 0.438489 0.458181 0.421385 0.351814 0.278613 0.214852 0.163432 0.123501 0.0930503 0.0699995 0.0526603 0.0398064 0.0305526 0.0242204 0.0202662 0.018264 0.0179176 0.0190786 0.0217612 0.0261441 0.0325441 0.0413357 0.0527898 0.0668314 0.0827964 0.0993959 0.11513 0.129077 0.141424 0.153148 0.165154 0.177842 0.19143 0.206329 0.222988 0.241532 0.261651 0.282487 0.302422 0.319849 0.335945 0.356778 0.389559 0.432077 0.460416 0.439341 0.370176 0.288461 0.218601 0.167037 0.132195 0.110296 0.0973728 0.0898832 0.0849547 0.0805618 0.0756324 0.0700226 0.0643208 0.0595183 0.0566682 0.0566615 0.0601859 0.0678701 0.0806041 0.100016 0.128963 0.171544 0.231371 0.305108 0.368762 0.378642 0.32789 0.258404 0.200104 0.159569 0.134046 0.119276 0.111809 0.109282 0.110163 0.113477 0.118621 0.125221 0.13301 0.141767 0.151567 0.163383 0.179544 0.203192 0.236397 0.277269 0.317655 0.34548 0.35369 0.345376 0.32776 0.306621 0.287021 0.274498 0.27382 0.286656 0.308896 0.328654 0.330253 0.306794 0.266097 0.220898 0.179696 0.146004 0.120562 0.103045 0.0929586 0.0900421 0.0943687 0.106143 0.125176 0.150122 0.178022 0.20535 0.231075 0.259199 0.297006 0.3488 0.407036 0.448732 0.460221 0.46775 0.514488 0.631644 0.81654 0.921316 0.839994 0.760786 0.702229 0.618087 0.509306 0.412343 0.347466 0.316167 0.312535 0.327795 0.350245 0.36665 0.368402 0.356462 0.338778 0.324141 0.317254 0.316833 0.317087 0.311266 0.295313 0.269811 0.239123 0.208742 0.183178 0.165265 0.15629 0.156321 0.164571 0.179722 0.200241 0.224908 0.253791 0.28925 0.335524 0.395115 0.462021 0.517867 0.54152 0.52392 0.46963 0.393896 0.316433 0.251581 0.204795 0.175339 0.159881 0.154938 0.15829 0.169585 0.189904 0.220162 0.258507 0.297286 0.322028 0.318464 0.286778 0.242789 0.202707 0.174048 0.156979 0.148135 0.143565 0.140711 0.13915 0.139797 0.14321 0.148405 0.153292 0.156688 0.15996 0.166109 0.176726 0.189371 0.197948 0.197383 0.188785 0.178448 0.172401 0.17312 0.179489 0.188103 0.195394 0.200569 0.207457 0.223269 0.255315 0.307227 0.373496 0.433398 0.459877 0.448413 0.41565 0.372998 0.323968 0.272235 0.223202 0.181686 0.150352 0.129539 0.117799 0.11272 0.111825 0.11339 0.116852 0.122692 0.132104 0.146911 0.169917 0.205461 0.259941 0.342044 0.462089 0.626377 0.796627 0.785753 0.611922 0.452043 0.334884 0.253164 0.198779 0.166345 0.1524 0.154387 0.1694 0.192266 0.213739 0.222377 0.212627 0.190554 0.168143 0.15505 0.156289 0.172859 0.200999 0.229592 0.241673 0.228047 0.198602 0.17161 0.160574 0.173697 0.218472 0.305257 0.44702 0.639788 0.746612 0.627696 0.490799 0.397949 0.339391 0.304324 0.28528 0.274143 0.26234 0.244875 0.222472 0.199075 0.178238 0.161599 0.149139 0.140117 0.134137 0.131925 0.13543 0.147244 0.169453 0.201722 0.238722 0.269754 0.286074 0.29049 0.292273 0.292855 0.282813 0.255283 0.217956 0.185889 0.170295 0.176625 0.205944 0.25274 0.297884 0.310096 0.277804 0.224945 0.176791 0.142391 0.120917 0.108751 0.102776 0.101391 0.10434 0.11198 0.124507 0.141419 0.161328 0.182041 0.200765 0.214487 0.220976 0.220404 0.216339 0.215068 0.224025 0.250658 0.302072 0.385476 0.510315 0.690961 0.907678 0.823856 0.576756 0.397755 0.278767 0.199696 0.146536 0.110685 0.0870174 0.0724162 0.0648738 0.0630502 0.0661646 0.0741172 0.0877076 0.108713 0.139498 0.181847 0.23524 0.296628 0.365476 0.450451 0.557155 0.629712 0.560204 0.425327 0.318951 0.252529 0.213757 0.188077 0.164798 0.139912 0.115199 0.0944583 0.0805835 0.074864 0.077337 0.0870223 0.101724 0.117827 0.131038 0.138506 0.140814 0.141698 0.146099 0.158783 0.18396 0.224639 0.280483 0.344742 0.405483 0.456364 0.503189 0.551084 0.590645 0.604581 0.592383 0.575223 0.573544 0.593227 0.618942 0.61276 0.545684 0.435423 0.320959 0.225589 0.154595 0.104825 0.0710374 0.0484528 0.0334112 0.0233347 0.0164952 0.0117712 0.00844917 0.00607735 0.00436656 0.00312655 0.00222761 0.00157802 0.0011111 0.000777658 0.000541155 0.000374544 0.000257924 0.000176785 
7.78094e-05 0.000118241 0.00017909 0.000270276 0.000406282 0.000608117 0.000906041 0.00134337 0.00198178 0.00290893 0.00424958 0.00618263 0.00896842 0.0129937 0.0188475 0.0274474 0.0402474 0.0595622 0.089034 0.134179 0.202544 0.301276 0.423 0.501809 0.447373 0.329691 0.230754 0.165756 0.129579 0.115542 0.119089 0.137792 0.170159 0.213282 0.259869 0.298715 0.323369 0.339067 0.353855 0.366538 0.367156 0.348133 0.313345 0.27445 0.241228 0.217051 0.200459 0.189074 0.182258 0.180546 0.183219 0.186989 0.187605 0.183431 0.177398 0.175054 0.180924 0.195969 0.216713 0.236189 0.246874 0.244103 0.228053 0.20388 0.179508 0.162309 0.157411 0.168096 0.197083 0.247874 0.325397 0.432685 0.551987 0.604284 0.530579 0.412382 0.30932 0.230339 0.17157 0.128161 0.0960792 0.0722626 0.054573 0.0415906 0.0323472 0.0261188 0.0223214 0.0204819 0.0202461 0.0213968 0.0238715 0.0277683 0.0333249 0.0408462 0.050559 0.0623962 0.0757887 0.0896445 0.102705 0.114205 0.124323 0.133964 0.144096 0.155366 0.168234 0.183132 0.200262 0.219224 0.238966 0.258185 0.276184 0.294038 0.315705 0.347864 0.396401 0.457163 0.501019 0.482622 0.404745 0.313842 0.238323 0.184253 0.14906 0.128062 0.116435 0.109825 0.104761 0.0990248 0.0917746 0.0833273 0.0747236 0.0672428 0.0620144 0.0598215 0.0611098 0.0661584 0.0753505 0.0894648 0.109814 0.137841 0.173509 0.211966 0.24061 0.244561 0.222028 0.186779 0.153174 0.127848 0.111588 0.102823 0.0995892 0.100245 0.103628 0.109002 0.11597 0.124378 0.134226 0.145669 0.159317 0.176902 0.201837 0.238841 0.291893 0.359727 0.428995 0.474282 0.480801 0.46003 0.427255 0.388769 0.35026 0.320414 0.306414 0.310146 0.326482 0.342647 0.34258 0.318265 0.275688 0.227177 0.182314 0.145621 0.118101 0.0991568 0.0878206 0.0833315 0.0852597 0.0933424 0.107138 0.125657 0.147305 0.17056 0.195322 0.223802 0.25944 0.303286 0.348998 0.382961 0.399849 0.418075 0.467516 0.568173 0.705772 0.79529 0.792689 0.774629 0.748937 0.669123 0.547388 0.436379 0.359577 0.315977 0.297318 0.294832 0.30023 0.305735 0.305531 0.297836 0.285414 0.273347 0.265262 0.260972 0.257065 0.249418 0.235797 0.217045 0.196403 0.177819 0.164532 0.15844 0.16003 0.168647 0.183023 0.201839 0.224067 0.249327 0.278803 0.316516 0.369151 0.441674 0.527157 0.598175 0.624287 0.599348 0.530618 0.435605 0.340873 0.264628 0.211821 0.179726 0.163004 0.156451 0.156546 0.162182 0.174244 0.193988 0.220607 0.248596 0.266816 0.263864 0.238869 0.20304 0.168953 0.143185 0.1267 0.117648 0.113609 0.112912 0.115018 0.120016 0.127588 0.13626 0.143897 0.149522 0.154753 0.162783 0.17528 0.189633 0.199288 0.198875 0.190044 0.18035 0.177101 0.183537 0.198206 0.215469 0.22799 0.232731 0.23578 0.249738 0.287647 0.35867 0.460452 0.557529 0.579957 0.525508 0.45334 0.38805 0.329238 0.274377 0.22438 0.181939 0.149184 0.126619 0.113222 0.107093 0.106222 0.109082 0.114875 0.123427 0.135006 0.150426 0.171464 0.201318 0.244772 0.307717 0.394837 0.501048 0.588429 0.585202 0.495623 0.39026 0.302888 0.238844 0.196534 0.174119 0.170698 0.186158 0.219998 0.267931 0.315486 0.336407 0.314881 0.267809 0.222888 0.19624 0.193851 0.217033 0.262174 0.313233 0.33636 0.308744 0.25274 0.20255 0.175091 0.175853 0.20809 0.276168 0.382003 0.504873 0.563684 0.50751 0.418485 0.351333 0.312856 0.297848 0.298401 0.303518 0.301217 0.285298 0.258647 0.228352 0.199975 0.176082 0.157163 0.14279 0.132553 0.126678 0.12616 0.132372 0.146276 0.167392 0.192999 0.218934 0.242925 0.267209 0.294582 0.319054 0.322921 0.294822 0.248072 0.205526 0.181373 0.180782 0.203585 0.243285 0.281588 0.291015 0.261545 0.213115 0.168039 0.135177 0.114408 0.102796 0.0976597 0.0975496 0.102113 0.111404 0.125072 0.141797 0.159263 0.174792 0.18625 0.192559 0.193797 0.191373 0.188292 0.189086 0.19936 0.225331 0.27376 0.35265 0.4732 0.650155 0.856847 0.785742 0.555529 0.384534 0.269901 0.193164 0.141107 0.105575 0.081687 0.066458 0.0579788 0.0550291 0.0569697 0.0638028 0.0762746 0.0958387 0.12422 0.162328 0.208723 0.259265 0.310469 0.362926 0.41249 0.432495 0.394633 0.320568 0.249596 0.197373 0.162445 0.138292 0.119152 0.102213 0.0875632 0.076855 0.0719826 0.0744484 0.0851428 0.103939 0.128717 0.15422 0.172713 0.178463 0.172756 0.162756 0.156161 0.158308 0.172394 0.200077 0.241123 0.292921 0.352159 0.419215 0.499622 0.595767 0.688284 0.730886 0.713518 0.68091 0.663367 0.669454 0.689354 0.681757 0.603188 0.472839 0.341516 0.235675 0.158869 0.105988 0.070564 0.0471524 0.0317506 0.0215961 0.0148498 0.0103148 0.00722356 0.00508705 0.00359268 0.00253832 0.00179063 0.00125949 0.000882516 0.000615712 0.000427634 0.000295668 0.000203527 0.000139509 
6.54951e-05 9.94387e-05 0.000150524 0.000227131 0.000341581 0.000511913 0.000764463 0.0011376 0.00168723 0.00249512 0.00368162 0.00542588 0.0079986 0.0118163 0.0175319 0.0261873 0.039469 0.060133 0.0927033 0.144589 0.227775 0.360843 0.566835 0.786764 0.618976 0.403949 0.266809 0.187417 0.147105 0.134318 0.142964 0.17083 0.217848 0.282337 0.353032 0.403467 0.413619 0.398449 0.381851 0.368635 0.350644 0.3212 0.282053 0.240672 0.204102 0.175636 0.155226 0.14148 0.133191 0.129553 0.129556 0.131702 0.134739 0.139004 0.147117 0.163182 0.190736 0.229926 0.274533 0.311698 0.328306 0.319109 0.287823 0.244787 0.202823 0.171808 0.15705 0.161283 0.187355 0.240553 0.330571 0.471679 0.667573 0.783696 0.626581 0.448269 0.320508 0.232237 0.170452 0.126502 0.0947761 0.0715895 0.0545785 0.0422571 0.0336458 0.0280202 0.0247849 0.0234347 0.0235585 0.0248597 0.0271801 0.0305162 0.0350102 0.0408923 0.0483569 0.0573827 0.0675678 0.078121 0.0881368 0.0970793 0.105118 0.113005 0.121636 0.13175 0.143914 0.158543 0.175683 0.194694 0.214247 0.233017 0.251029 0.270832 0.297456 0.336713 0.391353 0.453579 0.495482 0.480747 0.412336 0.328697 0.256937 0.205213 0.172542 0.154657 0.146117 0.141366 0.135903 0.127357 0.115666 0.102266 0.0890684 0.0777575 0.0694719 0.0647544 0.0636797 0.0660866 0.0718352 0.0809987 0.0938587 0.11052 0.129984 0.148938 0.161612 0.162661 0.151725 0.134037 0.116135 0.102226 0.0937081 0.0902593 0.0908738 0.0944634 0.100122 0.107225 0.115471 0.124885 0.135815 0.148976 0.165745 0.188765 0.222583 0.273694 0.349066 0.450888 0.562644 0.636103 0.640021 0.607119 0.561844 0.501181 0.431955 0.373684 0.3394 0.33083 0.341038 0.355975 0.358154 0.336136 0.292429 0.239501 0.18939 0.148406 0.117968 0.0971373 0.084408 0.0785264 0.0786681 0.0842978 0.0948987 0.109726 0.127761 0.148018 0.170131 0.194716 0.222807 0.254034 0.284621 0.308812 0.326369 0.348298 0.39081 0.462553 0.551777 0.625823 0.668959 0.694358 0.691876 0.632053 0.5311 0.434794 0.365059 0.321138 0.295212 0.280299 0.271588 0.265274 0.258095 0.248266 0.23645 0.225112 0.216354 0.210201 0.204715 0.19752 0.187493 0.175576 0.164354 0.156929 0.155821 0.162205 0.175486 0.193469 0.21347 0.233838 0.254532 0.276664 0.302712 0.338027 0.391354 0.4707 0.571743 0.665451 0.717731 0.715113 0.636947 0.50413 0.376299 0.281306 0.219912 0.184497 0.166442 0.15842 0.155532 0.155929 0.160258 0.169868 0.184499 0.200347 0.209929 0.205939 0.187513 0.161218 0.13526 0.114666 0.100813 0.0929731 0.089812 0.0902876 0.0939031 0.10039 0.109078 0.118492 0.126849 0.133476 0.139824 0.148551 0.160932 0.174608 0.184023 0.184903 0.179204 0.174267 0.177634 0.193319 0.220091 0.249974 0.269899 0.272586 0.267461 0.274567 0.313058 0.398132 0.536951 0.691342 0.709623 0.595378 0.484306 0.400404 0.333415 0.275312 0.22411 0.181029 0.147602 0.124258 0.110179 0.103799 0.103411 0.107592 0.11532 0.12586 0.138684 0.15371 0.171782 0.195003 0.226506 0.269405 0.324171 0.383188 0.424992 0.424282 0.381482 0.321342 0.264616 0.220506 0.192221 0.18135 0.189833 0.220769 0.278079 0.362812 0.458963 0.507981 0.458195 0.362686 0.282564 0.236511 0.226707 0.252855 0.312263 0.387127 0.42426 0.37933 0.294824 0.223276 0.181359 0.169852 0.18689 0.230467 0.294519 0.359572 0.391062 0.373628 0.333382 0.29986 0.285213 0.290268 0.309164 0.329756 0.337207 0.323905 0.294465 0.258654 0.223763 0.193277 0.168293 0.148755 0.134258 0.124624 0.120151 0.121451 0.128999 0.142674 0.161639 0.185018 0.213184 0.247919 0.288861 0.326131 0.338003 0.310974 0.260564 0.212552 0.181931 0.173142 0.18469 0.209586 0.233333 0.237899 0.216889 0.181672 0.147085 0.120675 0.103572 0.0942765 0.0911009 0.0931156 0.100129 0.1121 0.12832 0.146746 0.164058 0.17685 0.183294 0.183724 0.179878 0.174073 0.169107 0.168455 0.176278 0.197264 0.236467 0.299136 0.389371 0.501598 0.589502 0.563855 0.449604 0.333692 0.243773 0.178523 0.131881 0.0988287 0.0759153 0.060812 0.0519226 0.0481897 0.0490489 0.0544596 0.0649268 0.0813838 0.104764 0.135133 0.170627 0.207328 0.241238 0.270074 0.290034 0.291746 0.268309 0.227332 0.184079 0.148219 0.121691 0.102507 0.0880838 0.0768986 0.0688622 0.0649639 0.0667711 0.0760905 0.0946707 0.123474 0.160857 0.199654 0.22647 0.229959 0.212831 0.188649 0.1693 0.160638 0.164716 0.182174 0.2132 0.257991 0.317952 0.397732 0.506124 0.65097 0.812031 0.892819 0.86428 0.820926 0.788111 0.78035 0.81793 0.847714 0.732333 0.534852 0.366094 0.244377 0.161309 0.105998 0.0696341 0.0458784 0.030392 0.0202822 0.0136519 0.00927092 0.0063482 0.00437719 0.00303375 0.0021094 0.00146871 0.00102242 0.000710733 0.000492932 0.00034089 0.000234982 0.000161425 0.00011051 
5.5149e-05 8.37118e-05 0.000126741 0.00019138 0.000288214 0.000432898 0.000648579 0.00096951 0.00144654 0.00215552 0.00321058 0.0047851 0.00714585 0.0107088 0.0161315 0.0244662 0.0374139 0.0577445 0.0899806 0.141482 0.224038 0.355556 0.556298 0.75942 0.608108 0.402074 0.269303 0.193631 0.157515 0.149962 0.165477 0.203095 0.265611 0.35618 0.464609 0.540432 0.530267 0.477096 0.433761 0.403781 0.371345 0.327413 0.27594 0.225794 0.183304 0.150669 0.127294 0.111516 0.101713 0.096658 0.0954489 0.0975231 0.103037 0.113483 0.132091 0.163569 0.212723 0.280878 0.358631 0.420047 0.438188 0.411607 0.3556 0.287982 0.225921 0.180431 0.155681 0.152769 0.173304 0.221757 0.306898 0.440732 0.620551 0.720084 0.585428 0.420556 0.299765 0.216493 0.158785 0.118157 0.0890898 0.0680392 0.0527831 0.0419469 0.0346321 0.0301653 0.0279694 0.0275177 0.0283356 0.0300278 0.0323176 0.0350844 0.0383761 0.0423721 0.0472805 0.0531871 0.0599195 0.0670335 0.0739987 0.0805161 0.0867458 0.0932561 0.10077 0.109949 0.121326 0.135245 0.151683 0.170015 0.189095 0.208022 0.227521 0.250868 0.283167 0.328724 0.38664 0.445239 0.480274 0.469034 0.415076 0.344467 0.280313 0.233403 0.205648 0.193881 0.191679 0.190936 0.184767 0.170649 0.150639 0.12871 0.108318 0.0915928 0.079459 0.0719618 0.0685986 0.0686419 0.0714194 0.0764728 0.0835189 0.0921779 0.101528 0.109751 0.114395 0.113596 0.107522 0.0984966 0.0896028 0.0832006 0.0803858 0.0812123 0.0851243 0.0913131 0.098966 0.107463 0.116545 0.126435 0.137897 0.15228 0.1717 0.199483 0.240793 0.303075 0.395405 0.523803 0.673351 0.778041 0.791006 0.772725 0.741913 0.655362 0.532657 0.430672 0.370792 0.351031 0.36124 0.385059 0.398945 0.380881 0.329432 0.263829 0.202824 0.15462 0.119957 0.0967371 0.0825323 0.075482 0.0743976 0.0785575 0.0874116 0.100312 0.116359 0.13446 0.153607 0.1732 0.193026 0.212626 0.230672 0.245898 0.260006 0.279314 0.311773 0.360941 0.421329 0.480828 0.530681 0.56565 0.572435 0.53849 0.476597 0.414464 0.367067 0.333277 0.306415 0.282454 0.260975 0.242282 0.225778 0.210555 0.196484 0.184338 0.174853 0.167817 0.162068 0.15633 0.150238 0.144871 0.142552 0.146128 0.158017 0.179062 0.2072 0.236947 0.261781 0.278961 0.291183 0.303216 0.31957 0.346044 0.391353 0.464116 0.563694 0.673024 0.776512 0.853364 0.775845 0.575452 0.405303 0.291969 0.22375 0.186265 0.167591 0.158623 0.153411 0.149516 0.147345 0.148273 0.152535 0.157903 0.159987 0.154665 0.141256 0.123069 0.104756 0.0896538 0.0790812 0.0729595 0.0706609 0.0715797 0.0753094 0.0814664 0.0893417 0.0977401 0.105401 0.111933 0.118396 0.126574 0.1372 0.148494 0.156724 0.159391 0.158527 0.160283 0.171538 0.196815 0.235589 0.278311 0.305799 0.305242 0.289677 0.286236 0.317056 0.397156 0.532618 0.684416 0.703106 0.591476 0.481984 0.398404 0.331006 0.272542 0.221419 0.178747 0.14581 0.122908 0.109268 0.103464 0.103914 0.109196 0.118098 0.129494 0.142323 0.155893 0.170395 0.187127 0.208056 0.234694 0.26626 0.297416 0.317834 0.317747 0.296742 0.264014 0.230461 0.203815 0.188827 0.189037 0.208458 0.252945 0.331016 0.452623 0.615034 0.721459 0.612875 0.449576 0.332558 0.267266 0.24711 0.267876 0.325329 0.400833 0.438189 0.389301 0.299491 0.223202 0.176098 0.157142 0.16207 0.185975 0.221455 0.2561 0.275442 0.274322 0.262306 0.253759 0.25823 0.2785 0.31037 0.342052 0.357995 0.349712 0.321745 0.284599 0.246577 0.212112 0.183035 0.159661 0.141569 0.128334 0.119955 0.116811 0.119368 0.127935 0.142711 0.164121 0.193084 0.230199 0.27268 0.309488 0.321679 0.29872 0.253216 0.206983 0.173888 0.158339 0.158783 0.169256 0.179885 0.180355 0.16688 0.144583 0.12156 0.103108 0.0909303 0.0847842 0.0840214 0.0883476 0.0978705 0.112614 0.131687 0.15248 0.170713 0.182138 0.185018 0.180821 0.172585 0.163285 0.15555 0.152056 0.155776 0.169904 0.197521 0.240755 0.298443 0.360385 0.40074 0.391691 0.338761 0.271489 0.20963 0.159181 0.12013 0.090918 0.0698738 0.0555375 0.0467257 0.042565 0.0425299 0.046471 0.0545928 0.0673112 0.0849001 0.106907 0.131579 0.155925 0.176826 0.192038 0.199438 0.196196 0.181117 0.157586 0.131855 0.108891 0.0906669 0.0770103 0.0670541 0.0602375 0.0567198 0.0574135 0.0638919 0.0783078 0.103212 0.140782 0.190424 0.243755 0.280734 0.28185 0.252007 0.213579 0.182769 0.165197 0.161479 0.171306 0.195054 0.234335 0.292579 0.375919 0.493824 0.65582 0.845439 0.960614 0.97451 0.980178 0.938029 0.888807 0.943532 1.12222 0.888339 0.579549 0.376151 0.244367 0.158938 0.103505 0.0675213 0.0441588 0.028984 0.0191152 0.0126807 0.00846803 0.0056938 0.00385367 0.00262332 0.00179404 0.00123094 0.000846227 0.00058217 0.000400385 0.000275054 0.000188627 0.000129077 8.81104e-05 
4.64782e-05 7.05719e-05 0.000106926 0.000161663 0.00024392 0.000367331 0.000552252 0.000829148 0.00124377 0.00186519 0.00279831 0.00420376 0.00632952 0.0095616 0.0145054 0.0221158 0.033901 0.0522328 0.0807799 0.124985 0.192082 0.288409 0.405419 0.480697 0.434134 0.327941 0.239035 0.184192 0.159917 0.160694 0.183234 0.227773 0.299082 0.404951 0.541388 0.642715 0.616106 0.541066 0.493724 0.466133 0.426099 0.362358 0.290187 0.225619 0.174821 0.137628 0.111609 0.0940981 0.0829672 0.0767999 0.0748515 0.0770761 0.084364 0.0989667 0.124961 0.168523 0.237425 0.337644 0.460639 0.557193 0.563168 0.498181 0.408604 0.317016 0.238793 0.182615 0.150276 0.140805 0.153844 0.191146 0.256166 0.349312 0.450668 0.494499 0.437254 0.339265 0.252096 0.186314 0.138783 0.104681 0.0801261 0.0624115 0.0497824 0.0411335 0.0357272 0.032984 0.0323616 0.0333049 0.0352475 0.0376544 0.0400938 0.0423136 0.0442879 0.0462006 0.0483526 0.051015 0.0542951 0.0580967 0.0622247 0.0665796 0.0713079 0.0767956 0.0835364 0.0919964 0.102541 0.115379 0.130451 0.147332 0.165395 0.184536 0.206315 0.234623 0.274795 0.330692 0.39956 0.466111 0.50413 0.495118 0.445816 0.379377 0.31752 0.273326 0.251545 0.250116 0.260542 0.26881 0.261706 0.236471 0.200956 0.164639 0.133266 0.109041 0.0921225 0.08162 0.0761493 0.0742337 0.074621 0.0764436 0.0791559 0.0823033 0.085278 0.0872327 0.0872835 0.0849798 0.0807363 0.0758098 0.0717803 0.0699466 0.0710016 0.0750144 0.0815613 0.0898998 0.0991824 0.108737 0.118366 0.128562 0.140569 0.156338 0.178502 0.210541 0.257221 0.325113 0.422183 0.553195 0.703598 0.819717 0.872419 0.925991 0.986842 0.856813 0.633872 0.4769 0.39312 0.367985 0.3883 0.437656 0.481834 0.469794 0.394126 0.300528 0.221009 0.162779 0.12309 0.0973718 0.0818196 0.0738704 0.0720051 0.075375 0.0834143 0.095488 0.11062 0.127392 0.144129 0.159368 0.172313 0.182884 0.19146 0.199017 0.207843 0.221761 0.244712 0.278302 0.320212 0.3651 0.406808 0.438139 0.450363 0.439724 0.414727 0.389511 0.370424 0.352689 0.328826 0.29785 0.264618 0.233807 0.207354 0.185359 0.167448 0.153368 0.142845 0.135286 0.129841 0.125866 0.123511 0.124089 0.130051 0.144631 0.171079 0.211028 0.261214 0.309726 0.339508 0.344402 0.335588 0.32698 0.326158 0.337809 0.36798 0.423071 0.504825 0.609553 0.740044 0.880938 0.81442 0.581096 0.400247 0.285424 0.21838 0.182454 0.164801 0.155835 0.149269 0.142409 0.135503 0.129992 0.126629 0.124505 0.121348 0.114955 0.104772 0.0922412 0.0797157 0.0691425 0.0615064 0.0569803 0.0553256 0.0562107 0.0593261 0.0643007 0.0705398 0.0771982 0.0834838 0.0891931 0.0949731 0.101836 0.110112 0.1187 0.125591 0.129815 0.133301 0.140772 0.157844 0.18872 0.233126 0.281204 0.311621 0.309218 0.287936 0.276335 0.294901 0.353023 0.44648 0.53876 0.56105 0.509731 0.440259 0.376009 0.317412 0.263294 0.214993 0.174698 0.143936 0.123014 0.111138 0.106854 0.108517 0.114592 0.123712 0.134578 0.145959 0.156989 0.167611 0.178701 0.191571 0.207037 0.224363 0.240516 0.250654 0.250642 0.24013 0.223053 0.205321 0.19246 0.188851 0.198366 0.225685 0.277588 0.363473 0.493701 0.665885 0.779368 0.659483 0.483517 0.356377 0.281981 0.252029 0.259785 0.29762 0.346508 0.366962 0.330991 0.263638 0.201676 0.160169 0.140241 0.138567 0.150492 0.170064 0.189976 0.203669 0.209289 0.21122 0.216955 0.232816 0.261258 0.298957 0.335711 0.357679 0.3564 0.33456 0.301337 0.265175 0.231246 0.201879 0.177378 0.157055 0.140421 0.127766 0.119938 0.117857 0.12228 0.133896 0.153466 0.181572 0.217385 0.256184 0.287118 0.296057 0.27666 0.237902 0.195888 0.162432 0.142121 0.134161 0.134276 0.136199 0.134063 0.125429 0.112166 0.0981572 0.0865807 0.079002 0.075863 0.0772581 0.0834111 0.0947072 0.111271 0.132151 0.154449 0.173327 0.184014 0.184833 0.177942 0.167112 0.155582 0.145709 0.13951 0.139046 0.146393 0.163244 0.190041 0.224359 0.258726 0.280566 0.279023 0.254437 0.216768 0.176228 0.138896 0.107408 0.082465 0.0637965 0.0507071 0.0424035 0.0381885 0.0375652 0.0402718 0.0462479 0.0555097 0.0679083 0.0828016 0.0988064 0.113926 0.126141 0.13396 0.136369 0.132667 0.123054 0.109286 0.0941411 0.0800761 0.0684274 0.0595373 0.053319 0.0497804 0.0493377 0.0529609 0.0622559 0.0795312 0.10772 0.149663 0.205537 0.266769 0.309829 0.310055 0.273791 0.228672 0.192722 0.170826 0.162493 0.166798 0.18417 0.216733 0.268195 0.343648 0.448943 0.586797 0.741374 0.868944 0.980012 1.11849 1.05918 0.91435 0.90086 0.963833 0.792577 0.53547 0.350784 0.228846 0.149338 0.0975316 0.0637403 0.0416873 0.0272968 0.0179094 0.011785 0.00778527 0.00516692 0.00344653 0.00231063 0.00155638 0.00105256 0.000714084 0.000485532 0.00033056 0.000225157 0.000153325 0.000104322 7.08891e-05 
3.92145e-05 5.95806e-05 9.03638e-05 0.00013682 0.000206834 0.00031224 0.000470821 0.000709344 0.00106822 0.00160864 0.00242367 0.00365537 0.00552144 0.0083563 0.0126738 0.0192606 0.0293072 0.0445724 0.0675239 0.101247 0.1485 0.208429 0.269184 0.302921 0.288386 0.242363 0.196002 0.165924 0.156095 0.165731 0.193416 0.239277 0.306801 0.40173 0.518169 0.60316 0.594919 0.553124 0.541235 0.5446 0.506123 0.414706 0.314649 0.233201 0.174014 0.132867 0.104773 0.0858399 0.0734764 0.0661937 0.0633982 0.0653357 0.0732503 0.0897627 0.119437 0.16946 0.250043 0.372648 0.536689 0.673743 0.651089 0.53681 0.419864 0.316559 0.233434 0.174406 0.139086 0.125179 0.1308 0.155143 0.197258 0.252017 0.30318 0.323518 0.299587 0.249005 0.195405 0.150037 0.114943 0.0887958 0.0696674 0.0559379 0.046467 0.0405056 0.0375284 0.0370757 0.0386385 0.0415973 0.0452256 0.0487648 0.0515605 0.053212 0.0536672 0.0532131 0.0523594 0.0516576 0.0515356 0.0522218 0.0537912 0.0562886 0.0598359 0.0646503 0.0709791 0.0790182 0.0888666 0.100521 0.113884 0.128814 0.145364 0.164389 0.188409 0.222163 0.272054 0.343702 0.436011 0.530477 0.587544 0.579856 0.522442 0.445622 0.374653 0.3269 0.310632 0.325533 0.360765 0.390075 0.38196 0.333453 0.26949 0.21036 0.16347 0.129544 0.106956 0.093301 0.0859662 0.0825121 0.0810272 0.0803046 0.0797197 0.0789262 0.0776261 0.0755468 0.0725677 0.068873 0.0650207 0.0618563 0.0602924 0.0610626 0.0645564 0.0707506 0.0792068 0.0891399 0.0996185 0.109931 0.120009 0.130708 0.143814 0.161834 0.187681 0.224425 0.275317 0.34417 0.435296 0.549976 0.676322 0.785332 0.869191 0.981045 1.17805 0.976011 0.669748 0.48648 0.394737 0.372604 0.409484 0.497123 0.597816 0.596044 0.4702 0.336173 0.236425 0.169218 0.125676 0.0982618 0.0818555 0.0733518 0.0710438 0.0740576 0.0818632 0.093836 0.10888 0.125218 0.140558 0.152749 0.16064 0.164525 0.1659 0.166938 0.170182 0.178266 0.193297 0.215977 0.245071 0.277623 0.309506 0.335848 0.352493 0.359341 0.361937 0.366869 0.373834 0.373043 0.354342 0.318905 0.276411 0.235313 0.199752 0.170926 0.14862 0.132059 0.120288 0.112339 0.107411 0.105175 0.106116 0.111824 0.125162 0.150328 0.192626 0.257016 0.342571 0.42856 0.467782 0.441346 0.389948 0.347717 0.3233 0.316788 0.329194 0.363051 0.419615 0.49793 0.593799 0.671553 0.629594 0.48559 0.350932 0.2582 0.20248 0.172596 0.158046 0.15028 0.143443 0.134947 0.125057 0.115355 0.10708 0.100266 0.0939211 0.0868664 0.0786098 0.0696195 0.0609305 0.0535433 0.0480704 0.0447132 0.0434106 0.043989 0.0462261 0.0498197 0.0543306 0.0592099 0.0639913 0.0685648 0.0732729 0.0786228 0.0847517 0.0911172 0.0968879 0.102006 0.108144 0.118682 0.137651 0.167995 0.208782 0.251061 0.277411 0.276195 0.258062 0.245368 0.254065 0.289277 0.344257 0.397111 0.420281 0.4082 0.376252 0.335908 0.291361 0.246001 0.203906 0.168607 0.142203 0.125189 0.116743 0.115224 0.118706 0.125395 0.133798 0.142692 0.151102 0.158491 0.165013 0.171485 0.178878 0.187622 0.197077 0.205445 0.210358 0.210103 0.204858 0.196995 0.190215 0.188275 0.194265 0.211001 0.242332 0.294119 0.37294 0.480137 0.595474 0.649467 0.581865 0.458957 0.3523 0.281415 0.245352 0.238597 0.252825 0.273041 0.277596 0.253723 0.211383 0.16929 0.1386 0.122138 0.11852 0.124601 0.136318 0.14932 0.16029 0.168579 0.176713 0.189089 0.209761 0.240328 0.278048 0.314889 0.339831 0.345226 0.331832 0.306808 0.27803 0.250733 0.226814 0.205388 0.184678 0.164318 0.145958 0.132042 0.124549 0.124735 0.133501 0.151652 0.179489 0.215328 0.253132 0.281411 0.287592 0.267554 0.229766 0.188103 0.153002 0.12877 0.115018 0.108668 0.105569 0.102041 0.0962357 0.088489 0.080424 0.0737409 0.0696036 0.068686 0.071477 0.0785034 0.0902956 0.107009 0.127698 0.149519 0.167795 0.177972 0.178534 0.171659 0.160992 0.149489 0.139067 0.131184 0.127296 0.12887 0.137006 0.15176 0.171257 0.191025 0.204647 0.206583 0.19538 0.173957 0.147214 0.119735 0.0947393 0.0739426 0.0578855 0.0463959 0.0389879 0.0351219 0.0343373 0.0362897 0.0407205 0.0473698 0.0558463 0.0654879 0.0752995 0.0840719 0.0906771 0.0943336 0.0946517 0.0915925 0.0855692 0.0775479 0.0688364 0.0606363 0.0537338 0.0485117 0.0451754 0.04401 0.0455748 0.0508393 0.0612988 0.0790668 0.106791 0.146911 0.199211 0.255482 0.295066 0.297401 0.267703 0.229247 0.197916 0.178027 0.168805 0.169231 0.179979 0.203501 0.243226 0.30251 0.383401 0.484343 0.596812 0.71188 0.843602 0.983977 0.942619 0.800256 0.726038 0.680191 0.574181 0.425632 0.295159 0.199243 0.132963 0.0882053 0.0582816 0.0383931 0.0252356 0.0165666 0.0108741 0.00714494 0.00470446 0.00310675 0.00205892 0.00136969 0.000914609 0.000612827 0.000411821 0.000277381 0.000187133 0.000126371 8.53699e-05 5.7663e-05 
3.31246e-05 5.0365e-05 7.6464e-05 0.000115924 0.000175519 0.000265447 0.00040106 0.000605497 0.000913659 0.00137824 0.00207887 0.00313583 0.00473062 0.00713594 0.0107583 0.0161944 0.0242967 0.0362227 0.0533947 0.0771923 0.108039 0.143519 0.17617 0.194693 0.192583 0.17576 0.157037 0.146504 0.148897 0.165258 0.194778 0.23636 0.290334 0.357724 0.431559 0.486227 0.503255 0.512203 0.549156 0.595548 0.565889 0.450365 0.330215 0.239206 0.176361 0.133825 0.104807 0.0847696 0.0710565 0.0623365 0.0582172 0.0591026 0.0662977 0.082335 0.111494 0.16042 0.23841 0.355317 0.50803 0.630092 0.604192 0.492077 0.379872 0.284694 0.20964 0.155958 0.122568 0.107087 0.107149 0.120702 0.145081 0.174993 0.200802 0.211011 0.200514 0.174946 0.144276 0.115576 0.0917624 0.0732606 0.0595346 0.0498903 0.0437752 0.0408139 0.0407226 0.0431794 0.0476929 0.0535084 0.0596038 0.0648283 0.0681742 0.0690704 0.0675424 0.0641603 0.0598199 0.0554694 0.0518898 0.049593 0.0488482 0.0497833 0.0524801 0.057003 0.0633582 0.0714317 0.0809763 0.0916912 0.103387 0.116196 0.130847 0.149102 0.174373 0.212288 0.270749 0.358592 0.480052 0.617925 0.712212 0.713428 0.646105 0.54639 0.451015 0.389905 0.37643 0.413547 0.493342 0.572948 0.5636 0.463434 0.351541 0.261422 0.195877 0.151048 0.122439 0.105723 0.0968357 0.0922287 0.0892724 0.0864736 0.0832545 0.0794736 0.0751021 0.0702037 0.0650387 0.0600936 0.0560056 0.0534469 0.0530145 0.0551388 0.0600083 0.0675007 0.0771259 0.0880452 0.0992771 0.110138 0.12077 0.132461 0.147596 0.169275 0.200675 0.244201 0.300688 0.369481 0.449943 0.541733 0.639417 0.728195 0.799045 0.86671 0.910531 0.793826 0.594057 0.446481 0.368999 0.355042 0.401448 0.507841 0.643506 0.650326 0.494136 0.343682 0.238349 0.169731 0.126075 0.0987583 0.0823321 0.0736699 0.0711656 0.0740878 0.0820454 0.0944954 0.110273 0.127264 0.142536 0.153168 0.157565 0.156286 0.151721 0.146972 0.14489 0.147616 0.156388 0.171385 0.191677 0.215378 0.239964 0.262873 0.282691 0.300602 0.320264 0.344369 0.368955 0.381319 0.369426 0.334668 0.288356 0.240901 0.198485 0.163886 0.137556 0.118617 0.105709 0.0975505 0.0932753 0.0926734 0.0964179 0.106314 0.125637 0.159662 0.216403 0.307036 0.442777 0.610184 0.680837 0.57225 0.447364 0.362917 0.313661 0.28965 0.285635 0.299993 0.331689 0.377582 0.428005 0.457326 0.432137 0.359289 0.279614 0.218137 0.179195 0.158261 0.148405 0.142888 0.136712 0.12766 0.116195 0.104132 0.0931074 0.0837536 0.0757714 0.068487 0.0614205 0.0545432 0.048184 0.0427743 0.038644 0.0359512 0.0347079 0.0348317 0.036173 0.0385087 0.0415346 0.044905 0.0483456 0.0517842 0.0553795 0.0593705 0.0638351 0.0685908 0.0734438 0.078725 0.0857382 0.0967107 0.114121 0.139412 0.170961 0.201865 0.221074 0.222116 0.211318 0.202483 0.20635 0.226309 0.258039 0.290604 0.311934 0.316775 0.306882 0.28538 0.255416 0.221385 0.18838 0.160738 0.141133 0.13035 0.127503 0.130531 0.136897 0.144315 0.151201 0.156701 0.160565 0.16311 0.16518 0.167865 0.171956 0.177418 0.183229 0.187766 0.189632 0.188505 0.18555 0.183218 0.184486 0.191813 0.206421 0.228778 0.260562 0.306115 0.369858 0.44806 0.518192 0.541062 0.497421 0.415498 0.334314 0.272941 0.234765 0.21676 0.212782 0.213461 0.207986 0.190451 0.164237 0.137619 0.117115 0.105406 0.102342 0.106185 0.114379 0.124245 0.133906 0.14318 0.153783 0.168552 0.19007 0.219159 0.25354 0.287232 0.312082 0.322017 0.317088 0.303005 0.286899 0.273461 0.262778 0.250338 0.231055 0.204894 0.177215 0.154095 0.139247 0.13427 0.139975 0.157185 0.186461 0.226366 0.270165 0.303276 0.308683 0.281974 0.236111 0.188091 0.148302 0.12 0.102219 0.0921244 0.0864464 0.0824138 0.0783671 0.0738883 0.0694352 0.0658049 0.063781 0.0640492 0.0672556 0.0740452 0.08496 0.10011 0.118606 0.137995 0.154433 0.164289 0.166334 0.16219 0.154583 0.145625 0.136529 0.128199 0.121749 0.118528 0.119708 0.12568 0.1355 0.146657 0.155502 0.158443 0.153413 0.140664 0.122492 0.102129 0.0825214 0.065612 0.052285 0.0426758 0.0365303 0.0334579 0.0330562 0.0349365 0.0386927 0.043851 0.0498363 0.0559786 0.061573 0.0659836 0.0687584 0.0696905 0.0687978 0.0662737 0.0624756 0.0579189 0.053197 0.0488464 0.0452623 0.0427274 0.0415186 0.0420259 0.044842 0.0508351 0.0612225 0.0776174 0.101888 0.135431 0.177201 0.220385 0.251188 0.257607 0.242756 0.220805 0.202528 0.190825 0.184338 0.181886 0.184804 0.196592 0.22108 0.260754 0.315838 0.383998 0.461097 0.544451 0.632082 0.697009 0.681779 0.608715 0.540648 0.480508 0.405544 0.316485 0.23203 0.163694 0.112887 0.0767262 0.0516085 0.0344354 0.0228319 0.0150661 0.00990896 0.0065051 0.00426838 0.00280267 0.0018433 0.00121519 0.000803348 0.000532647 0.000354179 0.000236124 0.000157769 0.000105602 7.07737e-05 4.74696e-05 
2.80129e-05 4.26211e-05 6.47591e-05 9.82676e-05 0.00014893 0.00022545 0.000340913 0.000514981 0.000777158 0.00117164 0.00176445 0.00265378 0.00398465 0.00596898 0.00891124 0.013237 0.0195146 0.0284448 0.040763 0.0569616 0.0767306 0.0981823 0.117475 0.130079 0.133933 0.131619 0.128799 0.130893 0.141204 0.1607 0.188369 0.22203 0.259887 0.30104 0.342365 0.3767 0.403004 0.436381 0.491657 0.546192 0.526881 0.427413 0.320004 0.237493 0.179907 0.139944 0.111327 0.0901958 0.0745975 0.0637493 0.0575681 0.0565241 0.0617368 0.0752336 0.100281 0.141582 0.204682 0.292497 0.393887 0.464776 0.455492 0.387241 0.306471 0.233514 0.174481 0.131132 0.103 0.0884152 0.0853478 0.0916562 0.104673 0.120479 0.133729 0.139169 0.134472 0.121523 0.104542 0.0873573 0.0722375 0.0601047 0.0511499 0.0453098 0.0425142 0.0427509 0.0460097 0.0521426 0.0606703 0.0705975 0.0803634 0.0880872 0.0921342 0.0917307 0.0872169 0.0798009 0.071056 0.062469 0.0551787 0.0499038 0.0470104 0.0466388 0.0488096 0.0534527 0.060354 0.0690742 0.0789472 0.0892624 0.0996307 0.110379 0.122814 0.139417 0.164177 0.203132 0.264855 0.360012 0.496959 0.664424 0.802845 0.85526 0.813756 0.677868 0.535565 0.449475 0.432928 0.489412 0.624456 0.809799 0.79717 0.594064 0.425413 0.306293 0.224292 0.169867 0.136004 0.116741 0.106698 0.101278 0.0971774 0.0926845 0.0873505 0.0812857 0.0746928 0.0678341 0.0611492 0.0552508 0.0507971 0.0483627 0.0483756 0.0510948 0.0565841 0.0646531 0.0747857 0.0861442 0.0977822 0.109128 0.120569 0.133828 0.151918 0.178707 0.218027 0.272062 0.338888 0.410986 0.479491 0.542805 0.60414 0.658034 0.69126 0.698815 0.67124 0.587302 0.472015 0.375586 0.32145 0.314314 0.354348 0.436403 0.525038 0.52678 0.424808 0.309979 0.222425 0.162835 0.123795 0.0986907 0.0831358 0.074658 0.0721006 0.0750711 0.0834544 0.0969164 0.114345 0.133341 0.150173 0.160781 0.162768 0.156921 0.146722 0.136389 0.129266 0.127318 0.131296 0.141019 0.155615 0.173747 0.193909 0.214884 0.236415 0.259729 0.286987 0.318759 0.350066 0.369159 0.364929 0.336853 0.293384 0.244583 0.198576 0.160239 0.131118 0.110551 0.0970047 0.0890011 0.0855967 0.0866131 0.092783 0.105941 0.129413 0.168817 0.233534 0.339112 0.510932 0.788659 0.98728 0.67159 0.47842 0.365229 0.29958 0.262962 0.246122 0.244871 0.256509 0.276946 0.298061 0.306618 0.291102 0.254388 0.211752 0.176445 0.153482 0.141723 0.136972 0.134183 0.12927 0.120495 0.108604 0.0956631 0.0835731 0.0732903 0.0648457 0.0577786 0.0515855 0.0459784 0.0409259 0.0365589 0.0330511 0.0305359 0.0290725 0.0286424 0.0291543 0.0304491 0.032313 0.0345171 0.0368832 0.0393484 0.0419738 0.0448741 0.0481199 0.0517184 0.0557523 0.0606289 0.0672615 0.0769807 0.0910714 0.109911 0.131806 0.152221 0.165168 0.167621 0.162932 0.158559 0.160964 0.172654 0.191779 0.213236 0.231125 0.241295 0.241866 0.232564 0.214916 0.192506 0.170081 0.152095 0.141595 0.13965 0.145197 0.155332 0.166265 0.174788 0.179311 0.179812 0.177319 0.173551 0.170535 0.169984 0.172605 0.177633 0.182932 0.18597 0.185393 0.182067 0.178791 0.179163 0.186367 0.201985 0.224968 0.252102 0.28147 0.316146 0.361349 0.414716 0.45863 0.46804 0.4349 0.376555 0.315695 0.264895 0.227386 0.202104 0.186042 0.174625 0.162807 0.147617 0.12981 0.112619 0.0992517 0.0914905 0.0896096 0.0927578 0.0993951 0.107831 0.116922 0.126683 0.138374 0.153903 0.17482 0.201293 0.231298 0.260422 0.283027 0.295158 0.297494 0.295458 0.296181 0.304312 0.317321 0.322678 0.305955 0.267861 0.223461 0.186015 0.161008 0.149411 0.151262 0.167259 0.198685 0.245517 0.301547 0.347256 0.354029 0.314494 0.252743 0.193486 0.14721 0.1151 0.0947379 0.0828192 0.0762155 0.0724222 0.0697581 0.0673726 0.0650832 0.0631469 0.062073 0.0625095 0.0651661 0.0707234 0.0796814 0.0920983 0.107224 0.123217 0.137386 0.147302 0.152104 0.152666 0.15041 0.146149 0.140008 0.132173 0.12358 0.115915 0.110963 0.109818 0.112391 0.117317 0.122238 0.124458 0.121848 0.113693 0.100999 0.0859522 0.0709165 0.0576565 0.0471225 0.0396223 0.0350937 0.0333075 0.0339555 0.0366423 0.0408304 0.0458044 0.0507244 0.0547904 0.0574498 0.0585208 0.0581589 0.0567106 0.0545609 0.0520462 0.0494379 0.0469558 0.0447719 0.04301 0.0417733 0.0412089 0.0415782 0.0432946 0.0469208 0.0531544 0.062834 0.0769411 0.0964703 0.121895 0.151968 0.182243 0.205472 0.216379 0.217035 0.214782 0.214995 0.217218 0.217039 0.211602 0.203698 0.200047 0.206674 0.226364 0.258689 0.301084 0.350133 0.402182 0.450532 0.479431 0.472062 0.434923 0.388567 0.340601 0.288015 0.23134 0.176731 0.129784 0.0925923 0.0646614 0.0444188 0.0301169 0.020207 0.013446 0.00889064 0.00585189 0.00384042 0.00251651 0.00164849 0.00108062 0.000709393 0.000466611 0.000307612 0.000203269 0.000134624 8.9345e-05 5.93994e-05 3.95463e-05 
2.372e-05 3.61069e-05 5.48882e-05 8.33259e-05 0.000126325 0.00019125 0.000289126 0.000436427 0.000657671 0.00098919 0.00148448 0.00222166 0.00331339 0.00491948 0.00726083 0.0106314 0.0153989 0.0219767 0.0307383 0.0418397 0.054949 0.0689934 0.0822187 0.0928893 0.100441 0.106136 0.112498 0.122048 0.136326 0.155478 0.178199 0.202212 0.225566 0.247759 0.269068 0.289933 0.313429 0.3463 0.390278 0.425872 0.416521 0.359512 0.290265 0.231991 0.187821 0.153675 0.125812 0.102592 0.0837862 0.0696352 0.0604535 0.0566568 0.0589659 0.0686359 0.0876033 0.118319 0.16272 0.219259 0.277365 0.31483 0.312923 0.277383 0.227873 0.178769 0.136908 0.104928 0.083223 0.0709714 0.0667885 0.0689889 0.0755161 0.0837792 0.0907982 0.093951 0.0920115 0.0855835 0.0764846 0.0667026 0.0577333 0.0504768 0.0454323 0.0429319 0.0432966 0.0468854 0.0540328 0.0648626 0.0789667 0.0950067 0.11048 0.122088 0.126952 0.124032 0.114535 0.101044 0.0862984 0.0724689 0.0609754 0.0525871 0.0476203 0.0461327 0.048052 0.0531909 0.0611509 0.0711771 0.0821276 0.0927557 0.102332 0.111274 0.121355 0.135537 0.157914 0.194096 0.251756 0.340366 0.467645 0.628628 0.797535 0.964061 1.04069 0.809181 0.597355 0.484757 0.459896 0.516407 0.658326 0.863295 0.852426 0.633928 0.456954 0.330121 0.241147 0.181576 0.14461 0.123818 0.113105 0.107185 0.102291 0.0965886 0.0897679 0.0821662 0.0741726 0.0661685 0.0586599 0.0522783 0.0476477 0.0452611 0.0454407 0.0483479 0.0539832 0.0621404 0.0723376 0.0838164 0.0957451 0.107692 0.120231 0.135397 0.15678 0.189229 0.237968 0.306373 0.390962 0.474477 0.531269 0.55644 0.568856 0.577044 0.571978 0.546162 0.499273 0.433408 0.360654 0.300124 0.26517 0.260874 0.286539 0.333306 0.37517 0.373865 0.32298 0.25511 0.195625 0.151142 0.119845 0.0984006 0.0842908 0.0761624 0.0735661 0.0765983 0.0855376 0.100397 0.120284 0.142615 0.162679 0.174703 0.174938 0.164463 0.148381 0.132428 0.120575 0.114687 0.115136 0.121438 0.132678 0.147778 0.165726 0.185821 0.207951 0.232709 0.260901 0.291959 0.321661 0.341613 0.343383 0.324092 0.287423 0.241493 0.195574 0.156325 0.126376 0.105457 0.0920953 0.0847924 0.0826138 0.0854155 0.0939097 0.109725 0.135647 0.176285 0.239326 0.337002 0.48518 0.681933 0.767616 0.611856 0.456099 0.35161 0.284933 0.242532 0.21668 0.203534 0.200464 0.204025 0.208911 0.208562 0.198404 0.179555 0.158049 0.140178 0.129171 0.124805 0.12438 0.124097 0.120696 0.112896 0.101674 0.0892083 0.0774936 0.0676007 0.0596766 0.0533145 0.0479557 0.0431637 0.0387372 0.0346935 0.03118 0.0283728 0.0264011 0.0253095 0.0250521 0.025506 0.0264984 0.0278466 0.0294043 0.0310996 0.0329417 0.0349918 0.0373255 0.0400321 0.0432801 0.0474181 0.0530259 0.0608169 0.0713327 0.0844422 0.0988023 0.111745 0.120269 0.123071 0.121881 0.120534 0.122682 0.130117 0.142333 0.157023 0.171082 0.18158 0.186286 0.184092 0.17561 0.163422 0.151501 0.14406 0.1444 0.153921 0.171283 0.192031 0.209855 0.219761 0.220488 0.213783 0.202681 0.190818 0.181861 0.178486 0.181427 0.188892 0.196681 0.199947 0.196461 0.188585 0.181785 0.181724 0.192378 0.214802 0.245605 0.276872 0.301682 0.32212 0.346591 0.377225 0.402826 0.406726 0.384007 0.345127 0.302684 0.262964 0.227684 0.197576 0.173075 0.153453 0.136898 0.121756 0.107623 0.0953041 0.0860213 0.08069 0.0795959 0.0823617 0.0881018 0.0957772 0.104718 0.115065 0.127781 0.144133 0.164897 0.18965 0.216363 0.241545 0.261379 0.273951 0.281398 0.290183 0.309071 0.345109 0.395388 0.433606 0.419269 0.355209 0.282301 0.224883 0.187417 0.167937 0.164679 0.177815 0.209179 0.260295 0.326484 0.384789 0.393453 0.340934 0.264664 0.19647 0.145905 0.111943 0.0908234 0.078742 0.0725247 0.0697155 0.0685338 0.0678135 0.0669444 0.0658222 0.0647854 0.064497 0.0657644 0.0693339 0.0756988 0.0849213 0.0964691 0.109162 0.12143 0.131963 0.140303 0.146723 0.151345 0.153383 0.151384 0.144469 0.133491 0.120954 0.109765 0.101975 0.0982079 0.0977242 0.0987885 0.0992108 0.097039 0.0912737 0.0822379 0.0713053 0.0601883 0.0503069 0.0425428 0.037309 0.0347274 0.0347648 0.0372645 0.0418736 0.0479127 0.0542978 0.0596705 0.0628097 0.0631405 0.0609593 0.0571876 0.0528856 0.0488838 0.0456642 0.0434087 0.0420925 0.0415663 0.0416337 0.0421464 0.043108 0.0447365 0.0474455 0.0517508 0.0581613 0.0671146 0.0789726 0.0940051 0.112193 0.132737 0.153625 0.172234 0.187545 0.20205 0.220327 0.244373 0.268654 0.280109 0.269463 0.243434 0.217705 0.203349 0.203745 0.217448 0.240952 0.270143 0.300473 0.325916 0.33854 0.332632 0.310465 0.279539 0.244949 0.2081 0.170183 0.13371 0.101292 0.0744068 0.0532893 0.0373785 0.025773 0.0175232 0.0117796 0.00784745 0.00519161 0.00341697 0.00224099 0.00146656 0.000958815 0.000626849 0.000410124 0.00026868 0.000176312 0.000115915 7.63529e-05 5.0386e-05 3.33056e-05 
2.01168e-05 3.06309e-05 4.65728e-05 7.07047e-05 0.000107169 0.000162158 0.000244899 0.000369074 0.000554865 0.000831827 0.00124285 0.00184945 0.00273842 0.00402961 0.00588353 0.00850566 0.0121419 0.017055 0.0234713 0.0314908 0.0409798 0.0515132 0.0624742 0.073367 0.0841907 0.0955393 0.108235 0.122735 0.138762 0.155345 0.171115 0.18472 0.195533 0.20429 0.212888 0.223753 0.23974 0.263148 0.291634 0.313788 0.314947 0.294017 0.264104 0.235369 0.208549 0.180792 0.151582 0.123285 0.0986915 0.079479 0.0662403 0.0590695 0.0580562 0.0635597 0.0762557 0.0968484 0.125204 0.158687 0.190345 0.209784 0.209465 0.190904 0.162169 0.131306 0.103486 0.081285 0.0655391 0.0560354 0.0519768 0.052228 0.0553903 0.0598339 0.0638568 0.0660417 0.065665 0.0628632 0.0584188 0.0533525 0.0486038 0.044927 0.0429459 0.0432665 0.0465683 0.053635 0.0652838 0.0821243 0.104049 0.129409 0.154198 0.172323 0.178177 0.170273 0.152033 0.128954 0.105694 0.0851427 0.0687301 0.0569784 0.0499301 0.047428 0.0492525 0.0551073 0.0644536 0.0762661 0.0889248 0.100574 0.110042 0.117764 0.125887 0.137601 0.156588 0.187215 0.235113 0.307061 0.408762 0.540878 0.702019 0.904672 1.04375 0.799042 0.58812 0.477002 0.447133 0.484757 0.576285 0.674512 0.671911 0.561869 0.434101 0.324834 0.241151 0.182746 0.14586 0.124989 0.114198 0.108121 0.102902 0.0966812 0.0892195 0.0809755 0.0724605 0.0641347 0.0565204 0.0502105 0.0457566 0.0435686 0.043893 0.0468441 0.0524202 0.0604715 0.0706309 0.0822922 0.0947598 0.107655 0.121517 0.138399 0.162237 0.198838 0.255261 0.337637 0.44424 0.548666 0.595712 0.573792 0.531714 0.495482 0.461187 0.421064 0.373855 0.322668 0.273663 0.234705 0.212017 0.2082 0.221628 0.244959 0.263889 0.263037 0.239366 0.203882 0.168564 0.138968 0.115843 0.098346 0.0857593 0.0779295 0.075184 0.0781446 0.0875131 0.103713 0.1262 0.152363 0.176519 0.190831 0.189768 0.174782 0.153027 0.131953 0.116117 0.107238 0.10534 0.109681 0.119267 0.133117 0.150382 0.170397 0.192691 0.216947 0.242768 0.26902 0.292842 0.309308 0.312803 0.299496 0.269716 0.22925 0.186929 0.1499 0.121398 0.101608 0.0893563 0.0833544 0.082833 0.0877721 0.098878 0.117427 0.145155 0.184481 0.239139 0.314082 0.410442 0.507123 0.542765 0.490504 0.407773 0.334989 0.278222 0.234385 0.201286 0.178098 0.163761 0.156056 0.151626 0.146848 0.139374 0.129374 0.119189 0.111606 0.108221 0.108769 0.111276 0.112845 0.110957 0.10473 0.0952074 0.0844676 0.0744084 0.0660637 0.0595656 0.0544561 0.0500716 0.0458585 0.0415519 0.0372002 0.0330635 0.0294627 0.0266515 0.024752 0.0237486 0.0235183 0.0238765 0.0246263 0.0256035 0.026709 0.0279189 0.0292731 0.0308562 0.0327907 0.0352552 0.0385101 0.0428933 0.048739 0.0561969 0.0649808 0.0741656 0.0822698 0.0878348 0.0903251 0.0906572 0.0908106 0.0928219 0.0979041 0.106092 0.116364 0.127031 0.136176 0.142089 0.143785 0.141594 0.137475 0.134784 0.137539 0.149415 0.172453 0.205203 0.240834 0.268245 0.27899 0.27319 0.256306 0.234206 0.21264 0.197104 0.191428 0.196533 0.209499 0.223106 0.228266 0.220637 0.204918 0.190779 0.186616 0.19716 0.222922 0.258535 0.291829 0.310957 0.317197 0.322505 0.333717 0.345872 0.349064 0.339426 0.320871 0.297473 0.269502 0.23688 0.20259 0.171009 0.144773 0.12404 0.107687 0.0946156 0.0843341 0.076902 0.0726008 0.0716079 0.0737969 0.0787251 0.0858462 0.094879 0.106108 0.120336 0.138424 0.160624 0.186035 0.212346 0.236144 0.25423 0.265929 0.275074 0.290189 0.323047 0.385931 0.482683 0.575523 0.56167 0.450425 0.340797 0.263202 0.214276 0.186974 0.177389 0.184961 0.211278 0.257802 0.319966 0.375203 0.38243 0.330294 0.255542 0.189316 0.140721 0.108508 0.0889067 0.0782639 0.0735985 0.0725592 0.0732804 0.0743044 0.0746233 0.0738112 0.0721101 0.0703191 0.0694823 0.0705298 0.0740337 0.0801168 0.0884776 0.0985121 0.109561 0.121223 0.133477 0.146273 0.158646 0.16805 0.170939 0.16491 0.150803 0.132477 0.114486 0.100016 0.0902588 0.084761 0.0820447 0.080209 0.077515 0.0729193 0.0663532 0.0585759 0.0507168 0.0438304 0.0386852 0.0357738 0.0354156 0.0378314 0.0431121 0.0510445 0.0608157 0.0707566 0.0784839 0.0817547 0.0796937 0.0733264 0.0648602 0.0564726 0.0495883 0.0448142 0.0421793 0.0413814 0.0419561 0.0434067 0.0453436 0.0476225 0.0504115 0.054125 0.0592433 0.0661049 0.0747727 0.0850513 0.0966489 0.109354 0.123058 0.137723 0.15377 0.173089 0.199879 0.23981 0.295885 0.358518 0.394262 0.37102 0.309382 0.249875 0.210687 0.193104 0.192649 0.203761 0.221015 0.23913 0.252789 0.257249 0.25017 0.232963 0.209423 0.182951 0.155469 0.12818 0.102318 0.0790992 0.0593575 0.0433777 0.0309784 0.0216931 0.0149423 0.0101526 0.00682161 0.0045427 0.00300402 0.00197603 0.00129489 0.000846392 0.000552446 0.000360396 0.000235159 0.00015356 0.000100394 6.57292e-05 4.31011e-05 2.83078e-05 
1.70978e-05 2.60385e-05 3.95912e-05 6.0094e-05 9.10424e-05 0.000137641 0.0002076 0.00031228 0.000468297 0.000699743 0.00104117 0.00154147 0.00226857 0.00331478 0.0048017 0.00688316 0.00974299 0.0135841 0.0186059 0.024973 0.0327895 0.0421086 0.0530004 0.0656567 0.0804174 0.0975538 0.116754 0.13658 0.154486 0.167843 0.175347 0.177525 0.17618 0.173716 0.172687 0.17545 0.183845 0.198481 0.217378 0.235507 0.247985 0.254877 0.259744 0.262039 0.25424 0.230025 0.19315 0.153603 0.11906 0.0925638 0.0743183 0.0635309 0.0593517 0.0611852 0.0686658 0.0813806 0.0983187 0.117136 0.133752 0.143269 0.142458 0.131778 0.114719 0.0954863 0.0773716 0.0623483 0.0512793 0.044253 0.0408721 0.0404431 0.0420821 0.0447919 0.0475779 0.0496208 0.050449 0.050009 0.0485956 0.0467039 0.0449084 0.0438275 0.0441612 0.0467605 0.0526897 0.0632554 0.0799567 0.104243 0.136837 0.17627 0.216621 0.246448 0.253731 0.236016 0.202344 0.164209 0.12901 0.0999342 0.077798 0.0624005 0.0532139 0.0496995 0.0514114 0.0579257 0.0685988 0.0822157 0.0967853 0.109938 0.120123 0.127806 0.13542 0.146066 0.162431 0.186922 0.222669 0.273987 0.345169 0.438261 0.551555 0.668855 0.71405 0.624501 0.504641 0.42727 0.401565 0.419614 0.465618 0.508428 0.508139 0.455618 0.375818 0.293703 0.223996 0.172603 0.139141 0.119841 0.109714 0.103959 0.0990176 0.0931059 0.0859436 0.0779724 0.069757 0.061827 0.0547232 0.0489911 0.0450955 0.0433551 0.0439515 0.0469856 0.0525181 0.0605479 0.070927 0.0832717 0.0969822 0.111504 0.126912 0.144758 0.168835 0.205449 0.262839 0.349074 0.464798 0.58051 0.618398 0.561028 0.482519 0.418919 0.369003 0.325086 0.283479 0.244428 0.210297 0.184239 0.168839 0.164976 0.171044 0.182385 0.191787 0.192581 0.18293 0.166264 0.147346 0.129138 0.112738 0.0985832 0.087241 0.0795462 0.076487 0.0791154 0.0884598 0.105262 0.129284 0.157995 0.18511 0.201253 0.199454 0.181439 0.155941 0.131629 0.113407 0.102873 0.0998351 0.103404 0.112546 0.126316 0.143895 0.164481 0.187112 0.210539 0.233269 0.253696 0.270044 0.280011 0.280573 0.268739 0.243851 0.209748 0.173403 0.141014 0.11578 0.0982898 0.0878477 0.0835786 0.085056 0.0925368 0.106857 0.129004 0.159488 0.197977 0.243778 0.296462 0.353439 0.403219 0.425862 0.413509 0.379445 0.337214 0.291382 0.244847 0.202445 0.168305 0.143699 0.127358 0.116709 0.109075 0.102629 0.0968884 0.0925093 0.0905129 0.0914294 0.0947615 0.0989202 0.101701 0.101246 0.0969983 0.0899374 0.0818844 0.0745136 0.068722 0.0645221 0.0612842 0.0581345 0.0543609 0.0496926 0.0443522 0.0388855 0.0338995 0.0298516 0.0269596 0.0252134 0.02444 0.0243807 0.0247614 0.0253509 0.0259996 0.0266558 0.0273585 0.0282154 0.0293783 0.0310264 0.0333531 0.0365411 0.0407082 0.0458166 0.0515685 0.0573577 0.0623736 0.0659116 0.0677737 0.0684809 0.069104 0.070809 0.0744022 0.0800792 0.0874037 0.0954475 0.103022 0.108999 0.11275 0.114629 0.116319 0.120841 0.132202 0.15467 0.191378 0.241422 0.295319 0.334328 0.343921 0.327814 0.298195 0.264109 0.232796 0.211144 0.203969 0.212536 0.23314 0.255237 0.263706 0.250673 0.224336 0.200012 0.188722 0.195139 0.218708 0.252693 0.283253 0.296844 0.294063 0.287704 0.287155 0.292277 0.298336 0.30232 0.303414 0.298665 0.282246 0.251915 0.213374 0.175357 0.143437 0.118965 0.100899 0.0875996 0.077793 0.0708407 0.0666047 0.0651565 0.0665196 0.0705752 0.0771752 0.0863898 0.0986973 0.114907 0.135761 0.161364 0.190612 0.220732 0.247299 0.265845 0.275421 0.28145 0.29505 0.330538 0.403315 0.523042 0.653026 0.640178 0.500082 0.375086 0.29056 0.236536 0.203468 0.187047 0.186623 0.203024 0.236135 0.280226 0.31705 0.319675 0.281173 0.224098 0.171067 0.130959 0.104145 0.0881951 0.0803496 0.0781972 0.0796716 0.0828876 0.086066 0.0877013 0.086961 0.0840287 0.0800204 0.0764447 0.0745886 0.0751854 0.0784246 0.0841667 0.0922195 0.102584 0.11557 0.131608 0.150579 0.170713 0.187734 0.195678 0.190246 0.172335 0.147604 0.122598 0.101675 0.0864244 0.0764523 0.0703198 0.0662582 0.0626836 0.0585673 0.0536064 0.0481309 0.0428231 0.0384324 0.0356231 0.0349667 0.0370058 0.0422942 0.051321 0.0642145 0.0801577 0.0966698 0.109479 0.114101 0.108814 0.0960561 0.0804746 0.066061 0.0549487 0.047713 0.0440534 0.0432844 0.0445893 0.0471708 0.0504042 0.0539953 0.0580493 0.0629698 0.0692058 0.0769551 0.0859617 0.0955461 0.104952 0.113877 0.122841 0.133245 0.147483 0.169544 0.205965 0.266415 0.362028 0.492693 0.591689 0.530473 0.394824 0.288018 0.2231 0.191066 0.181772 0.186888 0.199431 0.213011 0.221811 0.221666 0.211462 0.193234 0.170528 0.146457 0.12289 0.100749 0.0805697 0.0627698 0.0476385 0.0352632 0.0255123 0.0180865 0.0125982 0.0086447 0.00585783 0.00392847 0.00261251 0.00172579 0.00113415 0.000742467 0.000484741 0.000315934 0.00020573 0.00013394 8.72321e-05 5.68555e-05 3.7096e-05 2.42337e-05 
1.45748e-05 2.22007e-05 3.37573e-05 5.12309e-05 7.75828e-05 0.000117208 0.000176592 0.000265244 0.000397001 0.000591805 0.00087809 0.00129586 0.00190048 0.00276716 0.00399566 0.0057148 0.00808586 0.0113047 0.0156037 0.0212581 0.0286058 0.038088 0.0503056 0.0660392 0.0861142 0.110926 0.139482 0.168234 0.190995 0.201737 0.199029 0.186937 0.17143 0.157197 0.147084 0.142687 0.144815 0.153552 0.168165 0.187595 0.211968 0.243537 0.283567 0.323602 0.339531 0.311739 0.253802 0.192819 0.143154 0.10744 0.0838529 0.0698424 0.0632791 0.0625879 0.0665678 0.0741061 0.0838476 0.093918 0.101929 0.105524 0.103344 0.0957022 0.0843363 0.0715113 0.0592121 0.0487813 0.0409063 0.0357597 0.0331619 0.0327117 0.0338768 0.0360625 0.0386825 0.0412379 0.0433838 0.044956 0.0459556 0.0465261 0.0469638 0.0477728 0.0497389 0.0539931 0.0620549 0.0758667 0.0978045 0.130547 0.176447 0.23555 0.300857 0.352055 0.36182 0.325216 0.265597 0.20554 0.15492 0.115802 0.087383 0.068189 0.0568337 0.0522406 0.0536469 0.0604542 0.0719205 0.0867417 0.10279 0.11753 0.129365 0.138963 0.148951 0.16196 0.178903 0.199218 0.223056 0.25316 0.293832 0.347487 0.41048 0.466673 0.48532 0.452561 0.398084 0.355887 0.338851 0.345309 0.365537 0.383464 0.381896 0.353404 0.304051 0.246904 0.194344 0.153524 0.126021 0.109806 0.101235 0.0964757 0.0925183 0.0877079 0.0816402 0.0746399 0.0672872 0.0602065 0.054005 0.0492114 0.0462042 0.0451893 0.046261 0.0495136 0.0551283 0.0633685 0.0744529 0.0883325 0.104464 0.121783 0.139229 0.157023 0.17817 0.208901 0.257375 0.330516 0.426521 0.517123 0.542106 0.488687 0.412121 0.346417 0.295625 0.255112 0.220981 0.191711 0.167483 0.149293 0.138132 0.13423 0.136496 0.142306 0.148027 0.150419 0.14812 0.141757 0.132691 0.121955 0.110274 0.0985744 0.088162 0.0805113 0.077039 0.0790428 0.08769 0.103815 0.12726 0.155556 0.182451 0.198547 0.196802 0.178844 0.153338 0.128954 0.110646 0.100077 0.097105 0.100879 0.110404 0.124782 0.143213 0.164799 0.188196 0.211355 0.231727 0.247025 0.256002 0.258251 0.25317 0.239621 0.217382 0.188928 0.158948 0.13196 0.110648 0.0958427 0.0873622 0.0848487 0.0883428 0.0985313 0.116596 0.143518 0.178811 0.219328 0.259982 0.297158 0.330555 0.359644 0.381175 0.392605 0.392562 0.37546 0.335402 0.278614 0.220373 0.171835 0.136274 0.112234 0.0966992 0.0867784 0.0804254 0.0766083 0.075094 0.0759802 0.0791687 0.0839813 0.0890727 0.0927561 0.0936932 0.0915796 0.0873078 0.0824526 0.078466 0.0760666 0.0750333 0.0743801 0.072819 0.0693539 0.0637411 0.0565615 0.0488878 0.0418055 0.036071 0.0320063 0.0295614 0.0284408 0.0282287 0.0284957 0.0288818 0.0291557 0.0292404 0.0292015 0.0292063 0.0294691 0.0301997 0.0315645 0.0336551 0.036462 0.0398457 0.0435193 0.047067 0.0500317 0.0520773 0.0531656 0.0536387 0.0541342 0.0553665 0.0578853 0.0619093 0.0672695 0.0734544 0.0797442 0.0854451 0.090231 0.0945448 0.0999422 0.109254 0.126495 0.156425 0.203246 0.267087 0.336795 0.385699 0.391993 0.364643 0.323746 0.28063 0.242751 0.217362 0.209675 0.221237 0.248119 0.277525 0.289008 0.27115 0.235519 0.202203 0.183592 0.183464 0.199943 0.225874 0.248973 0.258092 0.253312 0.244709 0.241247 0.245619 0.25662 0.272241 0.289166 0.299729 0.293134 0.26508 0.223595 0.181006 0.145033 0.117751 0.0981064 0.0841164 0.0740546 0.0668767 0.0621882 0.0599884 0.0604025 0.0635509 0.0695988 0.0789206 0.0922255 0.110495 0.134685 0.165245 0.201412 0.240079 0.274692 0.296869 0.303103 0.300461 0.303398 0.327153 0.383971 0.475491 0.563944 0.558688 0.466113 0.370892 0.300199 0.250059 0.214549 0.191936 0.182762 0.187444 0.204528 0.228262 0.246517 0.245193 0.220809 0.184012 0.147808 0.119215 0.0998486 0.0888182 0.084553 0.0854604 0.0899466 0.0962001 0.102069 0.105352 0.10461 0.0999669 0.0930867 0.0862344 0.0812346 0.0790201 0.0797841 0.0834161 0.0899404 0.0997857 0.113779 0.132756 0.156659 0.183176 0.206596 0.218768 0.213623 0.192149 0.161739 0.130751 0.10451 0.084851 0.0713301 0.0624621 0.0565303 0.0520508 0.0480242 0.0440179 0.0400942 0.036637 0.0341807 0.0333192 0.0347115 0.0391448 0.0475849 0.0611036 0.0805002 0.105344 0.132354 0.154189 0.161817 0.151523 0.1287 0.102598 0.0798846 0.0632407 0.0528052 0.0476545 0.0465801 0.0483826 0.0519868 0.0565627 0.0616663 0.0672982 0.0737824 0.081485 0.0904775 0.100279 0.109863 0.118127 0.1247 0.130533 0.137884 0.150174 0.17248 0.212886 0.284537 0.40843 0.616317 0.911621 0.699833 0.456692 0.311395 0.230929 0.192356 0.180941 0.186623 0.201301 0.217056 0.226092 0.222976 0.207267 0.183064 0.155715 0.129118 0.105145 0.0842959 0.0664758 0.0514594 0.0390364 0.0290004 0.0211098 0.0150762 0.0105836 0.00731815 0.00499456 0.00337112 0.00225435 0.00149604 0.000986685 0.00064757 0.000423414 0.000276089 0.000179688 0.000116815 7.59038e-05 4.93214e-05 3.20623e-05 2.0858e-05 
1.24717e-05 1.90048e-05 2.89061e-05 4.3875e-05 6.64422e-05 0.000100358 0.00015115 0.00022691 0.000339398 0.000505567 0.000749616 0.00110573 0.00162166 0.00236321 0.00342006 0.00491297 0.00700339 0.00990699 0.0139144 0.0194245 0.0269968 0.0374262 0.051827 0.0716735 0.0986604 0.134087 0.177253 0.222551 0.257262 0.266964 0.249262 0.216326 0.181951 0.153662 0.133859 0.122695 0.119751 0.124696 0.137697 0.160081 0.195342 0.249501 0.327975 0.421663 0.476874 0.430399 0.327921 0.234225 0.166417 0.121608 0.0937527 0.0778519 0.0703723 0.0688421 0.0713916 0.0763956 0.0822555 0.0873454 0.0901482 0.0895613 0.0852329 0.0776907 0.0681252 0.0579528 0.0484185 0.04039 0.0343318 0.0303787 0.0284367 0.028272 0.0295773 0.0320177 0.0352629 0.0390045 0.0429561 0.0468376 0.0503736 0.0533487 0.055745 0.0579294 0.0608074 0.0658831 0.0752475 0.0915756 0.118189 0.159115 0.218819 0.300454 0.399206 0.485164 0.499199 0.430181 0.333829 0.247524 0.180303 0.131029 0.0965028 0.0737054 0.0602812 0.0545475 0.0553639 0.0619028 0.0733087 0.088288 0.104883 0.120919 0.135316 0.149299 0.165791 0.186766 0.210416 0.231134 0.244458 0.252788 0.263653 0.282526 0.307995 0.330874 0.338518 0.326189 0.303096 0.282784 0.272913 0.273905 0.281116 0.286862 0.283054 0.26495 0.233759 0.195923 0.159417 0.129935 0.109558 0.0975053 0.0914239 0.0885007 0.086297 0.0832539 0.0787892 0.0730811 0.0667566 0.0606204 0.0554422 0.0517948 0.0499675 0.0499927 0.0517944 0.0554099 0.0611755 0.0697578 0.0819578 0.0982823 0.118323 0.14019 0.16076 0.177717 0.192608 0.211689 0.242961 0.2913 0.352262 0.404801 0.417685 0.384501 0.331053 0.280126 0.239011 0.206888 0.181184 0.159996 0.142558 0.129025 0.119958 0.115679 0.115758 0.118844 0.122978 0.12628 0.127553 0.126343 0.122532 0.116112 0.107429 0.0975052 0.0879281 0.0804374 0.0766114 0.0777989 0.0851237 0.0993019 0.12004 0.144932 0.168399 0.182534 0.181568 0.166652 0.144754 0.123342 0.107132 0.098021 0.0961634 0.100903 0.111345 0.126643 0.146053 0.168698 0.193089 0.216654 0.235898 0.247668 0.250798 0.246272 0.235576 0.219412 0.198286 0.173809 0.148818 0.126261 0.108164 0.0954518 0.0883675 0.087053 0.0920319 0.104474 0.126052 0.158072 0.199562 0.244934 0.284627 0.312388 0.331897 0.351905 0.378291 0.412038 0.445842 0.455569 0.41414 0.333686 0.250205 0.183521 0.136514 0.105573 0.0861075 0.0743514 0.0677362 0.0647628 0.064687 0.0671199 0.0716284 0.0774358 0.0833454 0.0879867 0.0903452 0.0902933 0.0887268 0.087148 0.0869283 0.0886336 0.0916793 0.0944466 0.094902 0.0915481 0.0842079 0.074097 0.0631562 0.053191 0.0453494 0.0400388 0.0370925 0.0359891 0.036043 0.0365581 0.0369581 0.0368854 0.0362469 0.0351891 0.034015 0.0330754 0.0326708 0.0329858 0.0340584 0.0357793 0.0379155 0.0401517 0.0421501 0.043627 0.0444377 0.0446434 0.0445273 0.0445359 0.0451606 0.046802 0.0496632 0.0536963 0.0586121 0.0639636 0.069317 0.074522 0.0800497 0.0873188 0.0989138 0.118607 0.151033 0.200454 0.26715 0.339682 0.389725 0.393945 0.362948 0.319146 0.274555 0.236285 0.21104 0.203685 0.215641 0.242938 0.272642 0.283932 0.265069 0.227676 0.191806 0.169369 0.163373 0.171425 0.187224 0.201779 0.207757 0.205003 0.199892 0.199265 0.206729 0.222985 0.24672 0.273458 0.293346 0.293573 0.268964 0.228066 0.184412 0.146827 0.118074 0.0973594 0.0826709 0.072105 0.0644197 0.0590819 0.0560513 0.0555215 0.0577745 0.0631951 0.0723877 0.0862841 0.106139 0.133372 0.169217 0.213886 0.264527 0.312001 0.341335 0.343683 0.328272 0.31421 0.317008 0.344156 0.391083 0.432467 0.432602 0.391399 0.339201 0.292484 0.252119 0.217442 0.190645 0.174251 0.168928 0.172901 0.18158 0.187755 0.184475 0.16993 0.148597 0.126944 0.109381 0.0975881 0.09161 0.0908993 0.094749 0.102191 0.111614 0.12048 0.12569 0.124938 0.118249 0.108065 0.0976716 0.0895463 0.0847903 0.0834902 0.0854124 0.0906118 0.0997354 0.113925 0.134272 0.160757 0.190716 0.217585 0.231998 0.226965 0.203533 0.169988 0.135631 0.106311 0.0840034 0.0682473 0.0575559 0.0502796 0.0450354 0.040881 0.0373416 0.0343419 0.0320953 0.031006 0.0316307 0.0347132 0.0412753 0.0527155 0.0708087 0.0973546 0.132939 0.174083 0.209513 0.222212 0.204397 0.167217 0.127538 0.0950971 0.0724176 0.0586169 0.0518727 0.0503874 0.0526214 0.0573093 0.0634914 0.0705827 0.0783847 0.0869641 0.0964327 0.106694 0.117203 0.12691 0.134687 0.140216 0.144617 0.150264 0.160439 0.179855 0.216105 0.281353 0.393257 0.569153 0.746989 0.629474 0.432136 0.300654 0.226493 0.192561 0.186359 0.198924 0.222219 0.24661 0.260532 0.255133 0.230695 0.195568 0.158816 0.125775 0.0982229 0.0760081 0.0583091 0.044261 0.0331617 0.0244754 0.0177779 0.0127083 0.00894704 0.0062114 0.00425846 0.00288758 0.0019395 0.00129222 0.000855152 0.000562766 0.000368687 0.000240687 0.000156705 0.000101832 6.60898e-05 4.28634e-05 2.77936e-05 1.80252e-05 
1.07216e-05 1.635e-05 2.48855e-05 3.77972e-05 5.72745e-05 8.65649e-05 0.000130461 0.000195997 0.000293431 0.000437633 0.000650003 0.000961138 0.0014145 0.00207152 0.00301868 0.00437774 0.00632075 0.00909276 0.013047 0.0186991 0.0268086 0.038494 0.0553812 0.0797533 0.114591 0.163158 0.227116 0.300917 0.361685 0.373146 0.329206 0.263584 0.204049 0.159478 0.129676 0.112251 0.105124 0.107282 0.119173 0.143315 0.185238 0.254431 0.363544 0.516238 0.63483 0.547242 0.3854 0.262074 0.181626 0.132009 0.102984 0.0876226 0.081415 0.0812832 0.0848466 0.0899796 0.0946776 0.097205 0.0963958 0.0918985 0.0841892 0.0743343 0.0636239 0.0532418 0.0440721 0.0366514 0.0312174 0.0277957 0.0262871 0.026537 0.0283823 0.0316747 0.0362782 0.0420338 0.0486876 0.0558046 0.0627328 0.0687175 0.0732229 0.0763648 0.0792259 0.0838816 0.0932093 0.110713 0.140531 0.187587 0.25758 0.355804 0.480669 0.598595 0.616263 0.514448 0.387182 0.280653 0.20073 0.143525 0.104126 0.0783924 0.063205 0.0563569 0.0563397 0.0620742 0.072585 0.0866766 0.102829 0.119689 0.13723 0.157716 0.184926 0.220853 0.260526 0.289352 0.293282 0.276337 0.255785 0.243762 0.241726 0.24421 0.244171 0.238078 0.227863 0.218129 0.212253 0.210758 0.211659 0.211426 0.206221 0.193497 0.173476 0.149354 0.125703 0.106305 0.0929797 0.0856346 0.0828847 0.0827216 0.0830978 0.0824012 0.0797883 0.0753081 0.0697573 0.0643033 0.060044 0.0576821 0.0573943 0.058908 0.0617854 0.0658508 0.071578 0.0801928 0.0933677 0.112514 0.137653 0.165983 0.191339 0.207225 0.213125 0.216509 0.226897 0.248913 0.278648 0.303348 0.308247 0.289849 0.25838 0.225946 0.19871 0.177533 0.160831 0.14665 0.133836 0.122456 0.113441 0.107766 0.105742 0.106784 0.109641 0.112878 0.115295 0.116033 0.114458 0.110179 0.103345 0.0948776 0.0862945 0.0792673 0.075303 0.075659 0.0813224 0.0928228 0.109721 0.129814 0.148582 0.160129 0.16027 0.149573 0.132866 0.115961 0.103107 0.0964253 0.0964234 0.102677 0.114373 0.130676 0.150873 0.174191 0.199241 0.223327 0.242413 0.252649 0.252743 0.244484 0.230632 0.212971 0.192429 0.170149 0.147908 0.127672 0.111011 0.0989079 0.0919373 0.0906375 0.0959029 0.109251 0.132719 0.167955 0.213909 0.263488 0.303681 0.326105 0.337959 0.354733 0.387985 0.442722 0.512621 0.556297 0.507112 0.390737 0.278352 0.194863 0.13878 0.102992 0.0810206 0.0681802 0.0614291 0.0589575 0.0597589 0.0632264 0.0687885 0.0756348 0.0826248 0.088489 0.0923165 0.0940886 0.0948551 0.0963249 0.100037 0.106495 0.114608 0.121748 0.124665 0.121072 0.11097 0.09663 0.0813029 0.0677643 0.0576049 0.0512567 0.0483284 0.0479413 0.0489845 0.0503299 0.0510447 0.050578 0.0488517 0.0462055 0.043224 0.0405258 0.0385931 0.0376746 0.0377615 0.0386211 0.0398738 0.0410976 0.0419347 0.0421741 0.0417925 0.0409502 0.0399535 0.0391914 0.0390579 0.0398724 0.0418138 0.0448809 0.048891 0.0535331 0.0584958 0.0636843 0.0695071 0.0771661 0.0888525 0.10774 0.137595 0.181502 0.238648 0.298644 0.339645 0.344786 0.320774 0.284374 0.246483 0.213885 0.192328 0.1858 0.195185 0.216583 0.239065 0.24673 0.231057 0.200196 0.169187 0.147807 0.138817 0.140414 0.148048 0.155997 0.160037 0.160052 0.159765 0.163871 0.175733 0.196697 0.225621 0.257391 0.28166 0.286131 0.265877 0.228303 0.186124 0.148593 0.119276 0.0979004 0.0826238 0.0715188 0.0632613 0.057253 0.0534355 0.0520395 0.0534333 0.058119 0.0668324 0.080661 0.101112 0.130094 0.169698 0.221313 0.282879 0.343508 0.381666 0.382079 0.355593 0.325308 0.306909 0.30594 0.318688 0.332503 0.333378 0.318915 0.296445 0.270393 0.240859 0.20985 0.182237 0.162082 0.150593 0.146395 0.146313 0.146241 0.142718 0.134721 0.12396 0.113255 0.104776 0.0995269 0.0978076 0.0997772 0.105592 0.115042 0.126883 0.138295 0.145245 0.144433 0.135728 0.122412 0.10883 0.0980621 0.0912924 0.0884109 0.088961 0.0928961 0.100907 0.114241 0.134032 0.160179 0.189849 0.216371 0.230525 0.225585 0.202578 0.169459 0.135258 0.105745 0.0829354 0.0664542 0.0549358 0.0468824 0.0410647 0.0366524 0.0332081 0.0306202 0.0290263 0.0287622 0.030363 0.0346273 0.0427409 0.0564326 0.0780728 0.110444 0.155462 0.21036 0.26065 0.27945 0.253063 0.200788 0.148369 0.107653 0.0801888 0.0638363 0.0559322 0.0542436 0.0570743 0.0631548 0.0715418 0.0815416 0.092599 0.104172 0.115718 0.126799 0.137077 0.146134 0.153548 0.159454 0.164887 0.171325 0.180311 0.19444 0.219105 0.262733 0.332959 0.422978 0.481333 0.441057 0.344874 0.26148 0.210576 0.19035 0.195152 0.219376 0.256265 0.294672 0.317556 0.310021 0.273432 0.223237 0.173784 0.131869 0.0988223 0.0736121 0.0546106 0.0403186 0.029563 0.0214803 0.0154393 0.0109668 0.00769653 0.00533844 0.00366231 0.00248734 0.00167423 0.00111807 0.000741577 0.00048901 0.000320895 0.000209733 0.000136638 8.8796e-05 5.75981e-05 3.73133e-05 2.41534e-05 1.56292e-05 
9.26419e-06 1.41439e-05 2.15538e-05 3.27786e-05 4.9738e-05 7.52887e-05 0.000113664 0.000171111 0.000256805 0.000384168 0.000572757 0.000850968 0.00125995 0.00185929 0.00273542 0.00401419 0.00587999 0.00860516 0.0125953 0.0184587 0.0271105 0.0399257 0.0589551 0.0872146 0.129019 0.190151 0.276868 0.389535 0.498118 0.516222 0.425723 0.315234 0.228328 0.168634 0.130483 0.108183 0.0978433 0.0975808 0.107597 0.130501 0.171931 0.241166 0.350061 0.500567 0.615504 0.534073 0.37896 0.259894 0.182887 0.136631 0.111156 0.0996275 0.0975476 0.101718 0.109397 0.117795 0.124063 0.125804 0.121787 0.112342 0.0990797 0.0841307 0.0694131 0.056257 0.045377 0.0370246 0.0311741 0.0276732 0.0263461 0.0270569 0.0297439 0.0344264 0.0411735 0.0500137 0.0607663 0.0728128 0.0849272 0.0954039 0.102691 0.10636 0.107791 0.110069 0.117309 0.134042 0.165007 0.215164 0.289342 0.390361 0.512169 0.618873 0.630893 0.533993 0.407504 0.297366 0.21284 0.151725 0.109504 0.0818807 0.0654252 0.0576146 0.0566607 0.0612634 0.0703504 0.0828814 0.0978939 0.115028 0.135517 0.162989 0.202892 0.25907 0.325226 0.373113 0.367521 0.317872 0.262829 0.223039 0.200174 0.188641 0.182113 0.176464 0.170501 0.164936 0.160748 0.158113 0.156195 0.153427 0.148057 0.138897 0.126082 0.111276 0.0970212 0.0856674 0.0786063 0.0760774 0.0773214 0.0808352 0.0846742 0.0869042 0.0862427 0.0826261 0.077244 0.0719358 0.0683783 0.0675192 0.0693726 0.0731334 0.0776391 0.0821651 0.0872147 0.0947515 0.107652 0.128595 0.158423 0.193725 0.224877 0.239804 0.235475 0.222205 0.212889 0.213399 0.221457 0.229566 0.230064 0.220507 0.204621 0.188165 0.174918 0.165532 0.158261 0.150485 0.140528 0.128819 0.117437 0.108612 0.103534 0.102077 0.103164 0.105354 0.107329 0.1081 0.106977 0.103568 0.0979657 0.0908943 0.0835652 0.0773481 0.0735193 0.0731725 0.0771594 0.0858937 0.0989361 0.114461 0.12904 0.138436 0.139621 0.132682 0.120791 0.108351 0.0990907 0.0952224 0.0975041 0.10567 0.118909 0.136278 0.156978 0.180296 0.205097 0.229033 0.248313 0.259126 0.260123 0.253017 0.240396 0.223851 0.204223 0.1826 0.160591 0.139951 0.122203 0.108505 0.0997283 0.0966885 0.100443 0.11254 0.134939 0.169148 0.213953 0.262032 0.30011 0.319941 0.329792 0.34673 0.383729 0.4473 0.533095 0.594432 0.541322 0.408447 0.28536 0.19665 0.138153 0.101295 0.0789438 0.0661438 0.0597356 0.0578404 0.0593986 0.0637728 0.0703942 0.078471 0.0868477 0.0941687 0.0994239 0.102641 0.105187 0.109289 0.116948 0.128742 0.142929 0.155407 0.161109 0.156676 0.142573 0.122729 0.102164 0.0847798 0.0725744 0.0659078 0.0640559 0.0656387 0.0689098 0.0720449 0.073514 0.0724641 0.0689142 0.0636288 0.0577448 0.0523646 0.0482747 0.0458242 0.044926 0.045143 0.0458362 0.046355 0.0462207 0.0452397 0.0435077 0.0413295 0.0391108 0.0372686 0.03617 0.0360887 0.0371725 0.0394207 0.0426827 0.0466941 0.0511746 0.0560048 0.0614654 0.068477 0.078733 0.094608 0.118677 0.152527 0.194445 0.236547 0.265503 0.271739 0.257868 0.233313 0.206157 0.18221 0.166033 0.160548 0.166097 0.179358 0.192603 0.196039 0.184755 0.163197 0.140433 0.123271 0.114179 0.112321 0.114975 0.118905 0.121923 0.124143 0.127899 0.136489 0.152824 0.178462 0.212396 0.249206 0.278066 0.286453 0.269091 0.232816 0.190457 0.15204 0.121784 0.0996623 0.0838081 0.0721889 0.0633958 0.0567894 0.0523016 0.0501689 0.0507713 0.054625 0.0624842 0.075479 0.0952349 0.123923 0.164095 0.217738 0.283304 0.349793 0.394215 0.39865 0.371336 0.333389 0.299967 0.278092 0.268088 0.265082 0.262939 0.25839 0.250409 0.23711 0.216882 0.191915 0.167399 0.147672 0.134295 0.126549 0.122526 0.120049 0.117486 0.114334 0.111142 0.108755 0.107595 0.107612 0.108837 0.111884 0.117796 0.127264 0.139588 0.151911 0.159582 0.158546 0.148478 0.133167 0.117613 0.105241 0.0972343 0.0933077 0.092799 0.0955199 0.102084 0.113651 0.131194 0.154422 0.180535 0.203487 0.215348 0.210563 0.190069 0.160557 0.129755 0.102768 0.081494 0.0657042 0.0542672 0.0459336 0.0397032 0.0349251 0.0312716 0.0286702 0.0272468 0.0273041 0.029349 0.0341754 0.043002 0.05765 0.0806814 0.115232 0.163771 0.224015 0.280507 0.3021 0.27223 0.214094 0.157119 0.113656 0.0847001 0.0676181 0.0595084 0.0581343 0.061983 0.0700821 0.0817595 0.0963297 0.11269 0.129065 0.143384 0.154373 0.162338 0.16873 0.175176 0.183092 0.193372 0.205361 0.216432 0.22459 0.232627 0.247755 0.274846 0.307213 0.322749 0.302733 0.258435 0.215797 0.190539 0.187249 0.205624 0.243373 0.295221 0.348819 0.381592 0.37182 0.322349 0.256729 0.194457 0.143376 0.104273 0.0753192 0.0542016 0.0388868 0.0277958 0.0197677 0.013967 0.0097928 0.00680826 0.00469204 0.00320568 0.00217208 0.0014604 0.000975011 0.000646853 0.000426763 0.000280204 0.000183222 0.000119395 7.75843e-05 5.03029e-05 3.25592e-05 2.10487e-05 1.35966e-05 
8.04605e-06 1.23035e-05 1.87807e-05 2.8614e-05 4.35073e-05 6.60084e-05 9.99155e-05 0.000150872 0.000227241 0.000341385 0.000511544 0.000764604 0.00114021 0.00169688 0.00252129 0.00374238 0.00555285 0.00824237 0.0122481 0.0182317 0.027194 0.0406445 0.0608479 0.0911781 0.136609 0.20429 0.303563 0.441471 0.592324 0.618517 0.48441 0.343454 0.24151 0.174481 0.132602 0.108109 0.0959432 0.0935129 0.100527 0.118954 0.152961 0.208254 0.288616 0.383022 0.440043 0.402856 0.312361 0.229123 0.170971 0.136054 0.118878 0.114727 0.120161 0.13241 0.148481 0.164516 0.17593 0.178633 0.170785 0.153715 0.131119 0.107171 0.0850282 0.0663887 0.0517833 0.041075 0.0338594 0.0297092 0.0282994 0.029467 0.033236 0.0398156 0.0495546 0.0628031 0.0796154 0.0992608 0.119691 0.137488 0.149006 0.152594 0.150222 0.146964 0.149094 0.16259 0.192701 0.243858 0.318658 0.414373 0.515893 0.58785 0.586252 0.509062 0.401085 0.299028 0.216649 0.155418 0.11247 0.0840791 0.0669205 0.0583892 0.0565448 0.0599367 0.0674333 0.0781545 0.0916334 0.108336 0.130486 0.162793 0.212283 0.285577 0.37858 0.45113 0.436192 0.352703 0.268318 0.208375 0.171746 0.151122 0.139643 0.132561 0.127326 0.122992 0.119359 0.116289 0.11338 0.109952 0.105257 0.0988288 0.0908465 0.082269 0.0745759 0.0692719 0.0674464 0.0695282 0.0751645 0.0831193 0.0912687 0.0970104 0.0983324 0.0950419 0.0890302 0.0832285 0.0802046 0.0812922 0.0862948 0.0935663 0.100632 0.105597 0.108767 0.113102 0.123057 0.142735 0.173842 0.212741 0.247307 0.260843 0.248194 0.222379 0.199259 0.185918 0.18139 0.180933 0.179861 0.176185 0.171091 0.167288 0.166803 0.169422 0.172207 0.170683 0.161914 0.147049 0.130374 0.116141 0.106549 0.101673 0.100267 0.100637 0.101276 0.101153 0.0996783 0.0965963 0.0919938 0.0863508 0.0804707 0.0753093 0.0718348 0.0709563 0.0734351 0.0796793 0.0893983 0.101228 0.112629 0.120477 0.12241 0.118196 0.109995 0.101267 0.0952986 0.0942756 0.0990824 0.109525 0.124704 0.143428 0.164602 0.18739 0.210953 0.233782 0.253345 0.266995 0.273661 0.273963 0.268383 0.256521 0.23851 0.216002 0.191468 0.16724 0.145252 0.127085 0.11399 0.106978 0.107045 0.115389 0.133369 0.161762 0.198946 0.238561 0.270365 0.288636 0.300007 0.317825 0.352104 0.406146 0.471671 0.510438 0.467785 0.364864 0.262512 0.185077 0.132629 0.0991586 0.0788421 0.0673889 0.0619849 0.0609329 0.0632812 0.0684844 0.0760726 0.0853289 0.0950685 0.103752 0.110141 0.114265 0.11793 0.124123 0.135561 0.153044 0.174096 0.192658 0.201174 0.19503 0.175742 0.14962 0.123738 0.103058 0.0898419 0.0843076 0.0853547 0.0909807 0.0985157 0.104993 0.107842 0.105719 0.0989454 0.0891835 0.0786092 0.0691315 0.0619765 0.0575921 0.0557252 0.0555859 0.0560902 0.056177 0.0551263 0.0527384 0.0492891 0.0453233 0.0414361 0.0381371 0.0358023 0.0346689 0.0348377 0.0362719 0.0388013 0.042152 0.0460247 0.0502392 0.0549294 0.0607269 0.0688307 0.0808546 0.0983509 0.121896 0.149757 0.176861 0.196004 0.20218 0.195991 0.181965 0.16511 0.149606 0.138689 0.134303 0.136517 0.143002 0.149084 0.149485 0.141691 0.127829 0.112686 0.100386 0.0928161 0.0898302 0.0900797 0.0919584 0.094538 0.098228 0.104827 0.117017 0.13764 0.168828 0.210472 0.2575 0.297147 0.311927 0.293151 0.250466 0.201564 0.158658 0.125894 0.102515 0.0860127 0.0739612 0.0647719 0.0577525 0.0528211 0.0501835 0.0501559 0.0531656 0.0598712 0.0713215 0.0890868 0.115301 0.152439 0.202333 0.263509 0.326678 0.373533 0.388404 0.372045 0.336453 0.295176 0.259197 0.233951 0.219231 0.211926 0.208462 0.205187 0.198244 0.185322 0.167697 0.149215 0.133322 0.121492 0.113557 0.10865 0.105948 0.10505 0.106011 0.108996 0.113693 0.118969 0.123314 0.126024 0.128056 0.131551 0.138327 0.14839 0.159132 0.165869 0.164382 0.154128 0.138689 0.122936 0.110249 0.101804 0.0972862 0.0959732 0.0975854 0.102595 0.11193 0.126248 0.145021 0.165666 0.183247 0.191742 0.187173 0.170373 0.146375 0.121075 0.098512 0.0802735 0.0662438 0.0555625 0.0472899 0.0407183 0.0354399 0.0312974 0.0283114 0.0266352 0.0265527 0.0285212 0.0332577 0.0418631 0.0559655 0.077798 0.109944 0.154054 0.207178 0.25534 0.273553 0.249331 0.200335 0.15064 0.111768 0.0854735 0.0699105 0.0627817 0.0623955 0.0678454 0.0788641 0.0954847 0.117398 0.14291 0.16799 0.187045 0.196515 0.1982 0.197893 0.201498 0.213028 0.233795 0.260102 0.280998 0.284157 0.269954 0.251918 0.241151 0.237318 0.231589 0.216818 0.195853 0.178454 0.173445 0.185799 0.217488 0.267957 0.3322 0.396164 0.434036 0.421806 0.36396 0.28803 0.216291 0.157603 0.112841 0.0799353 0.0562398 0.0393808 0.0274702 0.0190908 0.0132131 0.00910207 0.00623691 0.00424904 0.00287735 0.00193668 0.00129582 0.000862139 0.00057059 0.000375821 0.000246468 0.000161021 0.00010485 6.80814e-05 4.41035e-05 2.85166e-05 1.84113e-05 1.18742e-05 
7.0201e-06 1.07548e-05 1.64502e-05 2.51191e-05 3.82878e-05 5.82505e-05 8.84482e-05 0.000134032 0.000202697 0.000305928 0.000460854 0.000693018 0.00104055 0.00156046 0.00233822 0.00350231 0.0052464 0.00786309 0.0117945 0.0177076 0.0266036 0.0399732 0.0600108 0.089897 0.134133 0.19876 0.290582 0.411156 0.530295 0.549418 0.447129 0.327142 0.23516 0.173203 0.134191 0.111145 0.0989737 0.0947887 0.0979096 0.109598 0.132386 0.168607 0.21701 0.266423 0.292669 0.277634 0.233988 0.187471 0.152676 0.133023 0.127367 0.133734 0.150429 0.175645 0.206257 0.236643 0.258798 0.264865 0.251322 0.221429 0.183132 0.144451 0.110508 0.0833208 0.0629223 0.0484841 0.0390092 0.0336598 0.0318817 0.0334431 0.0384486 0.0473429 0.060877 0.0799588 0.105234 0.136201 0.169878 0.199924 0.218361 0.220772 0.210477 0.196688 0.189484 0.196864 0.224565 0.27659 0.354104 0.45038 0.541975 0.589484 0.567097 0.48863 0.388523 0.293359 0.214984 0.155661 0.113438 0.0851617 0.0677843 0.0587788 0.0561688 0.0584285 0.0643988 0.073312 0.0850104 0.1004 0.122071 0.15482 0.205483 0.28044 0.375446 0.449345 0.432241 0.343892 0.25435 0.189365 0.148004 0.123407 0.109177 0.100704 0.0951354 0.0909579 0.0874808 0.0843749 0.0813778 0.078188 0.074515 0.0702348 0.0655642 0.0611403 0.0579308 0.0570184 0.0593579 0.0655446 0.0755324 0.0882365 0.101184 0.110816 0.114081 0.110609 0.103301 0.0965722 0.0941453 0.0978852 0.107416 0.11998 0.131007 0.136448 0.13605 0.134259 0.137616 0.151515 0.177964 0.213074 0.244408 0.255081 0.239576 0.210258 0.182587 0.163936 0.154458 0.15114 0.150833 0.151926 0.154754 0.160871 0.171579 0.186027 0.199549 0.204423 0.195215 0.174238 0.149399 0.127735 0.112397 0.10334 0.0989031 0.0970313 0.0960142 0.094783 0.0928388 0.0900323 0.0864208 0.0822362 0.0778744 0.0738669 0.0708587 0.0695766 0.0707289 0.074791 0.0816939 0.0905167 0.0993975 0.10594 0.108198 0.105793 0.100305 0.0945876 0.0915647 0.093337 0.100859 0.113996 0.131736 0.152523 0.174706 0.19704 0.218932 0.24017 0.260442 0.279399 0.296882 0.311787 0.320275 0.317285 0.301412 0.276114 0.246002 0.214529 0.184426 0.15813 0.137548 0.123907 0.117946 0.120215 0.13113 0.1505 0.176408 0.204124 0.227313 0.242961 0.255185 0.271909 0.298581 0.334737 0.370936 0.384911 0.355152 0.291081 0.221649 0.164697 0.124048 0.0973826 0.0811297 0.0722331 0.068527 0.0686431 0.071803 0.0775885 0.085669 0.0954642 0.105837 0.115129 0.121901 0.126198 0.130279 0.137918 0.152605 0.175481 0.203405 0.228126 0.239095 0.230442 0.205514 0.173563 0.143592 0.121267 0.108967 0.106839 0.11353 0.126368 0.141351 0.153587 0.158629 0.154316 0.14176 0.124479 0.106509 0.0909676 0.0795902 0.0728279 0.0700939 0.0700282 0.0708391 0.0707988 0.0687922 0.0646248 0.0588873 0.0525228 0.0464239 0.0412414 0.0373681 0.0349908 0.0341368 0.0346989 0.0364505 0.0390744 0.0422306 0.0456751 0.0494141 0.0538364 0.0597359 0.0681484 0.0799616 0.0953138 0.112935 0.129905 0.142509 0.148153 0.146743 0.140247 0.131347 0.122564 0.115892 0.112511 0.112463 0.114442 0.11601 0.114599 0.10902 0.100232 0.0905718 0.0822897 0.0766269 0.0737373 0.0730919 0.0740518 0.0764383 0.0809458 0.0892787 0.104037 0.128455 0.165885 0.218385 0.282911 0.343855 0.370391 0.343223 0.282348 0.218671 0.167338 0.130624 0.105661 0.0886131 0.076388 0.0671377 0.0601047 0.0551791 0.0524872 0.0521932 0.0545248 0.0599357 0.0692934 0.084003 0.105991 0.137411 0.179756 0.231941 0.287719 0.335225 0.361869 0.360401 0.331982 0.287857 0.243363 0.208471 0.185732 0.173301 0.167665 0.164795 0.160874 0.153623 0.143319 0.132034 0.121794 0.113539 0.107334 0.103091 0.101087 0.102016 0.10667 0.115307 0.126875 0.138603 0.14691 0.149787 0.148616 0.147146 0.148698 0.154102 0.161176 0.165665 0.163664 0.154337 0.140374 0.125811 0.113681 0.105203 0.100244 0.0982112 0.0988259 0.102396 0.109526 0.12048 0.134493 0.149307 0.161239 0.166246 0.161919 0.149036 0.131059 0.112028 0.0947544 0.0803445 0.0686782 0.0591209 0.0510493 0.0440866 0.0381171 0.0332004 0.0294861 0.0271755 0.026536 0.0279531 0.0320084 0.0395714 0.0518756 0.0704898 0.0969498 0.131566 0.170826 0.204304 0.216934 0.202001 0.169209 0.133603 0.104246 0.0837213 0.0714861 0.0663252 0.0674823 0.0750334 0.0898847 0.113457 0.146756 0.188216 0.230376 0.259374 0.26477 0.252024 0.23716 0.233727 0.249539 0.287972 0.344083 0.392779 0.393229 0.342477 0.280112 0.232058 0.201225 0.181328 0.166672 0.156346 0.153584 0.162929 0.188271 0.23207 0.294181 0.368618 0.438536 0.476261 0.46042 0.398195 0.316915 0.239004 0.174186 0.124076 0.0869654 0.0602497 0.0413945 0.0282713 0.0192242 0.0130267 0.00879927 0.00592489 0.00397602 0.00265857 0.00177088 0.00117497 0.000776521 0.000511221 0.000335326 0.000219194 0.000142829 9.28039e-05 6.01483e-05 3.88987e-05 2.51101e-05 1.61849e-05 1.04198e-05 
6.14624e-06 9.43489e-06 1.44626e-05 2.21363e-05 3.38286e-05 5.16132e-05 7.86176e-05 0.000119552 0.0001815 0.000275111 0.000416384 0.000629358 0.000950172 0.00143321 0.00216038 0.00325516 0.00490368 0.00738615 0.0111228 0.0167392 0.0251568 0.0377081 0.0562719 0.0833928 0.12228 0.176367 0.247425 0.329653 0.397537 0.408065 0.354577 0.278931 0.213161 0.166134 0.136051 0.118205 0.108057 0.102661 0.101273 0.105028 0.1158 0.134544 0.15922 0.182902 0.195155 0.18969 0.170997 0.149837 0.134898 0.130324 0.137419 0.156637 0.188438 0.232662 0.286434 0.341524 0.383667 0.397071 0.374115 0.322137 0.258014 0.196662 0.145665 0.106679 0.078475 0.0590221 0.0464476 0.0393545 0.0368789 0.0386773 0.0449235 0.0563305 0.0741714 0.100197 0.136198 0.182716 0.236352 0.286448 0.316364 0.315434 0.290362 0.258908 0.23726 0.235588 0.259638 0.313119 0.397865 0.508163 0.613894 0.651579 0.594058 0.489162 0.380665 0.286261 0.210796 0.153881 0.113084 0.0854432 0.068161 0.0588575 0.0555966 0.0568372 0.0614098 0.0685932 0.0783295 0.0915633 0.110609 0.139299 0.182353 0.242517 0.312285 0.360883 0.349308 0.287718 0.218175 0.163001 0.125247 0.101258 0.0865296 0.0774332 0.0714938 0.0672192 0.0638077 0.0608563 0.0581423 0.055511 0.0528655 0.0502291 0.047831 0.0461595 0.0459455 0.0480801 0.0534826 0.062896 0.0765181 0.0933841 0.11069 0.123918 0.128912 0.125115 0.11651 0.109047 0.10762 0.11472 0.12998 0.149526 0.166017 0.17205 0.166398 0.155756 0.149372 0.153661 0.170234 0.194917 0.217053 0.223691 0.210557 0.186198 0.16234 0.145534 0.136889 0.134776 0.137099 0.142607 0.151428 0.16486 0.184269 0.208799 0.232305 0.243108 0.232229 0.203504 0.169443 0.13999 0.11886 0.105603 0.0980879 0.0939623 0.0913784 0.0892323 0.0870489 0.084699 0.0821656 0.0794516 0.0765964 0.0737471 0.0712372 0.0696113 0.0695354 0.0715766 0.0758982 0.0819716 0.088473 0.0935719 0.0956963 0.0944608 0.0910906 0.087965 0.0876677 0.0921978 0.102601 0.118876 0.139979 0.163937 0.188276 0.210964 0.231509 0.251305 0.272968 0.299398 0.332445 0.369727 0.400885 0.411756 0.398296 0.368531 0.330334 0.287814 0.244853 0.205744 0.173715 0.15034 0.135949 0.130211 0.132461 0.141612 0.155687 0.171528 0.185715 0.196898 0.207185 0.220325 0.238326 0.259241 0.276272 0.278811 0.259427 0.222511 0.180669 0.144072 0.116696 0.0983964 0.0874835 0.0821139 0.0807906 0.0824466 0.0864003 0.0922759 0.0998476 0.108739 0.11805 0.126283 0.132065 0.135553 0.139313 0.147595 0.164379 0.191076 0.224139 0.25358 0.266221 0.255285 0.226232 0.190953 0.159686 0.138391 0.129621 0.133821 0.149797 0.174308 0.201426 0.222951 0.231012 0.222143 0.199394 0.169979 0.140988 0.117048 0.100236 0.0907361 0.0873801 0.0879843 0.0897429 0.0899424 0.0868869 0.0804398 0.071722 0.0622846 0.0534295 0.0459716 0.0403012 0.0365232 0.0345602 0.0342054 0.0351494 0.0370137 0.0394124 0.0420515 0.0448482 0.0480189 0.0520748 0.0576765 0.0653527 0.075139 0.0862786 0.097215 0.106079 0.111515 0.113247 0.111978 0.108858 0.105048 0.101506 0.0988574 0.0972642 0.0963006 0.0950263 0.092414 0.0879765 0.0821131 0.0758671 0.0703445 0.06626 0.063825 0.0629204 0.0634239 0.0655758 0.0702826 0.0793052 0.0953597 0.122186 0.164491 0.227088 0.310898 0.40001 0.443774 0.401466 0.314498 0.233405 0.173632 0.133572 0.107643 0.0906111 0.0787793 0.0701038 0.0637908 0.0596845 0.0577605 0.0579091 0.0600111 0.0641892 0.0710691 0.0818998 0.0984547 0.122672 0.155944 0.197961 0.24536 0.291037 0.324533 0.333839 0.312832 0.270322 0.223619 0.185002 0.158429 0.142832 0.135168 0.131931 0.129985 0.127357 0.123626 0.119389 0.115257 0.111338 0.107572 0.104385 0.103027 0.105317 0.112979 0.12672 0.145073 0.163555 0.175837 0.177981 0.172026 0.164047 0.159247 0.15929 0.162381 0.164707 0.162626 0.154797 0.142737 0.129464 0.117676 0.108788 0.103023 0.100054 0.0996517 0.101947 0.107184 0.115219 0.125073 0.134821 0.141914 0.143992 0.139957 0.130615 0.118222 0.105248 0.0933142 0.0829235 0.0738021 0.0654446 0.0575146 0.0499845 0.0430663 0.0370683 0.032289 0.0289867 0.0274111 0.0278645 0.0307683 0.0367194 0.0465059 0.0610062 0.0808149 0.105369 0.131551 0.152804 0.161353 0.154091 0.135643 0.114037 0.0951973 0.0815908 0.0735393 0.0708135 0.0736751 0.0833964 0.102458 0.134498 0.183583 0.251187 0.327589 0.380404 0.375563 0.330145 0.286691 0.269113 0.287132 0.347835 0.454798 0.575552 0.578324 0.448972 0.322596 0.236622 0.184361 0.154368 0.13865 0.133811 0.140137 0.159972 0.196301 0.251589 0.325904 0.412697 0.492065 0.531219 0.509023 0.439044 0.351115 0.266656 0.1951 0.138737 0.0965144 0.0660419 0.0446532 0.0299408 0.0199631 0.0132604 0.00878516 0.00580869 0.00383389 0.00252599 0.0016611 0.00109008 0.00071377 0.000466282 0.000303888 0.000197589 0.000128183 8.29792e-05 5.36111e-05 3.45757e-05 2.22643e-05 1.43175e-05 9.19709e-06 
5.39147e-06 8.29219e-06 1.27371e-05 1.95383e-05 2.99292e-05 4.57805e-05 6.99251e-05 0.000106648 0.000162421 0.000247016 0.00037517 0.000569101 0.00086229 0.00130517 0.00197364 0.00298175 0.00450033 0.006784 0.0102091 0.0153244 0.0229147 0.0340684 0.0502249 0.0731407 0.10464 0.145867 0.195526 0.246686 0.284208 0.291136 0.265916 0.225153 0.186365 0.15801 0.140858 0.131553 0.125491 0.119344 0.112684 0.10758 0.106648 0.111142 0.119873 0.129163 0.134397 0.133134 0.127217 0.121496 0.12093 0.129102 0.148564 0.181859 0.232061 0.301738 0.389387 0.483768 0.560409 0.588031 0.549164 0.459786 0.355511 0.262293 0.189227 0.13573 0.0981056 0.0725595 0.0561163 0.0467231 0.0431494 0.044894 0.0521588 0.0658986 0.0879311 0.121012 0.168579 0.233366 0.313258 0.393126 0.441016 0.432887 0.383761 0.32728 0.287231 0.274727 0.2941 0.347809 0.438643 0.566017 0.701495 0.739993 0.634838 0.494578 0.373608 0.278254 0.20533 0.151023 0.111969 0.0852197 0.0681934 0.0586795 0.0548254 0.0551162 0.0583887 0.063922 0.0716133 0.0821898 0.0973375 0.119521 0.151052 0.191626 0.233764 0.259957 0.253508 0.21831 0.173592 0.133882 0.104003 0.0833651 0.0696903 0.0606888 0.0545921 0.0502136 0.0468402 0.044079 0.0417222 0.0396649 0.0378803 0.0364428 0.0355738 0.0356809 0.037372 0.041433 0.0487533 0.0601437 0.0759344 0.0952487 0.115141 0.130595 0.136841 0.133229 0.124403 0.117242 0.117411 0.127965 0.148787 0.175287 0.197458 0.204065 0.192685 0.172682 0.156086 0.149934 0.15522 0.167861 0.179846 0.182769 0.173793 0.157611 0.141579 0.130667 0.126413 0.128151 0.134447 0.144184 0.15728 0.174911 0.198723 0.228309 0.25709 0.270947 0.258318 0.224098 0.183917 0.149345 0.124206 0.107769 0.0977253 0.091698 0.087867 0.0851407 0.0830296 0.0813647 0.0800305 0.07883 0.0774991 0.0758331 0.0738501 0.0718912 0.0705705 0.0705571 0.0722553 0.0755061 0.0794655 0.0828211 0.0843937 0.0838817 0.0822442 0.081424 0.0836568 0.0908388 0.104156 0.123859 0.149017 0.177291 0.205196 0.229513 0.249542 0.268291 0.291507 0.325842 0.376519 0.441939 0.504633 0.535402 0.52649 0.494897 0.44999 0.393584 0.332104 0.274329 0.226055 0.1894 0.164097 0.148692 0.141324 0.140079 0.143005 0.14807 0.153567 0.158938 0.165085 0.173394 0.184131 0.195418 0.203284 0.203026 0.192154 0.172833 0.150559 0.13047 0.115272 0.105513 0.100608 0.099591 0.101447 0.105205 0.110026 0.115332 0.120881 0.1266 0.132166 0.13674 0.139487 0.140844 0.143395 0.151259 0.168273 0.195758 0.230024 0.260647 0.273807 0.262753 0.23392 0.199986 0.171356 0.154153 0.151569 0.165103 0.19452 0.236377 0.281953 0.317292 0.328479 0.310406 0.270676 0.223218 0.179375 0.145017 0.121945 0.109612 0.106 0.107908 0.11127 0.112088 0.107906 0.0987305 0.0864624 0.0734608 0.0615074 0.0515681 0.0439932 0.0387729 0.0357015 0.0344551 0.0346298 0.0357794 0.0374756 0.0393934 0.0414007 0.0436131 0.0463702 0.0501178 0.0552147 0.0617255 0.0692881 0.077154 0.0844363 0.0904517 0.094918 0.0978683 0.0994048 0.0995483 0.0983158 0.0959042 0.092728 0.0892144 0.0855553 0.0816804 0.0774737 0.0730084 0.0685965 0.0646543 0.061525 0.0593851 0.0582912 0.0583627 0.0600381 0.0643264 0.0730055 0.0887962 0.115567 0.158486 0.223487 0.313527 0.413985 0.465937 0.416718 0.319644 0.23338 0.172083 0.132188 0.107076 0.0911219 0.0805626 0.0734181 0.0689548 0.0669649 0.0671765 0.0690126 0.0717518 0.074976 0.0790259 0.0851519 0.0952548 0.111363 0.135004 0.16651 0.204214 0.243481 0.275524 0.288118 0.273443 0.237663 0.195877 0.159781 0.13388 0.117978 0.109923 0.107106 0.107218 0.108678 0.11069 0.112831 0.114507 0.114866 0.113429 0.110911 0.109448 0.111989 0.121267 0.138617 0.162469 0.186907 0.202811 0.204098 0.193606 0.179967 0.170227 0.166738 0.167939 0.170107 0.169272 0.16312 0.152025 0.138463 0.125349 0.114658 0.107094 0.10258 0.100884 0.10191 0.105533 0.111233 0.117861 0.123773 0.127305 0.127358 0.123815 0.117571 0.11007 0.102583 0.0956784 0.0891792 0.0825195 0.0752222 0.0672084 0.058819 0.0506254 0.0432048 0.0370096 0.0323557 0.0294783 0.0286034 0.030005 0.0340344 0.041102 0.0515671 0.0654544 0.081946 0.0987986 0.112315 0.118742 0.116723 0.108388 0.0976995 0.0879903 0.0809417 0.0770457 0.0766392 0.0808262 0.0920534 0.114478 0.154388 0.220605 0.323294 0.463053 0.58056 0.545368 0.427084 0.337689 0.299362 0.313701 0.387985 0.542182 0.804685 0.827709 0.53602 0.349589 0.238215 0.173883 0.13896 0.123412 0.122638 0.135803 0.164404 0.21099 0.277873 0.365255 0.467055 0.561766 0.607609 0.577805 0.496348 0.398922 0.305021 0.223546 0.158165 0.108891 0.0734807 0.0488914 0.0322205 0.0211012 0.013765 0.0089584 0.00582236 0.00378115 0.0024542 0.00159208 0.00103217 0.000668652 0.00043275 0.000279769 0.000180651 0.0001165 7.50332e-05 4.82646e-05 3.10084e-05 1.98996e-05 1.27578e-05 8.17203e-06 
4.72984e-06 7.2865e-06 1.12115e-05 1.72289e-05 2.64411e-05 4.0524e-05 6.20214e-05 9.4789e-05 0.000144663 0.000220463 0.000335504 0.000509852 0.000773698 0.00117237 0.00177373 0.00267893 0.00403786 0.00607056 0.00909579 0.0135661 0.0201053 0.029534 0.0428548 0.0611349 0.0851875 0.114914 0.148236 0.179981 0.202236 0.208281 0.198329 0.180093 0.163026 0.153086 0.15113 0.153407 0.15359 0.146847 0.133469 0.118041 0.10544 0.0981064 0.0957572 0.0963375 0.0974582 0.0979163 0.0985365 0.101799 0.110825 0.12876 0.159015 0.206076 0.276065 0.375614 0.506779 0.656361 0.78602 0.839137 0.774866 0.626231 0.466875 0.335657 0.238445 0.169476 0.121617 0.0891784 0.0681444 0.0558453 0.0506712 0.0519102 0.0597039 0.0751221 0.100352 0.138947 0.19587 0.276427 0.381552 0.494447 0.564318 0.545556 0.468126 0.386366 0.329593 0.307764 0.322376 0.372722 0.458723 0.578211 0.703453 0.731439 0.618458 0.476017 0.357566 0.266782 0.198305 0.14732 0.110348 0.084681 0.0680138 0.0583302 0.0538923 0.0532494 0.0552724 0.0592369 0.0649479 0.0728448 0.0839759 0.0996754 0.120718 0.145768 0.169605 0.183443 0.180284 0.161412 0.134914 0.108661 0.0867263 0.0700176 0.0578942 0.0492631 0.0430895 0.0385723 0.0351625 0.0325173 0.0304396 0.0288328 0.0276831 0.0270682 0.0271842 0.0283751 0.0311556 0.0362097 0.0443389 0.0562934 0.072379 0.0917502 0.111596 0.127169 0.134008 0.131557 0.124279 0.11886 0.120972 0.133889 0.157744 0.187788 0.212774 0.219389 0.204473 0.178751 0.155486 0.141753 0.138233 0.141462 0.145863 0.146295 0.140948 0.132134 0.124064 0.12013 0.121794 0.128811 0.139927 0.153702 0.169415 0.187738 0.210308 0.237236 0.262886 0.274446 0.2613 0.227838 0.188407 0.153816 0.127804 0.109925 0.0982961 0.0909274 0.0862504 0.0832761 0.0815209 0.0807766 0.0808452 0.0813616 0.0817766 0.0815059 0.0801811 0.0778715 0.0751266 0.072771 0.071529 0.0716599 0.0727967 0.0741101 0.0747889 0.0746247 0.074344 0.0754798 0.0799253 0.0894695 0.105455 0.128452 0.157784 0.190919 0.223418 0.250691 0.27142 0.289653 0.313549 0.352908 0.416553 0.505824 0.600026 0.656171 0.663748 0.64727 0.606898 0.536481 0.450586 0.367775 0.29802 0.244254 0.205492 0.178846 0.160974 0.149067 0.141193 0.136122 0.133139 0.132059 0.13315 0.13667 0.142222 0.148413 0.153095 0.154181 0.150779 0.143865 0.135723 0.128644 0.124071 0.122568 0.124142 0.128424 0.134637 0.141563 0.147715 0.15182 0.153382 0.15284 0.151051 0.14856 0.145615 0.143067 0.14318 0.149288 0.164389 0.189235 0.220189 0.247966 0.260763 0.252929 0.229829 0.202341 0.179967 0.169153 0.174427 0.199329 0.245812 0.311176 0.382767 0.436264 0.447684 0.412215 0.347332 0.276834 0.216099 0.170895 0.141744 0.126901 0.123355 0.12689 0.132167 0.133817 0.128559 0.116611 0.10078 0.0842889 0.0693746 0.057112 0.0477864 0.0412656 0.0372171 0.0352055 0.0347381 0.0353079 0.0364546 0.0378406 0.0393192 0.0409622 0.0430231 0.0458383 0.0496954 0.0547158 0.0608043 0.0676963 0.0750839 0.0827325 0.0904591 0.0979184 0.10433 0.108469 0.109176 0.106164 0.100361 0.0933781 0.0866221 0.0807862 0.0759095 0.0717237 0.0679822 0.0646181 0.0617235 0.0594405 0.0579041 0.0573254 0.0581951 0.0615064 0.0689249 0.0829157 0.106862 0.14504 0.201751 0.277342 0.356533 0.395285 0.36018 0.284997 0.213568 0.160765 0.12573 0.10365 0.0900004 0.0817191 0.0772672 0.0761423 0.0781284 0.0826044 0.08821 0.0931136 0.0958949 0.0965281 0.0966477 0.0988717 0.105791 0.119221 0.139759 0.166309 0.195279 0.21964 0.229945 0.220188 0.194023 0.16184 0.132716 0.110987 0.0973293 0.0906583 0.0893716 0.0919696 0.0972827 0.104364 0.112117 0.118962 0.123075 0.123396 0.120769 0.118103 0.119351 0.128092 0.146169 0.172075 0.199254 0.217156 0.218526 0.206609 0.191397 0.180978 0.178294 0.182085 0.188306 0.191547 0.187385 0.175036 0.157678 0.139866 0.12485 0.113867 0.106847 0.103315 0.102818 0.104852 0.108586 0.112766 0.11599 0.117242 0.116288 0.113685 0.110428 0.107435 0.105084 0.103014 0.100304 0.0959655 0.0894709 0.0810085 0.0713469 0.0614651 0.0522198 0.0442061 0.0377895 0.0332027 0.0306265 0.030232 0.0321902 0.0366468 0.0436421 0.052946 0.0638184 0.0748268 0.0840098 0.0896146 0.0910893 0.0894446 0.0865435 0.0839763 0.0824711 0.0821805 0.0835507 0.0882168 0.0995408 0.122945 0.166604 0.243033 0.371805 0.58239 0.881478 0.730993 0.499369 0.369372 0.314198 0.318938 0.382841 0.51529 0.703293 0.70909 0.49777 0.330197 0.224066 0.161496 0.128098 0.115222 0.118875 0.138505 0.175809 0.233368 0.31281 0.412534 0.524677 0.627758 0.679045 0.650694 0.569404 0.467077 0.360271 0.26261 0.183196 0.123929 0.0821237 0.0536818 0.0347779 0.022403 0.0143818 0.00921506 0.00589955 0.00377626 0.00241762 0.00154834 0.000991957 0.00063567 0.000407396 0.000261081 0.000167278 0.000107139 6.85881e-05 4.38847e-05 2.80622e-05 1.79338e-05 1.14544e-05 7.31218e-06 
4.14191e-06 6.38832e-06 9.84121e-06 1.51412e-05 2.32644e-05 3.56962e-05 5.46921e-05 8.36708e-05 0.000127805 0.000194901 0.000296719 0.000450924 0.000683966 0.00103529 0.00156345 0.0023547 0.003535 0.0052858 0.00786365 0.0116215 0.0170256 0.0246542 0.0351521 0.0490987 0.0667389 0.0875524 0.109758 0.130124 0.144742 0.15108 0.150107 0.146378 0.145731 0.152405 0.166708 0.183297 0.191982 0.184427 0.162154 0.134502 0.110024 0.0925072 0.0819817 0.0767878 0.0751369 0.076085 0.079952 0.0882201 0.103199 0.127906 0.166469 0.225013 0.312483 0.439938 0.614915 0.824822 1.01598 1.10595 1.00879 0.784812 0.570689 0.407431 0.29036 0.207546 0.149413 0.109382 0.0829434 0.0670079 0.059602 0.059729 0.0673311 0.0833624 0.109994 0.150916 0.211496 0.297884 0.412304 0.538117 0.617599 0.595142 0.507079 0.41594 0.353068 0.327787 0.339469 0.383563 0.453726 0.539208 0.611564 0.61594 0.53665 0.427883 0.329438 0.250431 0.189185 0.142632 0.108254 0.0839466 0.0677854 0.0579892 0.0529705 0.0513865 0.0521875 0.0546822 0.0586152 0.0642005 0.0720307 0.0827626 0.096515 0.112052 0.126226 0.134634 0.13398 0.124374 0.10903 0.0918768 0.0757378 0.0619851 0.0509566 0.0424378 0.0359957 0.0311698 0.0275662 0.02489 0.0229436 0.0216164 0.0208777 0.0207824 0.0214861 0.0232661 0.0265395 0.0318632 0.0398852 0.0511875 0.065937 0.0833037 0.100874 0.114817 0.121696 0.121159 0.116776 0.114026 0.117795 0.131034 0.15383 0.181719 0.204425 0.210069 0.195779 0.170842 0.146995 0.130653 0.122645 0.120517 0.120604 0.119816 0.117067 0.113583 0.111863 0.114235 0.121909 0.134676 0.151016 0.168643 0.185625 0.201637 0.218056 0.235744 0.251374 0.256501 0.24412 0.216863 0.184284 0.154333 0.130371 0.112711 0.100426 0.0922796 0.0871498 0.0842452 0.0831498 0.0836777 0.0856095 0.0884458 0.0913108 0.0930915 0.0928114 0.0900959 0.0854318 0.0799828 0.0750359 0.0714361 0.0693266 0.0682882 0.0677693 0.0675858 0.068232 0.0708701 0.0770741 0.0885067 0.106614 0.132248 0.165038 0.202527 0.239812 0.271291 0.294649 0.313558 0.336643 0.375014 0.43943 0.533554 0.640213 0.722189 0.771582 0.803252 0.790448 0.712385 0.600632 0.488615 0.392593 0.317854 0.263172 0.2238 0.194273 0.170649 0.151195 0.135584 0.123877 0.116074 0.112043 0.111466 0.113711 0.117803 0.122603 0.127154 0.13104 0.13447 0.13801 0.142191 0.147404 0.154078 0.162739 0.173639 0.186133 0.198282 0.207104 0.209661 0.2047 0.19364 0.179679 0.16583 0.153934 0.145229 0.141306 0.144244 0.155769 0.175844 0.201144 0.224475 0.237272 0.235211 0.221341 0.203206 0.188681 0.184605 0.197304 0.233123 0.297572 0.390749 0.495864 0.569562 0.571056 0.50645 0.41162 0.318754 0.24368 0.190053 0.156442 0.139826 0.136367 0.141114 0.147824 0.150115 0.144076 0.130097 0.111673 0.0926548 0.0755963 0.0616448 0.0510422 0.0435749 0.0388239 0.0362755 0.0353757 0.0355787 0.036411 0.0375425 0.0388399 0.0403739 0.0423695 0.0451169 0.048875 0.0538081 0.0599864 0.0674549 0.076329 0.0868181 0.0990405 0.112538 0.125631 0.135247 0.138102 0.133013 0.122052 0.109068 0.0972883 0.0881689 0.0816305 0.0768256 0.0728583 0.0692108 0.0658034 0.0628009 0.0604109 0.0588745 0.0586447 0.0606001 0.0661678 0.0773411 0.0966115 0.126655 0.169164 0.22158 0.271162 0.294003 0.275602 0.230459 0.182265 0.143435 0.116189 0.0986055 0.0881245 0.0829452 0.0823298 0.0862597 0.0946853 0.106618 0.119449 0.129207 0.132367 0.1283 0.119904 0.111717 0.107645 0.109944 0.119147 0.13411 0.151737 0.166762 0.17291 0.166405 0.149085 0.126999 0.106186 0.0902152 0.080286 0.0762293 0.0773452 0.082844 0.0919347 0.103614 0.116279 0.127518 0.134599 0.135882 0.132269 0.12729 0.125652 0.131433 0.146668 0.169938 0.195074 0.21242 0.215417 0.206902 0.195997 0.190654 0.194582 0.207436 0.224704 0.237573 0.236488 0.218832 0.191358 0.16335 0.140411 0.123983 0.113368 0.107366 0.104937 0.105159 0.106973 0.109125 0.110476 0.110497 0.109527 0.10855 0.108636 0.11036 0.113407 0.11652 0.117886 0.115895 0.109893 0.100437 0.0888944 0.0767594 0.0651688 0.0548135 0.0460863 0.0392453 0.0344883 0.0319557 0.0317145 0.0337421 0.0378955 0.0438496 0.0510174 0.0585286 0.0653781 0.0707867 0.0745913 0.0773234 0.0798108 0.0825616 0.0854342 0.0879817 0.0904106 0.0945563 0.104279 0.125448 0.166254 0.238328 0.358038 0.542296 0.741894 0.662539 0.480398 0.364148 0.310572 0.306291 0.34384 0.41467 0.483647 0.474143 0.37927 0.274273 0.195531 0.145599 0.119043 0.111194 0.120094 0.146563 0.193559 0.264616 0.360544 0.474353 0.588771 0.681117 0.727891 0.71912 0.665529 0.5682 0.439008 0.313019 0.212431 0.140105 0.0908472 0.0582931 0.0371586 0.0235898 0.01494 0.0094506 0.00597613 0.00377993 0.00239229 0.0015153 0.000960667 0.000609571 0.000387092 0.000245973 0.000156378 9.94526e-05 6.32624e-05 4.0245e-05 2.56018e-05 1.62852e-05 1.03576e-05 6.58659e-06 
3.61395e-06 5.57743e-06 8.59675e-06 1.32327e-05 2.03397e-05 3.12161e-05 4.78317e-05 7.31661e-05 0.000111716 0.000170244 0.000258893 0.000392807 0.000594496 0.000897225 0.00134979 0.00202307 0.00301875 0.00448015 0.00660444 0.00965365 0.0139585 0.0199041 0.0278792 0.038167 0.0507623 0.0651379 0.0800708 0.0937508 0.104402 0.111356 0.115969 0.12165 0.132804 0.153027 0.182466 0.214139 0.232606 0.223957 0.191473 0.151236 0.115991 0.0903412 0.07397 0.0649272 0.061358 0.0622301 0.0675582 0.0783735 0.0966489 0.125419 0.169281 0.235275 0.333685 0.477477 0.676695 0.918419 1.1345 1.23209 1.11806 0.868658 0.642548 0.471789 0.345564 0.251815 0.183073 0.134263 0.101258 0.0807386 0.0703296 0.0686343 0.0752175 0.0906375 0.116576 0.156021 0.213221 0.292492 0.393498 0.499339 0.565126 0.55211 0.482978 0.406094 0.351663 0.330564 0.342384 0.380371 0.43332 0.48562 0.516146 0.503607 0.447127 0.370203 0.294977 0.230498 0.178113 0.136944 0.105761 0.083201 0.0677749 0.0579719 0.0523978 0.0498698 0.0494741 0.0506131 0.0530427 0.0568687 0.0624461 0.0701333 0.0799013 0.0909016 0.101268 0.108507 0.110523 0.106625 0.0977271 0.0857059 0.0725827 0.0599756 0.048891 0.0397543 0.0325704 0.0271129 0.0230779 0.020179 0.0181923 0.0169712 0.0164486 0.0166399 0.0176492 0.0196799 0.0230441 0.0281552 0.0354786 0.0453937 0.0579165 0.0722918 0.0866637 0.0983292 0.105002 0.106495 0.10524 0.105107 0.109732 0.12134 0.139789 0.161344 0.178297 0.182413 0.171745 0.152512 0.133112 0.118638 0.110155 0.106241 0.104647 0.103586 0.102549 0.10245 0.105093 0.112305 0.125143 0.143287 0.164698 0.185892 0.203295 0.215308 0.223192 0.229168 0.233065 0.231262 0.220189 0.200623 0.17701 0.153712 0.133261 0.116743 0.104397 0.095913 0.0907082 0.0882523 0.0882815 0.0907476 0.0955267 0.102039 0.108978 0.114349 0.116026 0.112764 0.105022 0.0947927 0.084513 0.0759652 0.0698517 0.066016 0.0639665 0.0634033 0.064553 0.0682402 0.0757496 0.0885866 0.108198 0.135585 0.170667 0.211394 0.253258 0.290565 0.319665 0.341588 0.36252 0.393068 0.445126 0.524746 0.623793 0.724934 0.825758 0.922669 0.961998 0.902611 0.779153 0.638552 0.511884 0.412201 0.339529 0.286459 0.243904 0.206344 0.173016 0.145272 0.124067 0.10936 0.100509 0.0966975 0.0971297 0.101111 0.108102 0.117748 0.12981 0.143942 0.159433 0.175237 0.190552 0.205666 0.222081 0.241307 0.263053 0.284096 0.298528 0.29979 0.284685 0.256615 0.223574 0.192811 0.168114 0.150701 0.141012 0.139579 0.146764 0.161848 0.182051 0.202288 0.216703 0.221658 0.217689 0.20886 0.201193 0.201812 0.218779 0.261131 0.338211 0.455017 0.594524 0.686443 0.662015 0.560957 0.442706 0.337523 0.256172 0.19929 0.163969 0.146498 0.142708 0.147433 0.154228 0.156498 0.150193 0.135686 0.116562 0.0967829 0.0789942 0.0644013 0.0532723 0.0453947 0.0403341 0.037557 0.0364948 0.0366006 0.0374169 0.0386459 0.0401931 0.0421598 0.044782 0.0483393 0.0530725 0.0591502 0.0667129 0.0759977 0.0874935 0.101997 0.12034 0.142504 0.166043 0.184819 0.19094 0.181008 0.159896 0.136241 0.116253 0.102011 0.092759 0.0865902 0.0816922 0.0770254 0.072396 0.0680788 0.0644051 0.0616425 0.0601636 0.0606706 0.0642816 0.0724493 0.0867489 0.108442 0.13749 0.170691 0.199783 0.213338 0.205365 0.181441 0.152618 0.12689 0.107383 0.0943342 0.0871158 0.0853783 0.08945 0.100142 0.117995 0.141954 0.167707 0.187191 0.192101 0.180534 0.158809 0.135856 0.117977 0.107857 0.105594 0.109611 0.117012 0.123851 0.126074 0.121328 0.110341 0.096291 0.0828041 0.0724895 0.0666716 0.0657856 0.0698287 0.0785928 0.0916076 0.107807 0.125085 0.140169 0.149437 0.150754 0.145161 0.136756 0.130791 0.131575 0.141106 0.158154 0.177755 0.192716 0.198349 0.19661 0.194365 0.198709 0.214595 0.243943 0.282762 0.315999 0.320823 0.289886 0.241309 0.195353 0.160464 0.136833 0.121896 0.113049 0.108382 0.106516 0.106261 0.106501 0.106433 0.105949 0.105789 0.107217 0.111393 0.118712 0.128314 0.137958 0.144541 0.145347 0.139437 0.128043 0.113599 0.0983584 0.0836985 0.0702626 0.0584096 0.0484861 0.0408259 0.0356434 0.0329702 0.0326634 0.0344435 0.0379203 0.0426067 0.0479534 0.0534507 0.0587948 0.0640255 0.0694808 0.0754856 0.0819026 0.087909 0.0924294 0.0952637 0.0981757 0.105084 0.121502 0.154055 0.210136 0.295632 0.403859 0.486563 0.473217 0.398627 0.333648 0.299284 0.292581 0.306183 0.330033 0.344934 0.327335 0.276207 0.215135 0.163987 0.129641 0.112177 0.110487 0.124915 0.158251 0.215792 0.304041 0.425777 0.56754 0.688158 0.753907 0.782005 0.801705 0.807293 0.72041 0.539415 0.366912 0.23981 0.153852 0.0977208 0.0617002 0.0388134 0.024361 0.0152708 0.00956762 0.00599473 0.00375788 0.00235753 0.00148047 0.000930719 0.000585772 0.000369077 0.000232784 0.000146957 9.28482e-05 5.87015e-05 3.71333e-05 2.34999e-05 1.4877e-05 9.42055e-06 5.96655e-06 
3.13684e-06 4.84099e-06 7.46056e-06 1.14805e-05 1.76381e-05 2.70517e-05 4.14126e-05 6.32704e-05 9.64557e-05 0.000146701 0.000222543 0.000336635 0.000507604 0.000762666 0.0011412 0.00169948 0.00251667 0.00370168 0.00540009 0.00779838 0.0111212 0.0156139 0.0215 0.0289049 0.0377496 0.0476443 0.0578618 0.0675025 0.0759179 0.0833027 0.0911696 0.102399 0.120717 0.149418 0.188682 0.230692 0.256305 0.247071 0.207708 0.159519 0.117905 0.0876726 0.0681018 0.0569619 0.0522815 0.052937 0.0587839 0.0706499 0.0903702 0.121001 0.167298 0.236335 0.337714 0.481874 0.673117 0.890889 1.06765 1.12683 1.03804 0.860565 0.685901 0.538396 0.412568 0.307468 0.225345 0.165354 0.124082 0.097783 0.0834894 0.0792451 0.0840548 0.0978265 0.12137 0.156383 0.205125 0.269042 0.344991 0.418805 0.463806 0.460137 0.418067 0.366371 0.328783 0.316526 0.330426 0.363714 0.40382 0.434927 0.442873 0.421344 0.375514 0.318194 0.260903 0.209564 0.166082 0.130754 0.103261 0.0828428 0.0684057 0.0587222 0.0526295 0.0491561 0.0475828 0.0474692 0.0486626 0.051277 0.0556104 0.0619735 0.0704315 0.0805202 0.0910597 0.100222 0.105929 0.106514 0.101387 0.0913603 0.0783461 0.0645526 0.0517315 0.0408588 0.032224 0.0256881 0.0209282 0.0175962 0.0153996 0.0141295 0.0136654 0.0139717 0.0150946 0.0171622 0.0203834 0.0250348 0.0314147 0.0397342 0.049922 0.0613737 0.0728034 0.0824771 0.0889863 0.0921788 0.0934717 0.0952573 0.0999083 0.108882 0.121922 0.136367 0.147341 0.150085 0.143534 0.131214 0.11823 0.108065 0.101712 0.0984329 0.0968933 0.0961138 0.0960505 0.0976994 0.102747 0.11294 0.129345 0.151554 0.177007 0.200993 0.218267 0.226021 0.225697 0.221269 0.21562 0.208775 0.199289 0.186488 0.170986 0.154012 0.137082 0.121876 0.109744 0.101281 0.0964341 0.0949728 0.0968981 0.102477 0.111886 0.124608 0.138802 0.150956 0.15658 0.15246 0.139109 0.120606 0.101848 0.0861547 0.074753 0.0674402 0.063465 0.0622028 0.0635396 0.0679818 0.076557 0.0905947 0.111443 0.14011 0.176761 0.220105 0.266988 0.312746 0.35212 0.380539 0.39806 0.414356 0.445232 0.502224 0.587084 0.696898 0.831948 0.980653 1.09136 1.09941 0.988065 0.818315 0.655183 0.52602 0.434228 0.368023 0.311329 0.256309 0.205292 0.162977 0.131319 0.109701 0.0965468 0.0903685 0.0901641 0.0954777 0.106308 0.12289 0.145293 0.172809 0.203381 0.233695 0.260732 0.28438 0.308388 0.337407 0.372386 0.408101 0.433503 0.434738 0.403769 0.348199 0.286109 0.231638 0.190151 0.161683 0.144767 0.138164 0.140974 0.152026 0.169148 0.188871 0.206947 0.219596 0.224859 0.223615 0.220119 0.221674 0.237606 0.278394 0.354779 0.473593 0.619159 0.710685 0.666682 0.551175 0.431582 0.330395 0.253099 0.198803 0.164547 0.146909 0.142048 0.145183 0.150422 0.151835 0.14575 0.132323 0.114567 0.0959914 0.0790762 0.0650534 0.0542792 0.0466232 0.0417125 0.0390608 0.0381433 0.0384611 0.0396121 0.0413611 0.043679 0.0467273 0.050786 0.0561508 0.0630403 0.0715634 0.0817957 0.093999 0.108946 0.128186 0.153892 0.187647 0.227301 0.262292 0.274471 0.254448 0.214342 0.173056 0.140952 0.11973 0.106891 0.0988257 0.092498 0.0862671 0.0798729 0.0737875 0.0685306 0.0644244 0.0617586 0.0610401 0.0630705 0.0688183 0.0791611 0.0945009 0.11415 0.13553 0.153839 0.163538 0.161735 0.150276 0.133962 0.117367 0.103388 0.0935353 0.0887472 0.0900763 0.0990769 0.117787 0.148071 0.189802 0.237225 0.275212 0.284337 0.259567 0.216123 0.171988 0.136713 0.112759 0.0991032 0.0932899 0.0922464 0.0926926 0.0917293 0.0876734 0.0805997 0.0720352 0.0640381 0.0583995 0.0563605 0.0587107 0.0659731 0.0784529 0.0960122 0.117535 0.140272 0.159721 0.170927 0.171159 0.161945 0.14839 0.136493 0.130762 0.133129 0.142668 0.155853 0.168004 0.176197 0.181589 0.188883 0.20431 0.234541 0.285716 0.358276 0.430868 0.448188 0.387802 0.301883 0.230568 0.181576 0.150571 0.131646 0.12024 0.113411 0.109355 0.106879 0.105155 0.10381 0.103173 0.104327 0.108809 0.118012 0.132446 0.150963 0.170172 0.184752 0.189584 0.182962 0.167669 0.148441 0.128795 0.110102 0.0925433 0.0763076 0.0619885 0.0502956 0.0416698 0.036149 0.0334498 0.0331158 0.0346361 0.0375206 0.0413543 0.0458574 0.0509499 0.0567727 0.0635795 0.071446 0.0798771 0.0876268 0.0931823 0.0959836 0.0975512 0.101489 0.112492 0.135264 0.173437 0.227095 0.287272 0.331878 0.341417 0.325382 0.307944 0.300102 0.298372 0.295834 0.288662 0.273625 0.246949 0.210142 0.171423 0.139272 0.118154 0.109376 0.113563 0.132692 0.171439 0.237988 0.343959 0.500828 0.700372 0.853878 0.866513 0.845944 0.87678 0.960045 0.88473 0.617335 0.400149 0.2543 0.160247 0.100505 0.0628507 0.0392282 0.0244547 0.0152349 0.00948903 0.00591114 0.00368402 0.00229764 0.00143427 0.000896255 0.000560677 0.000351146 0.000220166 0.000138191 8.6825e-05 5.46017e-05 3.43654e-05 2.16446e-05 1.36411e-05 8.60168e-06 5.42651e-06 
2.70492e-06 4.17163e-06 6.42357e-06 9.87441e-06 1.51513e-05 2.32019e-05 3.54537e-05 5.40479e-05 8.21826e-05 0.000124611 0.000188358 0.000283733 0.000425752 0.000636068 0.000945546 0.00139751 0.00205164 0.00298801 0.00431051 0.00614745 0.00864655 0.0119595 0.0162115 0.0214554 0.0276164 0.0344566 0.0416031 0.0486929 0.055649 0.0630236 0.0722705 0.0857904 0.106596 0.137273 0.177493 0.219424 0.244868 0.23668 0.199307 0.152793 0.112016 0.0819201 0.0620945 0.0505912 0.045636 0.0461973 0.0521225 0.064177 0.0841452 0.115084 0.161728 0.230818 0.330565 0.467444 0.637412 0.811739 0.936081 0.969935 0.921262 0.834002 0.742582 0.63682 0.507519 0.380858 0.278634 0.203974 0.152439 0.119035 0.0999428 0.0925138 0.0950449 0.106613 0.126955 0.156297 0.194937 0.242138 0.293924 0.340653 0.368451 0.368367 0.345452 0.31543 0.294027 0.290368 0.305788 0.334592 0.365443 0.384741 0.382839 0.359072 0.320334 0.275442 0.230931 0.190224 0.154784 0.12521 0.101595 0.083537 0.0702422 0.0607451 0.0541325 0.0496829 0.0469196 0.0456133 0.0457687 0.0475998 0.051479 0.0578335 0.0669703 0.0788274 0.0926616 0.106739 0.118244 0.123837 0.121144 0.110316 0.0940899 0.076146 0.0593953 0.0453558 0.0344052 0.0262835 0.0204934 0.0165289 0.0139739 0.0125284 0.0120026 0.0123024 0.0134151 0.0153983 0.0183712 0.0224984 0.0279534 0.0348427 0.0430818 0.0522536 0.0615445 0.0698981 0.0764321 0.080923 0.0840111 0.0869674 0.0911729 0.0975186 0.105839 0.114562 0.121031 0.122852 0.119578 0.113082 0.106173 0.100911 0.0979139 0.096652 0.0961835 0.0959168 0.096127 0.0980551 0.103581 0.114616 0.132339 0.156319 0.183639 0.208746 0.22522 0.229452 0.223171 0.211781 0.200311 0.190973 0.183395 0.175922 0.16672 0.154783 0.140781 0.12683 0.115182 0.10719 0.103281 0.103592 0.108555 0.119006 0.135754 0.158717 0.185665 0.21077 0.224611 0.219015 0.19469 0.161127 0.128461 0.10224 0.083756 0.0721071 0.065799 0.0636181 0.0650213 0.0702161 0.0800284 0.0956365 0.118238 0.148707 0.187314 0.233622 0.286511 0.343616 0.398596 0.437994 0.450089 0.444819 0.448512 0.481228 0.551222 0.661623 0.814501 1.00299 1.19462 1.30104 1.21365 1.01711 0.813558 0.649626 0.538979 0.463064 0.392399 0.31586 0.243204 0.184602 0.142445 0.114593 0.0980023 0.090349 0.0904474 0.0981941 0.11433 0.140036 0.176205 0.222242 0.274556 0.32587 0.367845 0.398429 0.426576 0.464755 0.517003 0.57466 0.618388 0.621601 0.56564 0.467142 0.364255 0.280127 0.219305 0.178569 0.153683 0.14155 0.140243 0.148347 0.164255 0.185596 0.208905 0.229689 0.243427 0.24792 0.245722 0.244279 0.253706 0.284382 0.344981 0.437871 0.544564 0.606184 0.574044 0.485452 0.389473 0.306032 0.240365 0.192522 0.160856 0.143085 0.136276 0.136518 0.138982 0.13889 0.133226 0.121846 0.10685 0.0909392 0.076207 0.0638246 0.0542325 0.0474185 0.0431234 0.0409668 0.0405265 0.0414039 0.0432958 0.046063 0.0497711 0.0546771 0.0611506 0.0695482 0.0800738 0.0926895 0.10718 0.123483 0.142319 0.165911 0.198287 0.244229 0.304745 0.365819 0.389366 0.350285 0.27899 0.213369 0.166705 0.137805 0.121152 0.111 0.103009 0.0949659 0.0865935 0.0786001 0.071727 0.0663839 0.0628063 0.0613285 0.0624782 0.0668569 0.0749138 0.0866763 0.101433 0.117425 0.131845 0.141566 0.144479 0.140467 0.131227 0.119374 0.107656 0.0985844 0.0944496 0.0975968 0.110823 0.137644 0.181993 0.246325 0.325678 0.395817 0.41354 0.365886 0.289544 0.217668 0.162049 0.12338 0.0986976 0.084245 0.0763941 0.0719616 0.0684676 0.0644326 0.0595254 0.054371 0.0501061 0.0479628 0.0490718 0.0544656 0.0651379 0.0819797 0.105403 0.134485 0.165727 0.192425 0.206631 0.204147 0.187956 0.16586 0.145554 0.131887 0.126593 0.12891 0.136375 0.146015 0.15598 0.166814 0.181635 0.20588 0.247563 0.317368 0.424564 0.552343 0.592101 0.482167 0.351755 0.257673 0.198383 0.162939 0.141996 0.129222 0.120817 0.114723 0.109926 0.10605 0.10327 0.102395 0.104899 0.112718 0.127791 0.151328 0.182602 0.217182 0.245749 0.257257 0.2477 0.224058 0.196581 0.170813 0.147096 0.124078 0.10155 0.0807964 0.0633857 0.0501907 0.0412269 0.0359522 0.0336094 0.0334562 0.0348844 0.0374743 0.0410176 0.0455182 0.0511462 0.0580955 0.066308 0.0751318 0.0831895 0.0888609 0.0914317 0.0921078 0.0939124 0.100577 0.115336 0.139929 0.173358 0.210516 0.243221 0.266718 0.28559 0.307831 0.331872 0.342561 0.326953 0.291276 0.249827 0.210284 0.175107 0.146214 0.125605 0.114409 0.112947 0.121878 0.143722 0.184282 0.25379 0.367794 0.546715 0.802934 1.01803 0.953608 0.874183 0.86888 0.90944 0.824467 0.589548 0.386679 0.246899 0.155849 0.0977749 0.0611137 0.0381072 0.0237242 0.0147553 0.00917202 0.00570039 0.00354322 0.0022032 0.00137077 0.000853487 0.000531873 0.000331765 0.00020715 0.000129472 8.1002e-05 5.07257e-05 3.17943e-05 1.9945e-05 1.25213e-05 7.86624e-06 4.94493e-06 
2.31489e-06 3.5655e-06 5.48196e-06 8.41227e-06 1.28818e-05 1.9681e-05 2.99939e-05 4.55861e-05 6.90766e-05 0.000104327 0.000156991 0.000235282 0.000351017 0.000521004 0.000768814 0.00112694 0.00163915 0.00236279 0.00337004 0.00474712 0.0065892 0.00898907 0.012018 0.0157006 0.0199915 0.0247717 0.0298906 0.0352733 0.0410959 0.0479841 0.057162 0.0704469 0.0899392 0.117105 0.150755 0.183974 0.20335 0.197463 0.169225 0.132421 0.0986444 0.0727388 0.0551533 0.0447379 0.040247 0.0409384 0.0467802 0.0585607 0.0780527 0.10831 0.154083 0.222119 0.320599 0.455751 0.621699 0.781988 0.873844 0.880814 0.852949 0.842174 0.856907 0.806488 0.641232 0.470981 0.341966 0.250522 0.187247 0.145477 0.120724 0.109678 0.10982 0.119279 0.13665 0.160765 0.190341 0.223398 0.256363 0.283506 0.298316 0.297484 0.284352 0.267754 0.257261 0.259021 0.273939 0.297481 0.320695 0.333281 0.328758 0.307942 0.276832 0.241837 0.207175 0.174997 0.146381 0.121948 0.101932 0.0861089 0.0738769 0.0644828 0.0572527 0.0517303 0.0477093 0.0452062 0.0444248 0.0457384 0.0496796 0.0569095 0.068121 0.0838062 0.103777 0.126337 0.147342 0.16036 0.15966 0.144707 0.120784 0.0947762 0.0714105 0.0526099 0.0384728 0.0283043 0.0212332 0.0164848 0.0134636 0.0117518 0.0110792 0.0112902 0.0123163 0.0141554 0.0168563 0.0205037 0.0251931 0.0309835 0.0378252 0.0454771 0.053466 0.0611516 0.0679185 0.0734232 0.0777573 0.0814309 0.0851569 0.0894921 0.0944544 0.0993301 0.102912 0.104204 0.10318 0.10091 0.0989033 0.098228 0.0990161 0.100545 0.101765 0.10205 0.101805 0.102594 0.106688 0.116301 0.13275 0.155587 0.181775 0.20556 0.220284 0.222176 0.213055 0.198795 0.185274 0.175678 0.170135 0.166525 0.161755 0.153568 0.142091 0.129657 0.119071 0.112218 0.109992 0.113032 0.122442 0.139949 0.167441 0.205951 0.253782 0.302774 0.334029 0.325833 0.279213 0.218423 0.163929 0.123121 0.0957315 0.0790021 0.0700909 0.0669438 0.0685373 0.0748393 0.0865862 0.104916 0.130905 0.165103 0.207353 0.257317 0.31556 0.383128 0.455147 0.508364 0.511874 0.478133 0.45209 0.462256 0.518761 0.626029 0.787612 1.00077 1.23789 1.40412 1.3783 1.20355 0.962018 0.757369 0.629447 0.549275 0.467501 0.369297 0.276043 0.203617 0.153525 0.121464 0.10285 0.0946676 0.0957617 0.106645 0.129177 0.166098 0.220085 0.291802 0.376655 0.46116 0.52416 0.555211 0.575507 0.616487 0.687633 0.772584 0.83823 0.840373 0.746774 0.592216 0.443961 0.330803 0.252239 0.200226 0.167678 0.150062 0.144838 0.150565 0.166105 0.189828 0.218658 0.247278 0.268748 0.277833 0.275251 0.268461 0.268162 0.284055 0.321837 0.379543 0.440943 0.474332 0.458101 0.405264 0.340757 0.279552 0.227564 0.186652 0.157111 0.138293 0.12852 0.124987 0.12405 0.122095 0.11674 0.107566 0.0957816 0.0832074 0.071418 0.0614085 0.0536365 0.048189 0.0449382 0.0436491 0.0440509 0.045893 0.0490083 0.053381 0.0591997 0.0668624 0.076908 0.0898588 0.105979 0.125018 0.14612 0.16822 0.191129 0.217038 0.251577 0.303277 0.378865 0.466299 0.503918 0.438906 0.333084 0.245442 0.187228 0.152598 0.133019 0.121036 0.111417 0.101627 0.0914333 0.0817512 0.0735183 0.0672488 0.063169 0.0614958 0.062558 0.0667244 0.0742473 0.0851081 0.098863 0.114467 0.130144 0.143469 0.151847 0.153346 0.147625 0.136395 0.122977 0.111292 0.105086 0.107873 0.123472 0.156661 0.213406 0.299416 0.413221 0.524728 0.556273 0.479835 0.366885 0.26649 0.190565 0.137628 0.102772 0.0808719 0.0675415 0.0593422 0.0538008 0.0494047 0.0455458 0.042355 0.040457 0.0407543 0.0443249 0.0524357 0.0665961 0.0885042 0.119632 0.160021 0.205861 0.246705 0.267317 0.259148 0.229359 0.192742 0.160345 0.137106 0.123963 0.119797 0.122553 0.130069 0.140892 0.154959 0.174053 0.202382 0.247454 0.320406 0.432093 0.567926 0.611872 0.494596 0.359726 0.264894 0.206675 0.172958 0.153541 0.141417 0.132413 0.12452 0.117177 0.110682 0.105893 0.104179 0.107478 0.118286 0.139497 0.173933 0.222927 0.282631 0.33758 0.361372 0.342366 0.300427 0.259115 0.225912 0.196975 0.167075 0.135494 0.105365 0.0800086 0.0609095 0.0478675 0.0398306 0.0355469 0.0339059 0.0340744 0.0355289 0.0380367 0.0416034 0.0463795 0.0524989 0.0598328 0.0677224 0.0749122 0.0799852 0.0822939 0.082739 0.0836427 0.0878117 0.097534 0.113933 0.136638 0.163974 0.194429 0.229463 0.274892 0.336286 0.40484 0.440464 0.405648 0.329428 0.255748 0.199667 0.160872 0.136281 0.123431 0.120388 0.125491 0.138059 0.159941 0.197034 0.259916 0.363407 0.523334 0.737229 0.905587 0.900072 0.840354 0.792612 0.743912 0.642147 0.484894 0.334104 0.219909 0.141442 0.0898207 0.0566036 0.0354958 0.0221862 0.0138362 0.00861585 0.00535991 0.00333255 0.00207158 0.00128781 0.000800791 0.000498179 0.000310105 0.000193168 0.000120418 7.51278e-05 4.69099e-05 2.93146e-05 1.83336e-05 1.14748e-05 7.18719e-06 4.50474e-06 
1.96478e-06 3.0206e-06 4.63443e-06 7.0949e-06 1.08357e-05 1.65058e-05 2.50714e-05 3.79634e-05 5.72876e-05 8.61224e-05 0.000128931 0.000192123 0.000284808 0.000419755 0.000614584 0.000893138 0.00128688 0.00183605 0.00258999 0.00360587 0.00494482 0.00666446 0.00880815 0.011393 0.014403 0.017798 0.0215505 0.02572 0.0305575 0.0366138 0.0448013 0.0563327 0.072415 0.0935049 0.117968 0.140609 0.153221 0.149605 0.131299 0.106069 0.0815014 0.0616656 0.0476696 0.0392078 0.0356646 0.0366753 0.0423899 0.053649 0.0722059 0.101079 0.145064 0.211341 0.309835 0.452202 0.644744 0.852982 0.931576 0.867182 0.819489 0.855742 0.997053 1.04021 0.772102 0.557582 0.410308 0.305134 0.229515 0.178084 0.146928 0.132194 0.130376 0.138535 0.154131 0.174696 0.197602 0.220019 0.238975 0.25155 0.255579 0.250997 0.240823 0.230465 0.225499 0.229394 0.242191 0.260254 0.277111 0.28578 0.282154 0.266968 0.244264 0.218282 0.191831 0.16647 0.143197 0.122746 0.105489 0.0913196 0.0797481 0.0701627 0.0620868 0.0553147 0.0499128 0.046151 0.0444445 0.0453462 0.0495889 0.0581412 0.0722182 0.0931315 0.121721 0.156915 0.193149 0.218568 0.220161 0.196119 0.158065 0.119158 0.0864116 0.0614981 0.0435746 0.0311061 0.0226429 0.0170498 0.0135146 0.0114882 0.010617 0.0106872 0.0115817 0.0132519 0.0156973 0.0189528 0.0230728 0.0281064 0.0340542 0.0408137 0.0481337 0.0556108 0.0627524 0.0691031 0.0743978 0.0786679 0.0822097 0.0853854 0.0883614 0.0909773 0.0928841 0.0938968 0.0943175 0.0949434 0.0966978 0.100094 0.104826 0.109707 0.113115 0.113929 0.112478 0.11075 0.111635 0.117778 0.130613 0.149646 0.171912 0.192078 0.204167 0.204837 0.195674 0.181954 0.169217 0.160754 0.156934 0.155668 0.153628 0.148209 0.139258 0.128991 0.120299 0.115363 0.115568 0.122262 0.137498 0.164226 0.205816 0.265052 0.342425 0.430714 0.498114 0.48544 0.393572 0.287879 0.203764 0.145697 0.108656 0.0867202 0.0752719 0.0713379 0.0734787 0.0815649 0.0964538 0.11951 0.151906 0.193702 0.24316 0.297578 0.356496 0.423577 0.498313 0.554394 0.546634 0.489944 0.44315 0.43823 0.484801 0.587253 0.749649 0.96875 1.21016 1.38581 1.42863 1.31141 1.04057 0.806083 0.666872 0.58418 0.497695 0.39061 0.289785 0.213002 0.160905 0.128097 0.109353 0.101558 0.103988 0.118088 0.147193 0.196218 0.270786 0.374706 0.504621 0.64128 0.738121 0.752908 0.737552 0.765735 0.850637 0.959637 1.0368 1.01593 0.875761 0.678657 0.502974 0.373644 0.284676 0.224897 0.186028 0.163281 0.154175 0.157453 0.172311 0.19757 0.230428 0.265107 0.292975 0.3062 0.30341 0.291623 0.282015 0.28397 0.301523 0.331672 0.363445 0.381061 0.374491 0.346828 0.307859 0.265487 0.224354 0.187615 0.157689 0.135851 0.121814 0.113823 0.109203 0.105203 0.0998803 0.0925853 0.0838123 0.0746091 0.0660094 0.0587427 0.0531989 0.0495161 0.0476901 0.0476542 0.0493261 0.0526376 0.0575772 0.0642579 0.0729995 0.084389 0.0992609 0.118522 0.142751 0.171576 0.203092 0.234051 0.261643 0.286432 0.314401 0.356241 0.42169 0.501179 0.532373 0.459995 0.348456 0.257671 0.197895 0.16233 0.141824 0.12864 0.11755 0.106162 0.0944258 0.0834111 0.0741876 0.0673619 0.0631852 0.0618178 0.0634754 0.0684203 0.0768948 0.0890694 0.104975 0.124287 0.145865 0.167129 0.183859 0.191297 0.186739 0.171737 0.151589 0.132758 0.12084 0.120315 0.135476 0.171581 0.235412 0.333838 0.466069 0.599162 0.643991 0.562671 0.432303 0.311707 0.218744 0.153268 0.109582 0.081465 0.0637573 0.0526155 0.0453876 0.0404311 0.0369386 0.0347625 0.0342509 0.0361331 0.0414946 0.0518491 0.0692725 0.0964987 0.136709 0.19232 0.261176 0.328502 0.362882 0.343148 0.288439 0.22937 0.181115 0.14701 0.126029 0.11607 0.114937 0.120659 0.131711 0.147283 0.1677 0.195211 0.234784 0.293431 0.374237 0.457065 0.478805 0.412615 0.322142 0.251698 0.207415 0.182647 0.16913 0.160183 0.151636 0.141873 0.131213 0.121005 0.113004 0.109213 0.11204 0.124576 0.150882 0.196179 0.266212 0.362879 0.467592 0.516599 0.469994 0.39107 0.330319 0.291347 0.25938 0.221573 0.177393 0.134379 0.0988428 0.0727832 0.0553245 0.0445476 0.0385002 0.0355902 0.034687 0.0351039 0.0365307 0.0389325 0.0424193 0.0470772 0.0527629 0.0589187 0.0645662 0.0686586 0.0707396 0.071462 0.0724846 0.0758192 0.08314 0.0954351 0.113099 0.136556 0.167577 0.21107 0.27618 0.373929 0.501512 0.585198 0.512886 0.378092 0.270323 0.199557 0.157722 0.136942 0.131654 0.137472 0.150151 0.166195 0.185402 0.213212 0.260145 0.338476 0.45611 0.60229 0.729518 0.789307 0.779538 0.712 0.614427 0.501604 0.381212 0.27111 0.184009 0.121246 0.0784133 0.0501011 0.0317515 0.0200087 0.0125581 0.00785892 0.00490784 0.00306033 0.00190635 0.00118675 0.000738524 0.00045955 0.00028599 0.000178027 0.000110866 6.90758e-05 4.30626e-05 2.68621e-05 1.67671e-05 1.04727e-05 6.5454e-06 4.09347e-06 
1.6532e-06 2.53557e-06 3.88011e-06 5.923e-06 9.01722e-06 1.36877e-05 2.0711e-05 3.12282e-05 4.69056e-05 7.01559e-05 0.000104442 0.000154683 0.000227776 0.000333261 0.000484094 0.000697502 0.000995793 0.0014069 0.00196435 0.00270614 0.00367215 0.00489984 0.00641883 0.00824642 0.010388 0.0128485 0.0156602 0.0189293 0.0228943 0.0279767 0.034788 0.0440398 0.056282 0.0713887 0.0878334 0.102202 0.109962 0.108019 0.0971112 0.0812275 0.0648179 0.0508406 0.040576 0.0342807 0.0318511 0.0332611 0.0388265 0.0494128 0.066686 0.0934932 0.13445 0.196813 0.291757 0.436226 0.655225 0.973213 1.05766 0.851968 0.764013 0.79414 0.920934 0.964041 0.787238 0.61778 0.483363 0.370134 0.280263 0.217361 0.17946 0.16169 0.159087 0.167512 0.183364 0.202927 0.222107 0.23696 0.24474 0.244649 0.237791 0.226689 0.214778 0.205756 0.202613 0.206653 0.216945 0.230415 0.24262 0.249262 0.247974 0.239119 0.224795 0.207149 0.187641 0.167371 0.147517 0.129235 0.11325 0.0996352 0.0879597 0.0776633 0.0683902 0.060136 0.0532082 0.0481061 0.0454322 0.0458985 0.0504226 0.060279 0.0772515 0.103666 0.141961 0.192905 0.250777 0.296122 0.300981 0.26073 0.201045 0.145188 0.101588 0.0702502 0.0486108 0.0339826 0.0242394 0.0178679 0.0138453 0.0115026 0.0104137 0.0103157 0.0110546 0.012549 0.0147684 0.0177214 0.0214467 0.0260005 0.0314286 0.0377221 0.0447622 0.0522761 0.0598332 0.0669148 0.0730596 0.0780248 0.0818451 0.0847274 0.086875 0.0884081 0.0894546 0.0903261 0.0916285 0.094193 0.0988037 0.105777 0.114507 0.123205 0.129269 0.130603 0.12726 0.121844 0.118174 0.119482 0.127304 0.141059 0.157955 0.173403 0.182549 0.182725 0.17507 0.163666 0.153038 0.146091 0.143323 0.143036 0.142369 0.139002 0.132658 0.125126 0.118983 0.116503 0.119593 0.130485 0.152439 0.189918 0.247925 0.330562 0.439697 0.573005 0.697313 0.676774 0.50996 0.350868 0.238223 0.165151 0.120059 0.0938329 0.0803649 0.0760326 0.0792131 0.0899213 0.109462 0.139927 0.183257 0.239417 0.303694 0.365921 0.417733 0.462887 0.508257 0.537512 0.517302 0.459548 0.411922 0.403489 0.444695 0.540829 0.69587 0.904652 1.1293 1.28457 1.31607 1.20844 0.977685 0.766196 0.631015 0.545326 0.462473 0.367436 0.278434 0.20982 0.162848 0.133128 0.116137 0.109411 0.11305 0.129603 0.163927 0.223202 0.316459 0.451831 0.628967 0.827205 0.974294 0.945463 0.862542 0.86105 0.942674 1.05423 1.1203 1.06045 0.891981 0.695606 0.527466 0.402516 0.313751 0.251077 0.207798 0.180506 0.167535 0.167961 0.181101 0.205912 0.23982 0.277191 0.308978 0.325859 0.324427 0.310571 0.295461 0.288444 0.293174 0.307317 0.324046 0.335202 0.335508 0.324329 0.30325 0.273738 0.238009 0.20034 0.165836 0.138091 0.118172 0.105054 0.0965867 0.0904508 0.0848799 0.0790062 0.0727879 0.0666617 0.0611721 0.056749 0.0536534 0.0520297 0.0519848 0.0536383 0.0571264 0.0625835 0.0701425 0.0799991 0.0925517 0.108583 0.129376 0.156597 0.19172 0.234808 0.282749 0.328341 0.363018 0.383105 0.393729 0.406813 0.432947 0.465215 0.466107 0.408075 0.323262 0.25016 0.199967 0.169041 0.150041 0.136355 0.123702 0.110466 0.0970636 0.0847634 0.0747081 0.0675426 0.0635289 0.062798 0.065514 0.0719298 0.0824165 0.0975258 0.118007 0.144529 0.176776 0.211789 0.242414 0.258528 0.253102 0.228432 0.194644 0.162848 0.140956 0.133878 0.145521 0.180598 0.24534 0.345745 0.479426 0.615033 0.678502 0.620376 0.487726 0.351818 0.244414 0.168465 0.117609 0.0845723 0.0634673 0.0500382 0.0414133 0.0358063 0.0322668 0.030487 0.0306647 0.0334398 0.0399236 0.0518352 0.0717452 0.103388 0.151862 0.223035 0.319634 0.426771 0.486457 0.446211 0.355004 0.269576 0.205159 0.160646 0.132379 0.117239 0.112789 0.117005 0.128062 0.144258 0.164254 0.187887 0.216996 0.254489 0.299328 0.338018 0.34586 0.315269 0.268939 0.230233 0.207176 0.197404 0.194465 0.191581 0.184251 0.171582 0.155603 0.139455 0.126125 0.11826 0.11859 0.130536 0.158944 0.211024 0.29729 0.430302 0.606243 0.705545 0.59666 0.467921 0.392356 0.355607 0.326259 0.280756 0.221141 0.163097 0.116727 0.08389 0.0624721 0.0494348 0.0420482 0.0382224 0.0365201 0.0360759 0.0364817 0.0376488 0.0396522 0.0425635 0.0462834 0.0504236 0.0543325 0.0573515 0.0592358 0.0604639 0.0621705 0.0657475 0.072424 0.0831035 0.0985845 0.120216 0.151007 0.197038 0.268638 0.379495 0.533587 0.647744 0.551031 0.389242 0.270263 0.196929 0.157801 0.143735 0.148469 0.166387 0.190212 0.211382 0.225511 0.238103 0.261998 0.309554 0.386611 0.487835 0.594946 0.680133 0.698995 0.626406 0.511861 0.39879 0.298402 0.214215 0.14825 0.0997253 0.0657058 0.0426498 0.0273864 0.0174464 0.0110487 0.00696587 0.00437691 0.00274307 0.00171576 0.00107162 0.000668603 0.00041685 0.000259773 0.000161849 0.000100834 6.28272e-05 3.9155e-05 2.44098e-05 1.52234e-05 9.49837e-06 5.92916e-06 3.70299e-06 
1.37878e-06 2.10882e-06 3.21731e-06 4.89506e-06 7.42561e-06 1.12279e-05 1.69174e-05 2.53917e-05 3.79502e-05 5.64577e-05 8.35636e-05 0.000122989 0.000179893 0.000261311 0.000376669 0.000538311 0.000761966 0.00106702 0.00147641 0.00201585 0.00271237 0.00359212 0.00467819 0.00598978 0.0075453 0.00937218 0.0115259 0.0141172 0.0173413 0.0214949 0.0269565 0.0340978 0.0430907 0.0535994 0.0644492 0.073551 0.0784745 0.0776692 0.0714613 0.0618493 0.0513386 0.0419192 0.0347499 0.0303509 0.0289393 0.03072 0.0361087 0.0459292 0.0616501 0.0857286 0.122128 0.177074 0.260053 0.384652 0.565904 0.786684 0.84628 0.725846 0.653682 0.663692 0.725813 0.763235 0.735293 0.674421 0.574869 0.448389 0.337823 0.262006 0.218715 0.200079 0.198886 0.209817 0.22858 0.250357 0.269071 0.278686 0.275955 0.262162 0.242067 0.221214 0.20402 0.193218 0.18986 0.193353 0.201683 0.211971 0.221258 0.227306 0.229145 0.226947 0.221147 0.211638 0.198044 0.180803 0.161649 0.142803 0.125812 0.111079 0.0981736 0.0864537 0.0755607 0.0655973 0.0570402 0.0505552 0.0468733 0.0468036 0.0513726 0.0620552 0.0810509 0.111523 0.157477 0.222175 0.3019 0.370982 0.37986 0.319124 0.236378 0.165142 0.112793 0.0766674 0.0523827 0.0362413 0.0255897 0.0186431 0.0142364 0.0116221 0.0103263 0.0100546 0.0106294 0.0119508 0.0139744 0.0166995 0.0201638 0.0244354 0.029591 0.0356745 0.0426369 0.0502761 0.0582085 0.0659135 0.0728655 0.0786936 0.0832594 0.0865994 0.0888276 0.0901339 0.0908876 0.0917273 0.093543 0.0973434 0.104012 0.113916 0.12633 0.138892 0.147802 0.14963 0.144007 0.134366 0.125729 0.122011 0.124825 0.133479 0.145343 0.156531 0.163178 0.163165 0.157163 0.148089 0.139401 0.133515 0.131024 0.130766 0.130602 0.12872 0.124765 0.119968 0.116413 0.116341 0.122164 0.137052 0.165599 0.214007 0.289045 0.394662 0.526537 0.671068 0.793218 0.753011 0.557466 0.380094 0.256778 0.177234 0.128091 0.099411 0.0847639 0.0804942 0.0851581 0.0992021 0.124754 0.165328 0.224988 0.30575 0.400724 0.483863 0.521389 0.517944 0.504362 0.486234 0.449986 0.400788 0.363745 0.359251 0.397884 0.486008 0.627191 0.813699 1.00545 1.12328 1.11637 1.00161 0.827616 0.66424 0.546612 0.464246 0.39165 0.318014 0.250513 0.197386 0.160154 0.136117 0.122119 0.116734 0.121015 0.138457 0.174938 0.238957 0.341467 0.492745 0.690826 0.901891 1.04121 0.987049 0.878929 0.855525 0.912431 0.992875 1.02657 0.958285 0.813911 0.657093 0.522714 0.41834 0.338695 0.277531 0.231875 0.200993 0.184575 0.182034 0.192511 0.214742 0.246291 0.282225 0.314412 0.333676 0.335397 0.323755 0.308753 0.299257 0.299022 0.306734 0.318142 0.328865 0.336133 0.337835 0.330207 0.308451 0.271845 0.226779 0.182536 0.145615 0.118177 0.0993633 0.0869918 0.0787292 0.0727357 0.0679021 0.0637818 0.0603511 0.0577523 0.05613 0.0555945 0.0562749 0.0583915 0.0622789 0.0683307 0.0768952 0.088195 0.102367 0.119695 0.141023 0.168171 0.204043 0.252001 0.313961 0.386518 0.456535 0.50417 0.517516 0.500689 0.469568 0.44167 0.420319 0.390984 0.342454 0.285063 0.235602 0.200977 0.178906 0.163542 0.149624 0.134482 0.118093 0.10192 0.0876366 0.0764148 0.0688152 0.0650143 0.0650731 0.0691094 0.0773997 0.0905047 0.109473 0.136018 0.172309 0.219725 0.275748 0.32928 0.359815 0.350711 0.307143 0.250319 0.199032 0.163213 0.146953 0.152641 0.183579 0.244924 0.342531 0.477687 0.633184 0.743685 0.702062 0.544351 0.386081 0.265515 0.181692 0.125716 0.0891519 0.0655599 0.0503942 0.0406157 0.034327 0.0304845 0.0286873 0.0290461 0.0321393 0.0390702 0.0516409 0.0726585 0.106371 0.158931 0.238316 0.351189 0.486457 0.569041 0.514392 0.401108 0.30199 0.228442 0.176552 0.142138 0.122312 0.114852 0.117725 0.128751 0.145295 0.164306 0.183222 0.201393 0.219983 0.23885 0.252925 0.254403 0.242044 0.224831 0.213778 0.214255 0.224694 0.238098 0.245067 0.239024 0.220352 0.194786 0.168729 0.146801 0.132104 0.127295 0.135548 0.161457 0.212119 0.298263 0.433363 0.615935 0.722876 0.611028 0.485207 0.419295 0.395698 0.37472 0.324664 0.252513 0.182984 0.129039 0.0918493 0.0681079 0.0538937 0.0459122 0.041713 0.0396217 0.0386153 0.0381866 0.0381943 0.038701 0.0398118 0.0415315 0.0436788 0.0459137 0.0479066 0.049591 0.0513397 0.0539274 0.0583037 0.0653477 0.0757893 0.0904079 0.110557 0.13898 0.180678 0.243102 0.333205 0.442572 0.507845 0.451699 0.339204 0.245216 0.185402 0.156287 0.152719 0.170713 0.205362 0.246448 0.276791 0.283596 0.274424 0.269847 0.285687 0.327833 0.393955 0.474291 0.546306 0.565903 0.507316 0.409234 0.312902 0.2316 0.166578 0.116586 0.0796495 0.0533406 0.0351604 0.0228916 0.014761 0.00944693 0.00601032 0.00380608 0.00240132 0.00151059 0.000948055 0.00059392 0.000371542 0.00023218 0.000144977 9.04769e-05 5.64453e-05 3.5208e-05 2.19603e-05 1.36983e-05 8.54614e-06 5.33304e-06 3.32895e-06 
1.13988e-06 1.73802e-06 2.64274e-06 4.00644e-06 6.05419e-06 9.1164e-06 1.3675e-05 2.04276e-05 3.03761e-05 4.49452e-05 6.61405e-05 9.67504e-05 0.000140598 0.000202841 0.000290307 0.000411831 0.000578551 0.00080407 0.0011044 0.00149756 0.00200295 0.00264044 0.00342995 0.00439228 0.00555264 0.00694818 0.00864009 0.0107287 0.0133661 0.0167566 0.021129 0.0266637 0.0333631 0.0408798 0.0483789 0.0545797 0.0581133 0.0581175 0.0546956 0.0488692 0.0420901 0.0357111 0.0307141 0.0277093 0.0270775 0.0291454 0.0343513 0.0434044 0.05747 0.0784158 0.109142 0.153937 0.21854 0.308662 0.422816 0.531651 0.571939 0.542916 0.515289 0.526062 0.572076 0.634251 0.703794 0.755503 0.686013 0.526063 0.39154 0.3076 0.26479 0.25012 0.253677 0.269493 0.293736 0.321134 0.342763 0.348584 0.333758 0.302483 0.264875 0.230573 0.205255 0.190758 0.186273 0.189292 0.19649 0.204839 0.212523 0.219147 0.225214 0.231072 0.235606 0.235633 0.227549 0.2106 0.188032 0.164539 0.143301 0.125196 0.109629 0.0956569 0.0827315 0.0709156 0.0607368 0.052927 0.0482558 0.0475373 0.0517879 0.0624854 0.081885 0.11332 0.161188 0.229507 0.315493 0.392209 0.402538 0.335185 0.245814 0.170613 0.116157 0.0788954 0.0539417 0.0373547 0.0263715 0.0191597 0.0145322 0.0117277 0.0102615 0.00982918 0.0102451 0.0114043 0.0132609 0.015817 0.0191174 0.0232416 0.0282826 0.0343056 0.0412899 0.0490695 0.0573055 0.065525 0.0732312 0.0800267 0.0856629 0.0899974 0.0929706 0.0947038 0.0956534 0.0966554 0.0988106 0.103296 0.111141 0.122861 0.137778 0.153184 0.164289 0.166429 0.158823 0.145703 0.133189 0.125757 0.125058 0.130302 0.13896 0.147546 0.152713 0.152548 0.147372 0.139384 0.131405 0.125573 0.122617 0.121844 0.121723 0.120831 0.11868 0.115979 0.114333 0.115924 0.123577 0.141264 0.174757 0.231955 0.321756 0.448316 0.595071 0.711346 0.747898 0.673925 0.520016 0.369961 0.257555 0.181413 0.132657 0.103437 0.0883838 0.084479 0.0907998 0.108438 0.140583 0.19269 0.272413 0.388115 0.540308 0.684754 0.700921 0.606776 0.513271 0.443568 0.387315 0.340814 0.312068 0.311544 0.347341 0.425736 0.550474 0.715055 0.883351 0.976497 0.941165 0.8207 0.677493 0.550062 0.453146 0.381307 0.32172 0.267368 0.219621 0.18189 0.154963 0.137152 0.126428 0.122273 0.126441 0.142869 0.177499 0.23837 0.335139 0.475017 0.648799 0.808947 0.883737 0.847756 0.779632 0.757879 0.787306 0.829905 0.839776 0.790819 0.697802 0.594783 0.502497 0.425016 0.359076 0.302576 0.256815 0.224128 0.205675 0.201061 0.208895 0.227285 0.253786 0.284589 0.313623 0.333517 0.339653 0.334062 0.32408 0.317228 0.31752 0.324793 0.336467 0.350416 0.365818 0.379967 0.384275 0.366665 0.323103 0.264203 0.20555 0.156912 0.120955 0.0963068 0.0802298 0.0700233 0.0635929 0.0595698 0.0571978 0.0561197 0.0561715 0.0572606 0.0593613 0.0625972 0.0673325 0.0741767 0.0838504 0.096941 0.113659 0.133784 0.157015 0.183801 0.216352 0.259197 0.318698 0.400761 0.504649 0.611164 0.681266 0.689696 0.638781 0.551573 0.464553 0.395867 0.342011 0.295563 0.256256 0.227814 0.210887 0.200992 0.19113 0.176243 0.155925 0.133228 0.111728 0.0938098 0.0805275 0.0721006 0.0684192 0.069358 0.0749234 0.0853555 0.101323 0.124296 0.156993 0.203516 0.26824 0.351624 0.440182 0.495325 0.477262 0.400468 0.310307 0.234914 0.18351 0.157265 0.15598 0.181017 0.236255 0.327762 0.461861 0.637833 0.804241 0.767639 0.576488 0.404481 0.278813 0.191876 0.133338 0.0946468 0.0693729 0.0529247 0.0421942 0.0352224 0.0309136 0.0288149 0.0289782 0.0319148 0.0386542 0.0509113 0.0713689 0.104046 0.154585 0.229751 0.333551 0.452067 0.524722 0.493426 0.407047 0.321051 0.24967 0.194172 0.154523 0.130154 0.119686 0.121122 0.131876 0.148443 0.166274 0.180853 0.189976 0.19476 0.197458 0.198615 0.197508 0.195417 0.197205 0.20897 0.234385 0.271616 0.310607 0.333887 0.327864 0.295975 0.252897 0.210845 0.176015 0.151248 0.138472 0.139909 0.15876 0.199726 0.268719 0.36874 0.482232 0.540809 0.500294 0.43412 0.397333 0.388152 0.374401 0.327141 0.25552 0.185941 0.131992 0.0949586 0.0715189 0.0577057 0.0501552 0.0463227 0.0444155 0.0432854 0.0423194 0.0413209 0.040371 0.0396722 0.0394025 0.0396209 0.0402691 0.0412759 0.0427116 0.0448978 0.0483936 0.0538654 0.0619261 0.0730547 0.0876889 0.106551 0.131167 0.164267 0.209176 0.26626 0.323947 0.351211 0.324028 0.263639 0.205471 0.16676 0.151575 0.160195 0.192509 0.246267 0.309864 0.354376 0.352012 0.315766 0.280665 0.266999 0.279257 0.313908 0.361543 0.403521 0.412124 0.373575 0.306509 0.236446 0.175753 0.127149 0.0898542 0.062172 0.0422283 0.0282342 0.0186325 0.0121651 0.00787349 0.00505973 0.0032327 0.00205561 0.00130205 0.000822119 0.000517739 0.000325363 0.00020412 0.000127882 8.0033e-05 5.00463e-05 3.12758e-05 1.9537e-05 1.22008e-05 7.61815e-06 4.75654e-06 2.96997e-06 
9.34381e-07 1.41995e-06 2.15145e-06 3.24933e-06 4.89042e-06 7.3327e-06 1.09499e-05 1.62791e-05 2.40857e-05 3.54498e-05 5.18789e-05 7.54509e-05 0.00010899 0.000156273 0.000222258 0.000313317 0.000437443 0.000604391 0.000825718 0.0011147 0.00148616 0.00195646 0.00254389 0.00327019 0.0041638 0.00526546 0.00663605 0.00836485 0.0105743 0.0134141 0.0170354 0.0215347 0.0268665 0.0327416 0.0385613 0.0434667 0.0465546 0.047213 0.0453958 0.0416618 0.0369593 0.0323149 0.0286026 0.0264642 0.0263542 0.0286436 0.0337357 0.0421769 0.0547701 0.0727046 0.0976921 0.131998 0.178 0.236415 0.302008 0.358699 0.387032 0.388901 0.388884 0.408295 0.455492 0.533887 0.648152 0.763646 0.718218 0.552585 0.422122 0.348812 0.319124 0.316768 0.329202 0.350768 0.380837 0.415785 0.44279 0.444694 0.413896 0.35959 0.299809 0.249079 0.213916 0.194803 0.188908 0.191717 0.198413 0.205594 0.212519 0.220806 0.232893 0.249977 0.269516 0.2835 0.281745 0.261048 0.228715 0.194827 0.165225 0.141104 0.121303 0.104256 0.0889835 0.0753197 0.0636847 0.0547456 0.0492023 0.0477735 0.051339 0.0611669 0.0791598 0.108017 0.150982 0.21012 0.280575 0.33912 0.346494 0.295659 0.223511 0.159121 0.110557 0.0763641 0.0529584 0.037108 0.0264313 0.0193019 0.014643 0.0117504 0.0101673 0.00960238 0.00987706 0.0108928 0.012612 0.0150474 0.0182557 0.0223266 0.0273589 0.0334194 0.0404891 0.0484145 0.0568933 0.0655191 0.0738713 0.0815931 0.0883924 0.0939922 0.0981594 0.100888 0.102605 0.104186 0.106771 0.111546 0.11956 0.131416 0.146579 0.162393 0.173845 0.175858 0.167486 0.153228 0.139554 0.131093 0.129505 0.13402 0.142172 0.150499 0.155531 0.155124 0.14941 0.140548 0.131432 0.124332 0.12018 0.118572 0.118262 0.117915 0.116793 0.115146 0.114223 0.116175 0.124109 0.142465 0.177599 0.23822 0.334532 0.471957 0.627355 0.715847 0.684911 0.584885 0.460233 0.342834 0.249281 0.181519 0.135576 0.106789 0.0915884 0.0879729 0.0956959 0.116513 0.154586 0.217077 0.314917 0.463764 0.684731 0.985309 0.955998 0.701757 0.529025 0.416794 0.341852 0.292277 0.266003 0.266006 0.29682 0.363314 0.469109 0.61052 0.758971 0.837387 0.788723 0.672159 0.551831 0.451201 0.374191 0.315826 0.268746 0.228484 0.194614 0.168198 0.149288 0.136573 0.128644 0.125455 0.128946 0.142815 0.172111 0.222923 0.301266 0.408745 0.532105 0.634289 0.67692 0.662416 0.631578 0.621118 0.63632 0.658116 0.662477 0.637198 0.588537 0.531707 0.476692 0.424627 0.373418 0.324058 0.281243 0.249838 0.232244 0.228071 0.234945 0.249722 0.269694 0.292753 0.316115 0.335508 0.346885 0.349379 0.346264 0.343171 0.34498 0.353356 0.367301 0.386383 0.411352 0.438551 0.453705 0.436674 0.38114 0.304398 0.2294 0.168658 0.124561 0.0947177 0.0755455 0.0638148 0.0571097 0.0538226 0.0529718 0.0539759 0.0564616 0.0601686 0.0649811 0.0710609 0.0789843 0.089745 0.104528 0.124253 0.149004 0.177679 0.208408 0.240182 0.275044 0.319305 0.382882 0.476679 0.605436 0.748423 0.84625 0.860195 0.780632 0.633013 0.490631 0.385498 0.314819 0.269316 0.243412 0.234526 0.238507 0.246088 0.244486 0.226007 0.194385 0.159321 0.128243 0.104236 0.0876757 0.0779467 0.0743518 0.076422 0.0839429 0.0969567 0.115953 0.142396 0.179549 0.233167 0.311105 0.419583 0.549367 0.641239 0.605973 0.482492 0.356842 0.260254 0.196427 0.162244 0.154786 0.173534 0.220802 0.301197 0.419343 0.570582 0.702759 0.686811 0.546181 0.400142 0.284258 0.199705 0.14079 0.100999 0.0746197 0.0572265 0.0457066 0.0380695 0.0331953 0.0306049 0.0303038 0.032721 0.0387461 0.049859 0.0683271 0.0973943 0.141207 0.203728 0.2848 0.370982 0.428984 0.4322 0.393088 0.335007 0.27174 0.2137 0.168582 0.139475 0.12591 0.125655 0.135523 0.151221 0.167191 0.177826 0.180299 0.176243 0.169821 0.16467 0.163223 0.168194 0.1838 0.215408 0.267666 0.340548 0.420875 0.473346 0.463126 0.403187 0.330401 0.265121 0.213067 0.17527 0.152196 0.144609 0.153703 0.181006 0.227314 0.288932 0.350277 0.383403 0.376546 0.353383 0.339385 0.336131 0.324392 0.286534 0.229184 0.17161 0.125561 0.0933764 0.0729987 0.0613014 0.0553694 0.0528295 0.0518717 0.0512152 0.0500903 0.0482182 0.0457371 0.0430472 0.0406083 0.0387809 0.0377789 0.0377344 0.0388195 0.0413426 0.0457624 0.0526099 0.0623462 0.0752093 0.0911228 0.109777 0.13097 0.155034 0.18253 0.212121 0.237003 0.245077 0.22939 0.197975 0.166414 0.146403 0.144042 0.162876 0.205768 0.273055 0.353573 0.409955 0.400087 0.342575 0.284932 0.249527 0.238965 0.248219 0.268185 0.285447 0.284985 0.260072 0.218079 0.171754 0.129643 0.094945 0.0678917 0.0475653 0.0327339 0.0221787 0.0148271 0.00980009 0.00641552 0.00416611 0.00268715 0.00172342 0.00110008 0.000699398 0.000443172 0.00028003 0.000176532 0.00011107 6.97708e-05 4.37705e-05 2.74302e-05 1.71755e-05 1.07474e-05 6.72178e-06 4.20249e-06 2.62679e-06 
7.59753e-07 1.15058e-06 1.73694e-06 2.61323e-06 3.91719e-06 5.84859e-06 8.69504e-06 1.28672e-05 1.89466e-05 2.7748e-05 4.04011e-05 5.84528e-05 8.39928e-05 0.000119801 0.000169511 0.000237787 0.000330494 0.000454849 0.000619552 0.000834905 0.00111301 0.00146815 0.0019177 0.00248386 0.0031966 0.00409816 0.00524858 0.00673109 0.00865409 0.0111448 0.0143281 0.0182829 0.0229769 0.0281896 0.0334582 0.038099 0.0413487 0.0426125 0.0417139 0.0390012 0.0352398 0.0313638 0.0282394 0.026545 0.0267733 0.0293029 0.0344809 0.0426851 0.0543606 0.0700424 0.090364 0.115988 0.147248 0.183187 0.220035 0.250921 0.270089 0.279815 0.290621 0.314209 0.359012 0.430493 0.526542 0.609085 0.594671 0.502839 0.422946 0.385706 0.386636 0.409077 0.43467 0.457704 0.487002 0.525901 0.556872 0.551646 0.499893 0.418968 0.335905 0.269002 0.224402 0.200777 0.193367 0.195904 0.202222 0.208577 0.215341 0.226335 0.246478 0.278936 0.320796 0.357231 0.36451 0.333952 0.283071 0.232205 0.190188 0.157632 0.132207 0.111414 0.0936389 0.0782987 0.0655292 0.0557861 0.0495894 0.0474753 0.0500955 0.0583694 0.0736022 0.097441 0.131364 0.175009 0.22243 0.257933 0.261823 0.231042 0.18327 0.136424 0.0983767 0.0700597 0.0498273 0.0356417 0.0258017 0.019059 0.0145443 0.0116655 0.0100256 0.00936564 0.00952659 0.0104251 0.0120385 0.0143952 0.0175664 0.0216511 0.0267492 0.0329191 0.0401278 0.0482148 0.0568953 0.0658172 0.0746441 0.0831015 0.0909375 0.0978505 0.103528 0.107852 0.111118 0.114025 0.117479 0.122399 0.129625 0.139717 0.152366 0.165465 0.174836 0.176204 0.168808 0.156576 0.145224 0.138968 0.139468 0.146174 0.156744 0.167382 0.17376 0.172916 0.164966 0.152876 0.140499 0.130707 0.124672 0.122026 0.121425 0.121262 0.120383 0.118621 0.117012 0.117745 0.124091 0.140535 0.173127 0.22968 0.318574 0.442242 0.575413 0.641386 0.601042 0.510847 0.41226 0.320703 0.243478 0.183244 0.139585 0.110746 0.094915 0.091057 0.0994926 0.12244 0.16463 0.233985 0.342074 0.503349 0.729863 0.991038 0.963942 0.720327 0.527468 0.395627 0.30917 0.255457 0.228125 0.225675 0.249406 0.301846 0.38466 0.493256 0.603501 0.659649 0.624758 0.538757 0.449532 0.375197 0.317538 0.272615 0.235833 0.204626 0.178761 0.158824 0.144695 0.135275 0.129408 0.127047 0.129745 0.140357 0.162503 0.19997 0.255404 0.327106 0.404089 0.465679 0.495252 0.496546 0.489041 0.489878 0.502565 0.518647 0.52658 0.520196 0.501552 0.476692 0.449063 0.417562 0.380646 0.340985 0.305055 0.279219 0.26687 0.267606 0.277425 0.290503 0.303064 0.315866 0.331581 0.350303 0.368128 0.379372 0.381261 0.377606 0.376146 0.382236 0.397264 0.422467 0.459522 0.501966 0.526522 0.504517 0.432417 0.337161 0.247566 0.176995 0.126743 0.093215 0.0720046 0.0594101 0.0527515 0.0502515 0.0507907 0.0536608 0.0583751 0.0645909 0.0721782 0.0814165 0.0932022 0.109083 0.130957 0.160351 0.197262 0.23895 0.280036 0.31575 0.347057 0.382624 0.436038 0.521216 0.645024 0.788665 0.894719 0.922595 0.837662 0.659859 0.491886 0.371984 0.296598 0.25604 0.243917 0.256758 0.289164 0.325855 0.338912 0.310142 0.254401 0.197045 0.15095 0.118354 0.0975505 0.0863474 0.0831555 0.0870612 0.0975551 0.114263 0.13697 0.166232 0.204663 0.258285 0.336636 0.449396 0.592365 0.700835 0.653219 0.506813 0.368176 0.265109 0.197427 0.160014 0.148788 0.162209 0.201263 0.268316 0.363581 0.475565 0.56422 0.572304 0.498122 0.391289 0.289593 0.208264 0.149146 0.108476 0.0812656 0.0631652 0.0510031 0.0427465 0.0372644 0.0340714 0.0331385 0.0348033 0.0397766 0.0492252 0.0648838 0.0891021 0.124597 0.173426 0.234503 0.299967 0.354911 0.38567 0.385814 0.353069 0.295601 0.23314 0.182054 0.148622 0.132521 0.130747 0.139208 0.152866 0.165756 0.172291 0.169957 0.160889 0.150102 0.142559 0.142154 0.152625 0.178835 0.227384 0.306069 0.420552 0.561167 0.666272 0.64194 0.531456 0.418083 0.325515 0.254222 0.202 0.16765 0.150452 0.14963 0.164057 0.191458 0.226635 0.259863 0.279786 0.282812 0.277066 0.272255 0.268698 0.257082 0.229415 0.189416 0.148088 0.113745 0.089227 0.0739078 0.0658199 0.0627514 0.0626372 0.063656 0.0642879 0.0634528 0.0607019 0.056294 0.0510152 0.0458127 0.0414725 0.0384982 0.0371806 0.0377519 0.0405232 0.0459447 0.0545655 0.0668792 0.0830387 0.102461 0.123508 0.1437 0.160808 0.173995 0.183264 0.187377 0.183509 0.170591 0.152419 0.13611 0.128526 0.134885 0.159345 0.205296 0.272921 0.350713 0.403613 0.394037 0.33727 0.27551 0.230519 0.205909 0.197779 0.199028 0.200808 0.194851 0.177403 0.150977 0.121316 0.0932929 0.0694154 0.050336 0.0357345 0.0249124 0.017096 0.0115721 0.00774048 0.0051247 0.00336314 0.0021905 0.00141756 0.000912305 0.000584374 0.000372812 0.000237024 0.000150252 9.50077e-05 5.99482e-05 3.77583e-05 2.37462e-05 1.49151e-05 9.35851e-06 5.86699e-06 3.67557e-06 2.30143e-06 
6.13108e-07 9.25245e-07 1.39168e-06 2.08582e-06 3.11427e-06 4.63081e-06 6.85562e-06 1.01015e-05 1.48086e-05 2.15912e-05 3.12963e-05 4.50795e-05 6.44966e-05 9.16144e-05 0.000129138 0.000180553 0.000250284 0.000343864 0.000468135 0.000631509 0.00084436 0.00111969 0.00147427 0.00193047 0.00251916 0.00328365 0.00428455 0.00560437 0.0073497 0.00964688 0.0126255 0.016383 0.0209268 0.026098 0.031501 0.0364889 0.0402657 0.0421281 0.0417663 0.0394437 0.0359252 0.0322062 0.0292301 0.0277363 0.0282546 0.0311735 0.0368069 0.045411 0.057139 0.0719548 0.0895599 0.109384 0.130595 0.15198 0.171715 0.187666 0.19897 0.207973 0.220183 0.242051 0.278747 0.332137 0.395637 0.445789 0.454054 0.429416 0.410643 0.423952 0.473832 0.541145 0.585361 0.593529 0.601514 0.629768 0.655198 0.636478 0.562672 0.45997 0.360432 0.282724 0.23165 0.204447 0.195187 0.19667 0.202079 0.207673 0.214818 0.229186 0.258141 0.307766 0.377164 0.445405 0.466052 0.4193 0.343143 0.271998 0.215841 0.173624 0.141729 0.116794 0.0965371 0.0798249 0.0663457 0.056202 0.0496349 0.0469381 0.0484987 0.0548634 0.0667376 0.0848076 0.109204 0.13835 0.167271 0.187009 0.188683 0.171108 0.142036 0.110956 0.0836095 0.0618471 0.0454159 0.0333555 0.0246622 0.0185075 0.0142662 0.0114849 0.00984443 0.00913032 0.00921125 0.0100245 0.0115656 0.0138806 0.0170553 0.0211978 0.0264072 0.0327296 0.0401106 0.0483675 0.0572093 0.0663114 0.0754094 0.0843413 0.0929896 0.10118 0.108675 0.115312 0.121151 0.126458 0.131564 0.136806 0.142588 0.149371 0.157267 0.165258 0.170854 0.171396 0.166493 0.158904 0.152761 0.151353 0.156269 0.167386 0.182675 0.197808 0.206835 0.205201 0.193154 0.175476 0.157893 0.144258 0.135928 0.132281 0.131484 0.131309 0.129989 0.12697 0.123233 0.121149 0.124112 0.136346 0.162919 0.20951 0.280683 0.374019 0.467843 0.519014 0.506883 0.455166 0.387893 0.316508 0.248927 0.191345 0.146942 0.116275 0.0987151 0.0937546 0.101938 0.125596 0.169545 0.241659 0.352546 0.511266 0.70728 0.86387 0.846559 0.682649 0.507028 0.373192 0.282841 0.226807 0.197673 0.191657 0.207688 0.245893 0.305336 0.37971 0.450593 0.48758 0.473777 0.426421 0.371823 0.32353 0.283951 0.250761 0.221327 0.194854 0.172284 0.154825 0.142717 0.135104 0.130858 0.129549 0.131858 0.139391 0.154249 0.178481 0.213031 0.255912 0.30053 0.33711 0.359022 0.368423 0.37399 0.383524 0.398875 0.416173 0.429698 0.436012 0.435502 0.430325 0.420955 0.405406 0.382518 0.355343 0.330472 0.314766 0.312755 0.324689 0.344252 0.359431 0.362527 0.359805 0.364185 0.382222 0.409167 0.430602 0.433126 0.419447 0.404932 0.401665 0.414332 0.446052 0.499647 0.565316 0.603707 0.569213 0.471479 0.35642 0.25555 0.179075 0.125757 0.0906756 0.0688087 0.0561863 0.0500099 0.0484363 0.0502949 0.0548346 0.0615461 0.070103 0.0804675 0.093151 0.109507 0.131843 0.163148 0.20619 0.26155 0.324321 0.381879 0.420152 0.438076 0.450528 0.476635 0.53067 0.616385 0.717265 0.794829 0.813804 0.742247 0.59709 0.452123 0.344612 0.278028 0.247764 0.250989 0.288154 0.359027 0.447337 0.491897 0.435743 0.332114 0.240782 0.175791 0.13373 0.108816 0.0966985 0.0948424 0.102011 0.117509 0.140411 0.169078 0.201629 0.237993 0.28253 0.344079 0.430505 0.533955 0.60287 0.565727 0.453286 0.337509 0.247012 0.185594 0.150427 0.138496 0.148513 0.181094 0.237755 0.317997 0.413071 0.49793 0.533689 0.49591 0.405048 0.304429 0.220479 0.159183 0.117279 0.0894103 0.0708596 0.0582452 0.0494604 0.0433788 0.0395369 0.037894 0.0387048 0.0424959 0.0501111 0.0627762 0.0821017 0.109889 0.147541 0.194983 0.249544 0.305768 0.355062 0.381713 0.366264 0.311437 0.245263 0.190764 0.155737 0.139332 0.137541 0.145193 0.156429 0.165258 0.167016 0.16038 0.148089 0.135287 0.127172 0.128148 0.142571 0.176052 0.23652 0.334465 0.480554 0.672263 0.833669 0.793882 0.638638 0.493959 0.379789 0.292124 0.227049 0.182666 0.157277 0.148589 0.153651 0.16864 0.188437 0.206819 0.218417 0.221761 0.21978 0.216002 0.210305 0.198878 0.178812 0.152224 0.124838 0.101775 0.0855014 0.0762233 0.0729114 0.0740138 0.0777513 0.0821785 0.0852688 0.0852781 0.0813729 0.0740524 0.0648776 0.0556797 0.0478844 0.0423097 0.0393305 0.0391622 0.042098 0.048644 0.0595332 0.0755733 0.0972116 0.12367 0.151771 0.175574 0.188814 0.189498 0.181056 0.168223 0.153663 0.138642 0.125048 0.115973 0.115024 0.125738 0.151368 0.194116 0.252336 0.314545 0.355369 0.351663 0.310318 0.25748 0.211896 0.180099 0.161272 0.151076 0.143913 0.134822 0.121263 0.103707 0.0844844 0.0660332 0.0499121 0.0367223 0.0264241 0.0186596 0.0129647 0.00888147 0.00600962 0.0040228 0.00266765 0.0017546 0.00114588 0.00074374 0.000480148 0.000308539 0.000197466 0.000125937 8.00757e-05 5.07819e-05 3.21317e-05 2.02914e-05 1.27928e-05 8.05374e-06 5.06412e-06 3.18102e-06 1.99644e-06 
4.9135e-07 7.3894e-07 1.1075e-06 1.65382e-06 2.46001e-06 3.64399e-06 5.37384e-06 7.88733e-06 1.1518e-05 1.67293e-05 2.41594e-05 3.46772e-05 4.94535e-05 7.00468e-05 9.85088e-05 0.000137509 0.000190485 0.000261831 0.000357144 0.000483566 0.000650309 0.000869463 0.00115728 0.00153615 0.00203746 0.00270558 0.00360266 0.00481374 0.00645016 0.00864791 0.0115553 0.0153019 0.0199417 0.0253671 0.0312141 0.0368109 0.0412564 0.0436896 0.0436702 0.0414379 0.0378459 0.0340274 0.0310469 0.0297251 0.0306464 0.034247 0.0408814 0.050798 0.0639929 0.079968 0.0975251 0.114846 0.130027 0.141817 0.149977 0.155161 0.158857 0.16357 0.172688 0.189718 0.217124 0.254724 0.297376 0.33443 0.357433 0.372736 0.400518 0.462917 0.575462 0.724385 0.802277 0.752753 0.705188 0.701194 0.705235 0.668512 0.581015 0.470602 0.367211 0.286981 0.233556 0.203857 0.191984 0.190967 0.194396 0.199048 0.206867 0.224285 0.259863 0.321611 0.410986 0.505127 0.539818 0.483869 0.392212 0.307468 0.239841 0.188431 0.149891 0.120721 0.098158 0.0804571 0.0667283 0.0566 0.049953 0.0468045 0.0472906 0.0516555 0.0601697 0.0729127 0.0893628 0.107794 0.124757 0.135469 0.135939 0.12573 0.108285 0.0883651 0.0695363 0.053509 0.0406642 0.0307382 0.0232647 0.0177768 0.0138763 0.0112469 0.00965062 0.00892151 0.00895914 0.00972303 0.0112271 0.0135332 0.0167393 0.0209599 0.0262917 0.0327672 0.0403082 0.0487034 0.0576408 0.0668034 0.0759893 0.0851763 0.0944692 0.103969 0.113669 0.123436 0.133004 0.141932 0.149636 0.15559 0.159651 0.162274 0.164334 0.166382 0.168007 0.168272 0.167051 0.16571 0.166436 0.171214 0.181369 0.197322 0.217706 0.23787 0.249857 0.246839 0.229289 0.204606 0.180957 0.163274 0.152972 0.148935 0.148492 0.14842 0.146129 0.140729 0.133407 0.126981 0.125085 0.13162 0.150539 0.185478 0.238308 0.305668 0.374658 0.425562 0.446282 0.43686 0.399128 0.338945 0.270533 0.20788 0.158237 0.1234 0.10286 0.0959199 0.102869 0.12575 0.169024 0.240133 0.34937 0.506647 0.706354 0.87259 0.836795 0.656174 0.479702 0.347729 0.258608 0.203012 0.173132 0.164203 0.173791 0.200434 0.241726 0.29165 0.338287 0.366475 0.368358 0.350022 0.323515 0.296841 0.271907 0.247315 0.221883 0.196593 0.174035 0.156552 0.144977 0.138678 0.136377 0.136965 0.139878 0.145156 0.153458 0.1659 0.183318 0.205075 0.228361 0.249225 0.265261 0.277598 0.289917 0.305436 0.324596 0.344982 0.363146 0.376877 0.386192 0.392157 0.394713 0.392251 0.383948 0.372121 0.361961 0.359824 0.371896 0.401355 0.44056 0.464342 0.452189 0.422448 0.408061 0.424006 0.463622 0.498962 0.497249 0.461773 0.423998 0.404868 0.411279 0.447467 0.518555 0.616517 0.682127 0.627643 0.492948 0.358206 0.25101 0.173538 0.120758 0.0865039 0.0654819 0.0537395 0.048544 0.0480967 0.0512462 0.0572609 0.0656853 0.0763167 0.0893437 0.10565 0.127178 0.157154 0.200029 0.260841 0.342937 0.441225 0.53012 0.569691 0.556065 0.526325 0.510569 0.520968 0.55681 0.604568 0.640242 0.639131 0.584789 0.488542 0.386892 0.306595 0.256783 0.23924 0.256151 0.313607 0.421607 0.580855 0.692908 0.573205 0.400687 0.275571 0.195276 0.146573 0.119462 0.10794 0.109048 0.121725 0.14558 0.179404 0.219481 0.259011 0.291605 0.318255 0.348466 0.390534 0.437963 0.462026 0.433409 0.362137 0.281549 0.213233 0.164282 0.135217 0.125094 0.133699 0.162224 0.213034 0.288438 0.387595 0.498552 0.578498 0.556969 0.447318 0.328185 0.234961 0.170163 0.127303 0.0993474 0.0808225 0.0680523 0.0588742 0.0522189 0.0477039 0.0453252 0.0452855 0.0479439 0.0538453 0.0637741 0.0787801 0.100117 0.129036 0.166452 0.212516 0.265716 0.319514 0.355815 0.35003 0.302127 0.240955 0.190717 0.159776 0.1474 0.149145 0.158736 0.169001 0.173583 0.169193 0.156706 0.140244 0.125115 0.116203 0.117699 0.133939 0.170641 0.235907 0.340124 0.491966 0.681092 0.830087 0.813637 0.679477 0.534711 0.413275 0.317154 0.24447 0.194051 0.163963 0.151063 0.15133 0.160076 0.172162 0.182705 0.18838 0.188482 0.184515 0.178255 0.169958 0.158446 0.143005 0.125009 0.107501 0.0934951 0.0848086 0.0819315 0.0843989 0.0911367 0.100557 0.11041 0.117707 0.119327 0.113559 0.101387 0.0859538 0.0707032 0.0579972 0.0489257 0.0437813 0.0426111 0.0456121 0.0533633 0.0669256 0.0877652 0.117269 0.155351 0.197632 0.232638 0.2456 0.232062 0.202846 0.171441 0.144823 0.124681 0.111094 0.104528 0.106286 0.118315 0.142719 0.180592 0.229484 0.279777 0.314114 0.316984 0.288596 0.243756 0.198533 0.162012 0.136215 0.11899 0.106645 0.095756 0.0842451 0.0716627 0.0586972 0.0463797 0.0355101 0.0264705 0.0192913 0.0137909 0.00969604 0.00671879 0.0045968 0.00310993 0.00208334 0.00138355 0.000911824 0.000596908 0.000388453 0.000251487 0.000162073 0.000104032 6.65416e-05 4.24308e-05 2.69833e-05 1.71191e-05 1.08385e-05 6.84978e-06 4.3222e-06 2.72361e-06 1.71427e-06 
3.91324e-07 5.86557e-07 8.76136e-07 1.30384e-06 1.93274e-06 2.85307e-06 4.19305e-06 6.13362e-06 8.92799e-06 1.29277e-05 1.86166e-05 2.66548e-05 3.79342e-05 5.365e-05 7.53899e-05 0.000105248 0.00014597 0.000201151 0.000275509 0.00037527 0.000508765 0.000687326 0.000926654 0.00124887 0.00168548 0.00228143 0.00310027 0.00422982 0.005787 0.0079184 0.010791 0.0145638 0.0193294 0.0250198 0.0312894 0.0374348 0.0424583 0.0453645 0.0456139 0.0434473 0.0398156 0.0359854 0.0331337 0.0321654 0.0337471 0.0384302 0.0467362 0.0591037 0.0756195 0.0955096 0.116577 0.135191 0.147589 0.152086 0.150121 0.145054 0.140373 0.138953 0.143124 0.154721 0.174723 0.20253 0.235322 0.268901 0.301439 0.338203 0.392926 0.486532 0.64667 0.896325 1.04498 0.877806 0.773029 0.736856 0.713902 0.659481 0.567325 0.460373 0.36227 0.285399 0.232381 0.200539 0.184929 0.17979 0.179992 0.183164 0.191284 0.210213 0.247769 0.311021 0.400149 0.493018 0.535156 0.498157 0.419556 0.33568 0.261584 0.202183 0.157231 0.12403 0.0995137 0.081286 0.0677839 0.0580693 0.0515981 0.0480931 0.0474842 0.0498361 0.0552095 0.0634418 0.0738699 0.0850738 0.0948324 0.100579 0.100436 0.0942247 0.0835329 0.0707294 0.0578696 0.0462123 0.0362981 0.0282212 0.0218598 0.0170117 0.01346 0.0110057 0.00948409 0.00877506 0.00880793 0.00956295 0.0110695 0.0134002 0.0166595 0.0209613 0.0263944 0.0329761 0.0406062 0.049049 0.0579756 0.067079 0.0762254 0.0855547 0.0954513 0.106386 0.118693 0.132324 0.146606 0.160154 0.171171 0.178124 0.18039 0.178686 0.175033 0.171882 0.17089 0.172519 0.176584 0.18289 0.191436 0.20249 0.216764 0.235206 0.257559 0.27969 0.292469 0.287165 0.264383 0.233737 0.205378 0.18511 0.174421 0.171645 0.172973 0.17371 0.170101 0.161033 0.148414 0.136038 0.12808 0.128241 0.139584 0.164452 0.203891 0.256433 0.317245 0.379461 0.435234 0.468984 0.455425 0.391266 0.30717 0.230586 0.171578 0.130881 0.106648 0.0972295 0.102223 0.123019 0.163273 0.229364 0.33062 0.478254 0.677462 0.870018 0.814547 0.611377 0.439338 0.316362 0.233835 0.181928 0.153283 0.143205 0.148916 0.168455 0.199308 0.236894 0.273812 0.301585 0.315045 0.315226 0.307067 0.294647 0.278774 0.258312 0.233268 0.206431 0.182133 0.16384 0.152883 0.148723 0.149808 0.154165 0.159587 0.164001 0.16644 0.167824 0.170284 0.175463 0.183475 0.193355 0.204429 0.21724 0.23318 0.253149 0.276371 0.300296 0.321807 0.339062 0.35249 0.363857 0.374303 0.38356 0.391159 0.397837 0.405644 0.41825 0.442901 0.489283 0.554882 0.595356 0.557517 0.48588 0.445111 0.454691 0.504485 0.553577 0.544914 0.484092 0.422777 0.388035 0.386147 0.420301 0.495411 0.605474 0.68536 0.620491 0.471592 0.335177 0.232439 0.16028 0.11181 0.080679 0.061919 0.0519329 0.0482389 0.0491722 0.0536387 0.0609507 0.0707582 0.0830858 0.0985017 0.118418 0.14545 0.183713 0.23908 0.319494 0.43452 0.588711 0.747485 0.78859 0.702914 0.608758 0.544638 0.511297 0.502093 0.505878 0.507523 0.491981 0.450786 0.389084 0.323287 0.269153 0.235969 0.228894 0.253007 0.316287 0.430315 0.598663 0.721487 0.592278 0.412208 0.283834 0.202224 0.153492 0.127606 0.118876 0.124999 0.145944 0.182633 0.234804 0.297082 0.354108 0.384552 0.383288 0.369417 0.36144 0.360195 0.351953 0.323376 0.275898 0.222364 0.174644 0.138871 0.117125 0.11003 0.118453 0.144395 0.191439 0.264925 0.371274 0.511588 0.644114 0.628677 0.482757 0.344091 0.245214 0.180166 0.13859 0.111976 0.0943169 0.0818012 0.0723397 0.0650519 0.0597608 0.0565932 0.055753 0.0574563 0.0619663 0.0696626 0.081108 0.0970968 0.118663 0.146986 0.182985 0.225963 0.270158 0.30053 0.298783 0.264738 0.219211 0.181958 0.161645 0.15899 0.170133 0.187491 0.200813 0.201462 0.187748 0.164933 0.140443 0.120343 0.108807 0.109048 0.124571 0.160296 0.223209 0.32162 0.460093 0.623412 0.749972 0.757836 0.65859 0.530536 0.415332 0.321243 0.249106 0.198942 0.169231 0.156782 0.157196 0.165188 0.175068 0.181877 0.182851 0.178039 0.169349 0.158782 0.147279 0.134866 0.121668 0.108692 0.0977348 0.0906653 0.0887862 0.0926128 0.101946 0.115994 0.133292 0.151195 0.165197 0.169538 0.16056 0.14022 0.11486 0.090708 0.0713113 0.0577812 0.0500015 0.047609 0.0505609 0.0594472 0.0756915 0.101648 0.140326 0.193833 0.258544 0.3159 0.332995 0.298786 0.241197 0.187696 0.147822 0.12138 0.105898 0.0995608 0.101905 0.113693 0.136367 0.170911 0.215733 0.263739 0.300818 0.31072 0.287587 0.242522 0.193115 0.150984 0.119633 0.0977348 0.0822798 0.0703691 0.0600131 0.0502833 0.0410521 0.0325754 0.0251493 0.0189394 0.0139539 0.0100859 0.00716896 0.00502114 0.00347135 0.00237241 0.00160486 0.00107582 0.000715379 0.000472301 0.000309839 0.000202114 0.000131183 8.47661e-05 5.45568e-05 3.49907e-05 2.2372e-05 1.42646e-05 9.07307e-06 5.75856e-06 3.64794e-06 2.30704e-06 1.45688e-06 
3.09949e-07 4.63135e-07 6.89618e-07 1.02307e-06 1.51187e-06 2.22508e-06 3.26063e-06 4.75658e-06 6.90605e-06 9.97739e-06 1.43407e-05 2.05029e-05 2.91533e-05 4.12233e-05 5.79652e-05 8.10563e-05 0.00011274 0.000156024 0.000214957 0.000295046 0.00040387 0.000552014 0.000754471 0.00103272 0.00141772 0.00195403 0.00270508 0.00375924 0.00523537 0.00728466 0.010083 0.0138044 0.0185624 0.0243129 0.0307278 0.0371028 0.0424124 0.0456159 0.04614 0.0442293 0.040876 0.0374023 0.0350411 0.0347622 0.0373388 0.0435171 0.0541459 0.0701371 0.0920903 0.119388 0.148801 0.173687 0.186289 0.183446 0.169453 0.152016 0.137243 0.128425 0.127069 0.133898 0.149146 0.172347 0.202129 0.236683 0.275433 0.321545 0.384169 0.479478 0.628088 0.830216 0.942461 0.863802 0.79628 0.767632 0.731243 0.658069 0.557117 0.451885 0.3594 0.286607 0.233949 0.198978 0.178118 0.167348 0.163128 0.163904 0.171245 0.189599 0.224807 0.281531 0.358106 0.437786 0.487694 0.484917 0.435531 0.360242 0.281775 0.215012 0.16424 0.127682 0.101897 0.0837908 0.0710875 0.0622188 0.0561505 0.0522915 0.0504302 0.0506101 0.0529201 0.0572473 0.0630703 0.0693672 0.0747216 0.0776723 0.0772247 0.0732458 0.0664538 0.0580167 0.0490778 0.0404835 0.0327439 0.0261073 0.0206503 0.0163448 0.0131054 0.0108236 0.00939475 0.00873793 0.00880852 0.00960423 0.0111652 0.0135683 0.0169139 0.0213042 0.0268092 0.0334242 0.0410299 0.0493808 0.0581549 0.0670805 0.076109 0.0855475 0.096059 0.108493 0.123548 0.14129 0.160604 0.178998 0.193298 0.201014 0.201396 0.195839 0.187808 0.181711 0.181051 0.187266 0.199709 0.216197 0.233913 0.250675 0.266074 0.281557 0.298593 0.31505 0.323049 0.31406 0.288446 0.255757 0.226434 0.206818 0.198772 0.200308 0.206202 0.209454 0.204378 0.189828 0.16949 0.149147 0.133974 0.127581 0.132297 0.149684 0.180821 0.226433 0.287335 0.364869 0.457022 0.539346 0.546513 0.459322 0.346412 0.251583 0.182636 0.136505 0.109041 0.0973239 0.100102 0.117922 0.153241 0.210474 0.295583 0.413753 0.55867 0.673207 0.643391 0.510036 0.378313 0.277718 0.207751 0.162713 0.137444 0.128344 0.133153 0.150312 0.178085 0.213522 0.251654 0.285771 0.309656 0.320896 0.321627 0.314879 0.301086 0.279331 0.25096 0.220697 0.194359 0.176073 0.167281 0.167369 0.17457 0.186115 0.197635 0.203549 0.200139 0.188901 0.175359 0.164762 0.159699 0.160625 0.16734 0.179932 0.198722 0.223433 0.252189 0.28117 0.305866 0.323831 0.336606 0.348482 0.363436 0.383428 0.408763 0.43852 0.469449 0.496738 0.523166 0.565996 0.635632 0.680791 0.617171 0.512758 0.451526 0.449814 0.493381 0.538465 0.525402 0.459079 0.391787 0.350782 0.34199 0.366607 0.424642 0.503822 0.552584 0.505455 0.395076 0.286226 0.201297 0.140737 0.0998306 0.0736772 0.0583254 0.0508538 0.0491772 0.0518134 0.0577134 0.066205 0.077051 0.0905894 0.107927 0.131173 0.163661 0.210109 0.276904 0.373254 0.514071 0.723172 1.01682 1.06549 0.839895 0.684216 0.582762 0.514904 0.470328 0.441606 0.419885 0.395778 0.36306 0.322031 0.279124 0.242939 0.220952 0.218947 0.24199 0.295094 0.380625 0.483575 0.53714 0.475048 0.361462 0.263517 0.195442 0.153551 0.132356 0.128532 0.141507 0.173147 0.226945 0.306078 0.407512 0.505952 0.541924 0.492966 0.416497 0.354726 0.312541 0.279885 0.246675 0.209756 0.172284 0.139163 0.113994 0.0987498 0.0946552 0.10314 0.126573 0.168822 0.235621 0.333775 0.463786 0.584528 0.577321 0.454866 0.333402 0.245969 0.188747 0.152569 0.129532 0.113904 0.102059 0.0922135 0.0839306 0.0774859 0.0733077 0.0716764 0.072674 0.0762647 0.0823973 0.0911036 0.102621 0.117531 0.136755 0.161087 0.189838 0.218492 0.237368 0.236564 0.216537 0.189487 0.169084 0.163708 0.176339 0.204977 0.240491 0.265114 0.261759 0.231089 0.189042 0.150007 0.120946 0.10431 0.101315 0.113781 0.145037 0.20013 0.284753 0.400931 0.535801 0.644093 0.661238 0.587211 0.48256 0.384425 0.302626 0.23962 0.196477 0.172603 0.165571 0.171275 0.183911 0.196407 0.202319 0.19865 0.186891 0.170939 0.154215 0.138437 0.124094 0.111471 0.101319 0.0948671 0.0934513 0.0980997 0.10928 0.126815 0.149918 0.177144 0.205613 0.229085 0.237442 0.223072 0.189816 0.149993 0.114028 0.0864881 0.067916 0.0573288 0.0536784 0.0565098 0.0662728 0.0845768 0.11448 0.160603 0.228081 0.316967 0.404595 0.429843 0.368122 0.278704 0.204664 0.153969 0.122668 0.105537 0.0988801 0.100959 0.111817 0.132795 0.165591 0.210452 0.262899 0.309246 0.327097 0.303049 0.250226 0.192457 0.143925 0.108071 0.0831268 0.0659246 0.0535715 0.0440045 0.0360221 0.0290794 0.0230156 0.0178235 0.0135089 0.0100353 0.00732019 0.00525308 0.00371501 0.0025932 0.00178912 0.00122153 0.000826234 0.000554187 0.00036893 0.000243952 0.00016034 0.000104816 6.81882e-05 4.41677e-05 2.84978e-05 1.83234e-05 1.17448e-05 7.50721e-06 4.78663e-06 3.04521e-06 1.9335e-06 1.22548e-06 
2.44327e-07 3.6404e-07 5.40538e-07 7.99705e-07 1.17866e-06 1.73031e-06 2.52971e-06 3.68258e-06 5.33711e-06 7.69966e-06 1.1056e-05 1.57999e-05 2.24708e-05 3.18057e-05 4.48081e-05 6.28437e-05 8.77742e-05 0.000122147 0.000169472 0.000234634 0.0003245 0.000448851 0.000621747 0.000863563 0.00120388 0.00168547 0.00236938 0.00334085 0.00471469 0.00663723 0.00927921 0.0128104 0.017344 0.0228438 0.0290056 0.0351716 0.0403852 0.0436802 0.0445311 0.0431786 0.0405671 0.0379608 0.0365604 0.0373583 0.0412359 0.0491848 0.0625164 0.0829123 0.112057 0.150354 0.194117 0.232191 0.248416 0.235761 0.204716 0.171042 0.144183 0.127243 0.120515 0.123708 0.136659 0.159212 0.190764 0.229838 0.274257 0.322949 0.379476 0.453751 0.555488 0.673236 0.756123 0.785503 0.812064 0.838689 0.806219 0.701482 0.575521 0.462731 0.371679 0.300531 0.245729 0.20492 0.176452 0.158343 0.148475 0.145734 0.150972 0.16702 0.197706 0.245979 0.31077 0.383076 0.444893 0.473413 0.449995 0.381081 0.298057 0.225469 0.170794 0.132501 0.106711 0.0897553 0.0787068 0.0713085 0.0659165 0.0615657 0.0579924 0.0554492 0.0543399 0.0548555 0.056763 0.0593917 0.0617938 0.0630165 0.0623909 0.05971 0.0552172 0.0494408 0.0429923 0.0364274 0.0301848 0.0245733 0.0197796 0.0158859 0.0128962 0.0107678 0.00944229 0.00887076 0.00903095 0.00993532 0.0116309 0.0141912 0.0177012 0.0222341 0.0278219 0.0344233 0.0418985 0.0500104 0.0584799 0.0671096 0.0759531 0.085457 0.0964866 0.110165 0.127477 0.148578 0.171958 0.194081 0.210493 0.218084 0.216542 0.208408 0.198656 0.193402 0.197701 0.213801 0.240323 0.272203 0.302177 0.324126 0.336044 0.3404 0.341752 0.342141 0.337833 0.322853 0.296809 0.2665 0.240667 0.225717 0.224243 0.234366 0.249217 0.258048 0.251548 0.228774 0.197262 0.166455 0.142963 0.130147 0.129448 0.141639 0.167668 0.209355 0.270154 0.355333 0.467317 0.580998 0.60139 0.494505 0.363776 0.259858 0.186572 0.138177 0.109219 0.0960593 0.096859 0.111394 0.140843 0.18733 0.252723 0.335371 0.422165 0.478044 0.46465 0.394076 0.309487 0.236441 0.181982 0.1457 0.125413 0.119164 0.12573 0.14451 0.175071 0.216248 0.264525 0.312104 0.347719 0.363964 0.363597 0.35306 0.333958 0.305481 0.27053 0.235922 0.208477 0.192231 0.18817 0.195436 0.212476 0.236506 0.260702 0.272728 0.26229 0.232845 0.198112 0.169335 0.151054 0.143712 0.146606 0.159316 0.181788 0.21345 0.251602 0.289948 0.319765 0.335842 0.341963 0.347995 0.362838 0.391516 0.436209 0.496492 0.563472 0.611026 0.619412 0.616854 0.633891 0.637629 0.571907 0.477989 0.417233 0.404724 0.427382 0.451184 0.437963 0.388656 0.335064 0.298898 0.286938 0.299583 0.333097 0.373942 0.39274 0.363475 0.297499 0.225071 0.163809 0.118029 0.0864227 0.0662952 0.0550756 0.0506898 0.0515198 0.0562593 0.0638334 0.0734855 0.085033 0.0991749 0.117713 0.143639 0.181086 0.235046 0.310924 0.414937 0.557187 0.754476 0.998668 1.04765 0.88109 0.74043 0.631662 0.541185 0.468234 0.414484 0.376935 0.34867 0.322381 0.293723 0.263191 0.235565 0.217357 0.214319 0.230263 0.266312 0.318178 0.369533 0.389307 0.357738 0.294394 0.230144 0.180454 0.14866 0.134095 0.136376 0.157099 0.200386 0.272859 0.382878 0.536787 0.715733 0.778818 0.636906 0.477448 0.363022 0.287503 0.236054 0.196846 0.163522 0.134397 0.11022 0.0923244 0.0818964 0.0800583 0.0882439 0.108588 0.144174 0.198767 0.27474 0.365368 0.438037 0.441015 0.378402 0.302356 0.241407 0.199739 0.173257 0.15636 0.144092 0.133125 0.12222 0.111863 0.103271 0.0974733 0.0949037 0.0954656 0.0987463 0.104174 0.111107 0.11901 0.127774 0.137935 0.150286 0.164679 0.178578 0.186973 0.18546 0.174944 0.162453 0.157242 0.167386 0.198844 0.25402 0.324769 0.378298 0.369061 0.303606 0.227602 0.166432 0.124949 0.101438 0.0938814 0.101762 0.126375 0.170483 0.237007 0.325556 0.424948 0.503769 0.521548 0.475938 0.40289 0.32986 0.267357 0.21942 0.188262 0.174605 0.177451 0.19366 0.216975 0.23758 0.245081 0.235196 0.212608 0.185648 0.160272 0.138817 0.121588 0.108538 0.100095 0.0972087 0.101045 0.112598 0.132302 0.159703 0.193375 0.231264 0.270415 0.303694 0.315929 0.29332 0.242783 0.185588 0.136832 0.101219 0.0780199 0.0650609 0.0604748 0.0632862 0.0736081 0.0928405 0.124004 0.172038 0.243073 0.339027 0.437321 0.465208 0.391308 0.29007 0.209496 0.155966 0.123911 0.106963 0.100527 0.102183 0.111633 0.130376 0.160944 0.205267 0.261037 0.31481 0.33848 0.311996 0.251946 0.188098 0.135887 0.0979587 0.0718692 0.0541906 0.0419857 0.0331569 0.0263838 0.0209283 0.0164216 0.0126903 0.0096406 0.00719848 0.00528693 0.00382378 0.00272689 0.0019199 0.00133613 0.000920136 0.000627665 0.000424493 0.000284864 0.000189826 0.000125695 8.27541e-05 5.42016e-05 3.53349e-05 2.29384e-05 1.48342e-05 9.56037e-06 6.14238e-06 3.93536e-06 2.515e-06 1.60364e-06 1.02045e-06 
1.91821e-07 2.85081e-07 4.22257e-07 6.23254e-07 9.16589e-07 1.34292e-06 1.95993e-06 2.84903e-06 4.12461e-06 5.9466e-06 8.53768e-06 1.22067e-05 1.73809e-05 2.465e-05 3.48276e-05 4.90379e-05 6.88387e-05 9.64004e-05 0.000134768 0.000188254 0.000263016 0.000367935 0.000515907 0.000725722 0.00102474 0.00145249 0.0020653 0.00294138 0.00418546 0.00592983 0.00832712 0.0115265 0.0156238 0.0205811 0.026129 0.0317023 0.0364984 0.0397258 0.0409732 0.0404711 0.0390411 0.0377878 0.0377903 0.0399973 0.0453517 0.0550616 0.0709119 0.0954777 0.131944 0.182767 0.245442 0.304127 0.327871 0.301174 0.247239 0.19461 0.155321 0.13084 0.119661 0.120543 0.133261 0.158321 0.196023 0.244734 0.298809 0.349441 0.392597 0.436324 0.493095 0.564979 0.643561 0.732052 0.847975 0.96646 0.947132 0.782886 0.619693 0.497416 0.408118 0.337008 0.275664 0.223804 0.183688 0.155821 0.13892 0.131604 0.133677 0.146425 0.172092 0.212766 0.268764 0.336549 0.405613 0.452776 0.44646 0.38465 0.303122 0.230834 0.176617 0.1394 0.115541 0.101324 0.0933611 0.088558 0.0843336 0.079147 0.0728299 0.0662756 0.0606625 0.0567769 0.0547517 0.0541531 0.0542302 0.054185 0.0533829 0.0514633 0.0483485 0.0441856 0.0392701 0.033973 0.0286768 0.0237191 0.0193525 0.0157296 0.0129149 0.0109124 0.00969853 0.0092515 0.00957025 0.0106828 0.0126433 0.0155184 0.0193655 0.0242065 0.0300041 0.036649 0.0439641 0.0517338 0.0597629 0.0679752 0.0765384 0.0859765 0.0972045 0.111405 0.129637 0.15207 0.17695 0.200131 0.216479 0.222848 0.219827 0.211283 0.203472 0.203808 0.218869 0.252276 0.302362 0.359727 0.408617 0.435713 0.437607 0.419777 0.392913 0.366424 0.34257 0.318302 0.291836 0.266011 0.246661 0.239576 0.248075 0.270863 0.299555 0.317938 0.310174 0.275793 0.229468 0.18621 0.154029 0.135515 0.130853 0.139744 0.162439 0.200388 0.256573 0.33461 0.432953 0.524859 0.539765 0.455777 0.344232 0.250192 0.181614 0.135386 0.107185 0.0937331 0.0931024 0.104585 0.12835 0.164747 0.212928 0.268385 0.319768 0.348911 0.341706 0.30265 0.249923 0.199449 0.159241 0.131796 0.11723 0.115134 0.125412 0.148585 0.185761 0.237968 0.30367 0.373025 0.423914 0.437927 0.423599 0.398899 0.368179 0.329474 0.286687 0.248483 0.222064 0.210651 0.214194 0.231361 0.261529 0.304116 0.351559 0.37912 0.358627 0.299156 0.234182 0.183545 0.151516 0.136472 0.136247 0.149851 0.177502 0.219493 0.273448 0.329752 0.370035 0.380538 0.370108 0.360712 0.368538 0.401349 0.464011 0.562146 0.692906 0.792809 0.750606 0.652698 0.586696 0.537641 0.474207 0.40517 0.356771 0.338773 0.342789 0.34852 0.33652 0.305563 0.27007 0.243385 0.231471 0.234791 0.249428 0.265837 0.26963 0.250583 0.212454 0.167978 0.127563 0.0957893 0.0733611 0.05937 0.0525151 0.0515454 0.0552969 0.0625863 0.0721871 0.0830781 0.0949871 0.108964 0.127632 0.155054 0.196306 0.256614 0.339556 0.444987 0.570147 0.712014 0.846373 0.902604 0.869903 0.800908 0.707084 0.597218 0.495628 0.419673 0.371772 0.344718 0.327048 0.307669 0.281627 0.252929 0.230205 0.220456 0.226446 0.246507 0.274128 0.297302 0.301639 0.280475 0.241578 0.199353 0.164515 0.142081 0.134071 0.142333 0.170339 0.224149 0.312648 0.446531 0.634385 0.864046 0.947885 0.728828 0.517303 0.370182 0.273424 0.209502 0.165258 0.132587 0.107421 0.0882422 0.0748216 0.0675133 0.0670312 0.0744844 0.0914583 0.11992 0.161538 0.215583 0.274512 0.320034 0.332123 0.31112 0.276266 0.244083 0.22116 0.207458 0.199402 0.192059 0.181697 0.167816 0.152837 0.139938 0.131221 0.127274 0.127634 0.13134 0.137167 0.143587 0.148925 0.152048 0.153181 0.153749 0.15499 0.156535 0.156427 0.152984 0.147192 0.143504 0.148768 0.171113 0.219878 0.305177 0.430317 0.550397 0.528246 0.392314 0.267934 0.181953 0.128237 0.0982263 0.0861374 0.089097 0.106453 0.138868 0.186886 0.248266 0.313752 0.364256 0.379431 0.357157 0.314073 0.266989 0.225382 0.194329 0.177141 0.175987 0.19174 0.223023 0.26368 0.299513 0.311432 0.291551 0.251752 0.208891 0.17221 0.143883 0.123215 0.109353 0.102265 0.102736 0.112005 0.131286 0.161114 0.200429 0.2459 0.292784 0.336961 0.372325 0.382378 0.349214 0.282844 0.211805 0.153796 0.112792 0.0867949 0.0726775 0.0679497 0.0711726 0.0819756 0.101087 0.130517 0.173667 0.234277 0.311016 0.382715 0.400176 0.345361 0.264957 0.196934 0.1504 0.122493 0.108062 0.102782 0.104105 0.111611 0.126891 0.152809 0.191799 0.242221 0.291616 0.313495 0.288804 0.232511 0.172292 0.122788 0.0866564 0.0617285 0.0448933 0.033467 0.0254985 0.0197045 0.0153046 0.0118524 0.00909953 0.00690192 0.00516359 0.0038088 0.00277091 0.00198957 0.00141119 0.000989708 0.000686946 0.000472295 0.000321912 0.000217683 0.000146143 9.74713e-05 6.46214e-05 4.261e-05 2.79572e-05 1.82607e-05 1.18785e-05 7.69817e-06 4.97213e-06 3.20156e-06 2.05573e-06 1.31666e-06 8.41355e-07 
1.50093e-07 2.22573e-07 3.28988e-07 4.84663e-07 7.11556e-07 1.041e-06 1.51752e-06 2.20414e-06 3.18968e-06 4.59896e-06 6.60685e-06 9.4577e-06 1.34926e-05 1.91874e-05 2.72065e-05 3.84802e-05 5.43158e-05 7.65608e-05 0.000107843 0.000151931 0.000214262 0.000302739 0.000428885 0.000609516 0.000869066 0.00124268 0.00178003 0.00254944 0.00364112 0.00516724 0.00725437 0.0100223 0.0135426 0.0177754 0.0224989 0.0272715 0.0314914 0.0345903 0.0363039 0.0368542 0.0369099 0.0373617 0.0390977 0.0429382 0.0497794 0.0609034 0.0783759 0.105407 0.146394 0.2058 0.283392 0.361267 0.393176 0.352611 0.278674 0.211754 0.164055 0.134783 0.120953 0.120886 0.134831 0.164596 0.212395 0.277817 0.351466 0.410454 0.43618 0.44246 0.458453 0.501006 0.576751 0.693802 0.858853 1.03349 1.02592 0.834231 0.663548 0.551928 0.47719 0.407999 0.332071 0.259329 0.201046 0.160275 0.135043 0.122504 0.120917 0.130062 0.15089 0.184781 0.232488 0.292343 0.356363 0.403969 0.406811 0.360781 0.293768 0.231219 0.182962 0.149987 0.130322 0.121081 0.118661 0.118673 0.116687 0.10997 0.0987596 0.0855711 0.0732391 0.0635331 0.0569296 0.0530083 0.0509275 0.0497691 0.0487362 0.0472434 0.0449431 0.0417214 0.0376773 0.033076 0.0282757 0.0236415 0.0194745 0.0159768 0.0132544 0.0113444 0.0102511 0.00997785 0.0105489 0.0120158 0.0144494 0.0179152 0.0224361 0.0279541 0.034309 0.041256 0.0485287 0.0559263 0.0633863 0.071024 0.07915 0.0882913 0.0992108 0.112853 0.130067 0.15091 0.173653 0.194324 0.208159 0.212636 0.209237 0.202788 0.200358 0.210391 0.24149 0.300517 0.388264 0.490192 0.571559 0.6033 0.585113 0.529199 0.457833 0.393308 0.343896 0.307096 0.278485 0.256853 0.244789 0.246705 0.266082 0.30234 0.346283 0.376033 0.367178 0.319979 0.258609 0.203983 0.164807 0.142492 0.135869 0.143463 0.164453 0.199024 0.248002 0.310875 0.380506 0.434354 0.437885 0.383659 0.304178 0.229493 0.171008 0.129848 0.103984 0.0911237 0.0896072 0.0985318 0.117474 0.145814 0.181587 0.220047 0.252869 0.27001 0.265195 0.240782 0.205961 0.170603 0.1414 0.121706 0.112903 0.115689 0.130867 0.159805 0.204767 0.268866 0.3537 0.449572 0.518986 0.521534 0.479667 0.432923 0.388129 0.340202 0.292455 0.254117 0.232069 0.228447 0.241822 0.269826 0.312899 0.375504 0.455575 0.513434 0.4778 0.372575 0.271022 0.198622 0.154628 0.133501 0.131176 0.146249 0.179805 0.234358 0.310452 0.397114 0.45837 0.457007 0.414806 0.378719 0.3721 0.401863 0.473285 0.599607 0.807907 1.08535 0.88605 0.661476 0.529806 0.447522 0.38372 0.330673 0.293484 0.274657 0.268892 0.265471 0.254902 0.235595 0.213284 0.19484 0.184227 0.181951 0.185401 0.189121 0.186363 0.172862 0.149925 0.122947 0.0974112 0.0766623 0.061987 0.0534855 0.0507651 0.053245 0.0601498 0.0703519 0.0823286 0.0945603 0.106462 0.119354 0.13674 0.163813 0.206624 0.270759 0.358366 0.463355 0.571474 0.673191 0.767184 0.846076 0.899361 0.902152 0.820815 0.680063 0.54344 0.446744 0.39507 0.37869 0.378872 0.371489 0.342354 0.300158 0.262905 0.241281 0.236723 0.244737 0.257299 0.264881 0.259731 0.239843 0.210075 0.178643 0.152708 0.136796 0.133788 0.146687 0.180179 0.241684 0.341405 0.489088 0.680077 0.857296 0.88012 0.714409 0.518113 0.366467 0.262155 0.192384 0.145199 0.112352 0.0889265 0.0723333 0.0614245 0.0559097 0.0560601 0.0625883 0.0765597 0.0991578 0.13104 0.171002 0.214148 0.251526 0.274347 0.280595 0.27566 0.267435 0.26251 0.263742 0.268299 0.268554 0.257766 0.236407 0.211426 0.190093 0.176158 0.17 0.170273 0.17517 0.182697 0.190232 0.19439 0.192358 0.184091 0.172588 0.161425 0.152324 0.144962 0.138557 0.133743 0.133542 0.143412 0.171213 0.227907 0.328761 0.49112 0.689784 0.647895 0.43966 0.284296 0.185555 0.126018 0.0926714 0.0775806 0.076448 0.0873061 0.109368 0.141719 0.181563 0.222316 0.253522 0.265612 0.257118 0.235105 0.208762 0.185199 0.169452 0.165482 0.176671 0.205781 0.253858 0.316255 0.374201 0.393556 0.35865 0.295413 0.233564 0.184736 0.149558 0.125664 0.111158 0.105505 0.109397 0.124323 0.151997 0.193366 0.24673 0.305345 0.357927 0.395813 0.416202 0.410468 0.366376 0.294263 0.220381 0.160968 0.119439 0.0935742 0.0801263 0.0764824 0.080977 0.0927436 0.111516 0.13758 0.17176 0.214473 0.261964 0.29979 0.305141 0.271664 0.220108 0.172669 0.13851 0.117829 0.107508 0.104069 0.105136 0.110236 0.120868 0.139654 0.168498 0.205403 0.24011 0.254088 0.235192 0.192562 0.144952 0.104146 0.0733936 0.0516908 0.0368413 0.0267525 0.0198151 0.014917 0.0113416 0.00864912 0.0065766 0.00496463 0.0037107 0.00274218 0.00200258 0.00144537 0.00103145 0.000728212 0.000508992 0.000352466 0.00024198 0.000164813 0.000111436 7.4842e-05 4.99559e-05 3.31569e-05 2.18933e-05 1.43876e-05 9.41406e-06 6.13535e-06 3.98403e-06 2.57846e-06 1.66371e-06 1.0705e-06 6.87061e-07 
1.1712e-07 1.73356e-07 2.55809e-07 3.76298e-07 5.51776e-07 8.0647e-07 1.17489e-06 1.70604e-06 2.46928e-06 3.5626e-06 5.12413e-06 7.34837e-06 1.05091e-05 1.49921e-05 2.13416e-05 3.0328e-05 4.30463e-05 6.10605e-05 8.66177e-05 0.000122965 0.000174818 0.000249051 0.000355692 0.000509335 0.000731063 0.00105094 0.00151098 0.00216812 0.00309627 0.00438534 0.00613412 0.00843275 0.0113311 0.0147942 0.0186583 0.0226158 0.0262703 0.0292765 0.031519 0.0332243 0.0349237 0.0372934 0.0409906 0.0466143 0.0548543 0.0668243 0.0845038 0.111129 0.151213 0.209357 0.285426 0.361716 0.392727 0.352485 0.27925 0.21277 0.165128 0.135592 0.121424 0.121503 0.137091 0.171767 0.230728 0.317662 0.423456 0.504039 0.507042 0.465418 0.440617 0.457963 0.524758 0.644437 0.806185 0.945308 0.940997 0.809798 0.686049 0.622429 0.59325 0.531819 0.421494 0.310048 0.225474 0.169357 0.135511 0.11799 0.112999 0.118845 0.135365 0.163158 0.202546 0.251781 0.303849 0.343373 0.352026 0.326023 0.280508 0.233031 0.193745 0.16679 0.153166 0.151798 0.159155 0.168538 0.171293 0.161637 0.141053 0.116185 0.0932627 0.0754077 0.0631071 0.0554922 0.0512461 0.0490543 0.0477824 0.0465385 0.0447038 0.0419564 0.0382725 0.0338786 0.0291535 0.0245098 0.0202981 0.0167605 0.0140318 0.0121715 0.0112063 0.0111669 0.012113 0.0141399 0.0173614 0.0218673 0.0276551 0.0345542 0.042188 0.050032 0.0575925 0.064634 0.0713035 0.078058 0.0854594 0.0940009 0.104079 0.116076 0.130338 0.146751 0.163957 0.178978 0.188384 0.190725 0.188014 0.185312 0.189927 0.211125 0.260119 0.349746 0.490735 0.67213 0.814376 0.840385 0.78821 0.67153 0.533324 0.420551 0.342815 0.29257 0.260802 0.242422 0.236911 0.246651 0.27421 0.318828 0.370919 0.406221 0.396385 0.342487 0.273814 0.214128 0.172418 0.149538 0.143599 0.152326 0.17396 0.207492 0.251902 0.303648 0.352829 0.382065 0.375067 0.332134 0.271005 0.210535 0.160826 0.124641 0.101325 0.089306 0.0871748 0.0939691 0.108998 0.131287 0.158711 0.187133 0.210364 0.221899 0.218175 0.200859 0.175844 0.150023 0.128799 0.11554 0.112219 0.120243 0.140971 0.175962 0.227273 0.297979 0.390985 0.498431 0.574956 0.562889 0.497183 0.433163 0.379035 0.32814 0.28221 0.249176 0.235034 0.241122 0.264664 0.301277 0.35071 0.421241 0.518849 0.599881 0.550521 0.411182 0.287956 0.204244 0.154381 0.130368 0.12721 0.143528 0.18138 0.245729 0.341766 0.462649 0.554187 0.53459 0.451403 0.386483 0.36346 0.383575 0.447675 0.563858 0.74518 0.927128 0.796713 0.595489 0.460312 0.373789 0.31445 0.27168 0.242615 0.225622 0.216761 0.210212 0.201078 0.188008 0.173135 0.159729 0.150061 0.144567 0.14186 0.139174 0.133421 0.122786 0.107797 0.0908605 0.0747976 0.0617455 0.0529093 0.0488155 0.0496161 0.0552119 0.0651349 0.0782686 0.0927019 0.106228 0.117725 0.128643 0.143281 0.167767 0.208733 0.271776 0.358138 0.458911 0.55533 0.639596 0.728872 0.843158 0.975396 1.04759 0.956663 0.765064 0.590865 0.479507 0.433966 0.443538 0.483137 0.500814 0.455632 0.378815 0.31477 0.277756 0.264582 0.265862 0.270301 0.267965 0.253796 0.228963 0.198911 0.170075 0.147604 0.134935 0.134682 0.150032 0.186106 0.251092 0.356684 0.515429 0.724415 0.901048 0.868496 0.686722 0.499808 0.354265 0.251266 0.180679 0.132525 0.099466 0.0766905 0.0612793 0.0516215 0.0469979 0.0473227 0.0529914 0.0647552 0.0835216 0.109963 0.143866 0.183405 0.224891 0.263389 0.29374 0.312487 0.322016 0.331664 0.350014 0.374675 0.389148 0.375712 0.33676 0.291274 0.254679 0.232215 0.222676 0.222753 0.229332 0.239655 0.249983 0.254572 0.247832 0.229332 0.204934 0.181652 0.163108 0.149414 0.139426 0.132944 0.131897 0.140597 0.165691 0.216277 0.303282 0.431919 0.558229 0.532946 0.388254 0.259172 0.170961 0.115767 0.0837994 0.0680986 0.0644188 0.0703667 0.0844901 0.105324 0.130384 0.155447 0.174999 0.184493 0.183045 0.173751 0.161573 0.151428 0.147688 0.154403 0.175555 0.215041 0.275668 0.354687 0.431248 0.457372 0.408641 0.326152 0.250166 0.192713 0.152776 0.126791 0.112189 0.108124 0.115285 0.13548 0.171048 0.223647 0.291399 0.36371 0.419174 0.440599 0.431704 0.400275 0.346499 0.278261 0.211908 0.158695 0.121507 0.0988103 0.0880135 0.086896 0.0938839 0.107763 0.127189 0.150399 0.175454 0.200505 0.222569 0.235272 0.230782 0.208101 0.176164 0.145965 0.123704 0.110472 0.104456 0.102918 0.103699 0.106267 0.11191 0.122789 0.140148 0.16202 0.181325 0.187479 0.174209 0.145902 0.11281 0.0828277 0.0591272 0.0417745 0.0295893 0.021189 0.0154017 0.0113613 0.00847728 0.00636648 0.00478767 0.00358941 0.00267414 0.00197554 0.00144548 0.00104699 0.000750688 0.000532931 0.000374765 0.000261185 0.0001805 0.000123763 8.42424e-05 5.69543e-05 3.82647e-05 2.55596e-05 1.69819e-05 1.12273e-05 7.38909e-06 4.8427e-06 3.16162e-06 2.05679e-06 1.33369e-06 8.62218e-07 5.5588e-07 
9.11892e-08 1.34772e-07 1.98614e-07 2.91851e-07 4.27602e-07 6.2466e-07 9.0987e-07 1.32148e-06 1.91391e-06 2.76438e-06 3.98247e-06 5.72355e-06 8.20803e-06 1.1749e-05 1.6792e-05 2.39736e-05 3.42056e-05 4.88008e-05 6.96574e-05 9.95303e-05 0.00014243 0.000204201 0.000293344 0.000422158 0.000608258 0.000876483 0.00126105 0.00180759 0.00257419 0.00362998 0.00504911 0.00689755 0.00921138 0.0119692 0.0150693 0.0183306 0.0215394 0.0245449 0.0273689 0.0302639 0.0336713 0.0380915 0.0439438 0.0515189 0.0611167 0.0733989 0.0898619 0.113169 0.146912 0.19407 0.252625 0.307416 0.328819 0.302029 0.248985 0.196918 0.157346 0.131744 0.119195 0.119877 0.136165 0.172982 0.237756 0.338285 0.470311 0.575059 0.555371 0.47197 0.417328 0.415364 0.468499 0.574643 0.715145 0.824901 0.822883 0.741171 0.679617 0.695394 0.773844 0.732573 0.532718 0.36117 0.247767 0.178196 0.13791 0.117029 0.109732 0.113128 0.126251 0.149138 0.181729 0.222286 0.265299 0.300428 0.316157 0.307882 0.28116 0.246619 0.214474 0.192437 0.185399 0.195245 0.219432 0.2477 0.261357 0.245638 0.206032 0.160259 0.120886 0.0919287 0.0727285 0.0611195 0.0548135 0.0518165 0.0504851 0.0495173 0.0479774 0.0453471 0.0415403 0.0368284 0.0316867 0.0266237 0.0220574 0.018266 0.0153997 0.0135273 0.0126902 0.0129502 0.0144205 0.0172752 0.0217257 0.0279517 0.0359746 0.0454919 0.0557563 0.065659 0.0741393 0.0807693 0.0860624 0.0911786 0.0972413 0.104776 0.113609 0.123211 0.133167 0.143223 0.152746 0.16028 0.164157 0.164065 0.162175 0.16316 0.173944 0.204003 0.266459 0.380113 0.571857 0.870698 1.15109 1.09407 1.01321 0.814573 0.59316 0.434711 0.334635 0.274913 0.241499 0.226293 0.226245 0.241411 0.272331 0.316652 0.364333 0.393938 0.382924 0.333133 0.269461 0.213644 0.175062 0.155298 0.15281 0.16523 0.190419 0.22703 0.273866 0.326513 0.37222 0.391095 0.371259 0.321138 0.259797 0.202406 0.156157 0.122648 0.100926 0.0893678 0.0865221 0.0913353 0.103004 0.120522 0.142 0.164048 0.18184 0.190515 0.187542 0.17429 0.15528 0.135922 0.120728 0.112882 0.114683 0.128081 0.154802 0.195936 0.251406 0.320314 0.401355 0.485696 0.538319 0.520101 0.457152 0.393603 0.340342 0.294259 0.256545 0.232957 0.228256 0.243283 0.27421 0.314127 0.359635 0.416799 0.489367 0.540714 0.495869 0.380526 0.271695 0.194493 0.14736 0.124396 0.121576 0.137987 0.175984 0.240878 0.338512 0.462986 0.557889 0.532957 0.440595 0.36771 0.336536 0.34568 0.391227 0.469748 0.567382 0.627795 0.581627 0.476802 0.382091 0.313113 0.265046 0.231861 0.209925 0.19655 0.188501 0.182054 0.174237 0.164004 0.152237 0.140664 0.130664 0.122642 0.116006 0.109508 0.101833 0.0922779 0.0811457 0.0695943 0.0590951 0.0509483 0.0460948 0.0451657 0.0485824 0.0565432 0.0687963 0.0842269 0.100575 0.114964 0.125677 0.134136 0.145139 0.165243 0.200929 0.256994 0.333738 0.422735 0.508975 0.589907 0.688718 0.838298 1.05558 1.23927 1.07442 0.809697 0.611413 0.499164 0.469776 0.519312 0.634247 0.71783 0.62043 0.475205 0.376767 0.32711 0.311956 0.314785 0.318172 0.308212 0.281411 0.244334 0.206174 0.173621 0.15029 0.137995 0.138221 0.153464 0.188405 0.250991 0.35333 0.511597 0.73963 0.978172 0.883374 0.655869 0.473143 0.338459 0.241713 0.173182 0.125138 0.0918079 0.0690329 0.0539583 0.0447694 0.0404724 0.0407256 0.0457218 0.0561046 0.0728901 0.0973611 0.130917 0.174838 0.229608 0.292701 0.354138 0.396856 0.415482 0.430759 0.467565 0.527984 0.575464 0.554638 0.474937 0.390962 0.330455 0.296205 0.282228 0.281662 0.289588 0.302635 0.316282 0.322226 0.311136 0.282031 0.244877 0.21084 0.184878 0.166429 0.153038 0.143298 0.138202 0.141098 0.156964 0.191348 0.24775 0.319434 0.373111 0.359845 0.287697 0.206673 0.142645 0.0990315 0.0722444 0.0581226 0.053525 0.0563445 0.0650763 0.0782702 0.0940216 0.109734 0.122485 0.130053 0.131986 0.129833 0.126469 0.125316 0.129959 0.144097 0.171522 0.215869 0.279381 0.358483 0.43238 0.456544 0.409261 0.328244 0.251992 0.193325 0.152249 0.12582 0.111718 0.109153 0.118865 0.142837 0.183742 0.243622 0.320489 0.401097 0.455569 0.458941 0.422545 0.369679 0.310166 0.249308 0.194418 0.151171 0.12134 0.104056 0.0975885 0.100348 0.111108 0.128586 0.150541 0.17303 0.191158 0.201544 0.203625 0.197834 0.184241 0.1643 0.142121 0.122571 0.108741 0.101175 0.0984519 0.0982601 0.0986273 0.0989747 0.100337 0.10446 0.112262 0.122387 0.130663 0.131629 0.12222 0.104283 0.0828191 0.0624046 0.0454565 0.0325157 0.0231242 0.0164981 0.0118753 0.00864325 0.00635652 0.00471047 0.00350408 0.00260671 0.00193289 0.00142511 0.00104302 0.000757039 0.000544646 0.000388362 0.000274503 0.000192384 0.000133744 9.22676e-05 6.31963e-05 4.29932e-05 2.9065e-05 1.95339e-05 1.30567e-05 8.68315e-06 5.74748e-06 3.78777e-06 2.48621e-06 1.6258e-06 1.05949e-06 6.88234e-07 4.45752e-07 
7.08759e-08 1.04628e-07 1.54045e-07 2.26198e-07 3.31268e-07 4.8387e-07 7.04945e-07 1.02445e-06 1.48517e-06 2.14816e-06 3.10053e-06 4.46656e-06 6.42371e-06 9.22579e-06 1.32366e-05 1.89789e-05 2.72066e-05 3.90099e-05 5.59706e-05 8.03883e-05 0.000115608 0.000166492 0.00024007 0.000346436 0.000499898 0.000720375 0.00103491 0.00147898 0.00209697 0.00294084 0.00406567 0.00552091 0.00733748 0.00951344 0.0120063 0.0147431 0.0176596 0.020764 0.0242016 0.0282782 0.033407 0.0399784 0.0481978 0.0579866 0.0690813 0.0814263 0.0957508 0.113905 0.138401 0.170732 0.208225 0.240709 0.253033 0.238498 0.206713 0.172218 0.143647 0.123881 0.113796 0.114789 0.129844 0.163918 0.223767 0.315426 0.431951 0.519744 0.5021 0.426281 0.371318 0.361872 0.400432 0.482654 0.589794 0.671972 0.677858 0.637411 0.626916 0.705548 0.919222 0.921412 0.587862 0.379828 0.254838 0.181456 0.140093 0.118911 0.111114 0.113263 0.124132 0.143749 0.172345 0.209055 0.25041 0.289425 0.31674 0.324405 0.310535 0.281607 0.249893 0.228055 0.225802 0.249405 0.30029 0.366614 0.407681 0.377749 0.297633 0.2161 0.153599 0.111209 0.0846198 0.0692582 0.0614215 0.0582321 0.0573919 0.0570477 0.0558346 0.0530073 0.0484925 0.042751 0.0364987 0.030434 0.0250768 0.0207346 0.0175486 0.0155718 0.0148459 0.0154645 0.0176179 0.0216127 0.0278517 0.0367397 0.0484685 0.0626624 0.077995 0.092159 0.102695 0.108532 0.110913 0.112573 0.115921 0.121739 0.129051 0.135986 0.141064 0.143925 0.144938 0.144349 0.14219 0.139086 0.13712 0.140203 0.154272 0.187878 0.253472 0.369587 0.563388 0.865152 1.15235 1.11069 1.05356 0.831114 0.586174 0.417567 0.313548 0.253499 0.222575 0.211916 0.217065 0.235956 0.266616 0.304554 0.340015 0.357607 0.344399 0.303164 0.250971 0.204574 0.172976 0.158871 0.161696 0.179576 0.210639 0.254407 0.312052 0.381839 0.447026 0.469556 0.427925 0.350441 0.271932 0.207303 0.159091 0.125552 0.104051 0.0922128 0.0882388 0.0908939 0.0992989 0.11253 0.129047 0.146167 0.160088 0.166964 0.164806 0.154746 0.140452 0.12634 0.116225 0.113089 0.119512 0.138046 0.170927 0.218691 0.277894 0.340327 0.396938 0.439966 0.455582 0.431953 0.382599 0.330662 0.285874 0.249103 0.22193 0.208209 0.211262 0.231333 0.263985 0.300834 0.335566 0.369644 0.403229 0.416574 0.381424 0.307836 0.231384 0.172189 0.134066 0.115134 0.113348 0.128356 0.161883 0.217083 0.295366 0.386001 0.448271 0.436392 0.376307 0.321467 0.294186 0.296471 0.32393 0.368819 0.415931 0.43906 0.418837 0.367997 0.312714 0.266995 0.233427 0.21057 0.19637 0.188493 0.183995 0.179638 0.172939 0.163102 0.150991 0.138182 0.125945 0.114784 0.104553 0.0947922 0.0850679 0.0752211 0.0654933 0.0564747 0.0489258 0.0435992 0.0411552 0.0421643 0.0471179 0.0563352 0.069669 0.0860189 0.102967 0.117298 0.126945 0.133178 0.140784 0.156076 0.184776 0.230516 0.293041 0.366496 0.44267 0.522888 0.6258 0.78016 1.01241 1.2591 1.0402 0.770567 0.588183 0.492311 0.480662 0.559068 0.741585 0.946711 0.746453 0.544289 0.431709 0.384158 0.379854 0.397714 0.410715 0.39337 0.344369 0.283912 0.229487 0.188197 0.161083 0.147292 0.146283 0.15906 0.189023 0.242546 0.329052 0.459153 0.632894 0.780654 0.734499 0.578838 0.435881 0.322833 0.235765 0.170125 0.122079 0.0880346 0.0647106 0.0494223 0.0402285 0.0359276 0.0359867 0.0404762 0.0500519 0.0660101 0.0904456 0.126541 0.178897 0.253253 0.352943 0.465294 0.541951 0.550264 0.548119 0.597764 0.716897 0.851741 0.80941 0.637806 0.496048 0.407522 0.361213 0.342716 0.340675 0.348296 0.36177 0.37626 0.381852 0.36644 0.328874 0.282822 0.242559 0.213342 0.193142 0.177641 0.164089 0.152878 0.146969 0.150262 0.165785 0.193278 0.225319 0.244921 0.235246 0.198349 0.151977 0.110683 0.0799266 0.0597633 0.0484663 0.0441841 0.0453994 0.0508717 0.0594058 0.0696326 0.0799557 0.0887815 0.0950014 0.0984629 0.100129 0.101887 0.106244 0.116089 0.134523 0.164577 0.208558 0.266442 0.332166 0.387545 0.403945 0.369589 0.306366 0.241405 0.187887 0.148775 0.123219 0.109901 0.108347 0.119287 0.14453 0.186388 0.246176 0.320709 0.395558 0.441088 0.434096 0.387684 0.328776 0.271136 0.219298 0.176031 0.143406 0.122094 0.111534 0.110615 0.118244 0.13357 0.155547 0.181513 0.205489 0.219113 0.217286 0.202523 0.181316 0.158619 0.137029 0.118327 0.104033 0.0949279 0.090636 0.0896739 0.0899741 0.0897763 0.0884974 0.0869182 0.0864313 0.0878533 0.09054 0.0923146 0.0904772 0.0835026 0.072077 0.05849 0.045154 0.0336196 0.0244551 0.017572 0.0125824 0.00903529 0.00653091 0.00475755 0.00348975 0.00257181 0.0018988 0.00140053 0.00102948 0.000752753 0.000546796 0.000394265 0.000282072 0.000200209 0.00014099 9.85298e-05 6.83514e-05 4.70844e-05 3.22195e-05 2.19097e-05 1.48114e-05 9.95765e-06 6.66004e-06 4.43306e-06 2.93751e-06 1.93837e-06 1.2741e-06 8.3444e-07 5.44659e-07 3.54402e-07 
5.50118e-08 8.11393e-08 1.19386e-07 1.75237e-07 2.56604e-07 3.74878e-07 5.46428e-07 7.94757e-07 1.15357e-06 1.67119e-06 2.4169e-06 3.49004e-06 5.03328e-06 7.25173e-06 1.04409e-05 1.50274e-05 2.16285e-05 3.11397e-05 4.48609e-05 6.4681e-05 9.33405e-05 0.000134802 0.000194758 0.000281306 0.000405802 0.000583862 0.000836408 0.00119052 0.00167972 0.00234303 0.00322232 0.00435755 0.0057807 0.00751106 0.00955729 0.0119328 0.0146885 0.0179589 0.0220011 0.0271995 0.0340007 0.042763 0.0535351 0.0658542 0.0787667 0.0912942 0.103263 0.115844 0.131022 0.149932 0.170807 0.188003 0.194361 0.186777 0.168984 0.147812 0.128565 0.114088 0.106122 0.10665 0.118545 0.145625 0.191889 0.258383 0.334376 0.386404 0.38191 0.340846 0.305729 0.298572 0.324496 0.379563 0.448522 0.501545 0.515179 0.50724 0.52164 0.591553 0.701216 0.682372 0.503613 0.345115 0.240338 0.177152 0.141713 0.124025 0.117829 0.119922 0.129471 0.147204 0.174475 0.212182 0.259418 0.311683 0.358869 0.385545 0.379412 0.344874 0.30197 0.27174 0.268979 0.304521 0.388343 0.522234 0.640344 0.568752 0.403913 0.272324 0.18464 0.129695 0.0970063 0.0791413 0.0709965 0.0688425 0.06964 0.0707685 0.0701866 0.066816 0.0607259 0.0528529 0.0444301 0.0365052 0.0297407 0.0244441 0.0206962 0.0184874 0.0178296 0.0188407 0.0218108 0.0272471 0.0358811 0.0485791 0.0660417 0.0881344 0.112843 0.135538 0.150312 0.15414 0.149933 0.144151 0.141945 0.144656 0.150119 0.154517 0.154864 0.150613 0.143229 0.134615 0.126241 0.119413 0.115991 0.118953 0.132815 0.164127 0.222085 0.318622 0.464863 0.651839 0.80382 0.847718 0.808446 0.669229 0.498894 0.36598 0.279259 0.229227 0.205948 0.202427 0.214118 0.237368 0.267681 0.298469 0.320873 0.325612 0.307794 0.271755 0.229212 0.192082 0.167897 0.159759 0.167917 0.191148 0.228234 0.280402 0.353466 0.454287 0.569265 0.616872 0.53175 0.404266 0.298241 0.221708 0.169015 0.133872 0.111496 0.0985552 0.0928195 0.0928562 0.0977287 0.106619 0.118337 0.130859 0.141302 0.146732 0.145619 0.13883 0.129181 0.120099 0.114669 0.115601 0.125717 0.148241 0.186224 0.240246 0.303901 0.3607 0.393133 0.398208 0.381942 0.349087 0.307341 0.266258 0.231217 0.203925 0.185909 0.179539 0.186687 0.206826 0.235503 0.26485 0.288175 0.304344 0.313249 0.308017 0.280395 0.234764 0.185784 0.145191 0.11769 0.103867 0.103249 0.115806 0.142259 0.183232 0.236492 0.291543 0.326652 0.324448 0.295164 0.263865 0.24653 0.247273 0.263514 0.288765 0.312995 0.324395 0.316223 0.292592 0.26371 0.237665 0.218186 0.206249 0.201367 0.201683 0.203818 0.203572 0.197732 0.185742 0.169581 0.152001 0.134928 0.119085 0.104486 0.0909941 0.0785801 0.0673375 0.0574543 0.049197 0.0428924 0.0389059 0.0376302 0.0394851 0.0448882 0.0541249 0.0670413 0.082575 0.0984265 0.111567 0.120026 0.124875 0.130326 0.141859 0.164218 0.200203 0.249823 0.310114 0.377607 0.453755 0.547502 0.669453 0.812693 0.898906 0.816015 0.657647 0.52905 0.459637 0.457291 0.526988 0.661729 0.76587 0.680974 0.549764 0.469998 0.44551 0.46648 0.517234 0.558657 0.531726 0.44033 0.341238 0.263716 0.211326 0.179854 0.164433 0.161657 0.170414 0.192345 0.231726 0.294183 0.382636 0.486135 0.561569 0.557028 0.488281 0.400409 0.31382 0.236099 0.17181 0.122525 0.0870073 0.0626701 0.0468455 0.0374051 0.032938 0.0327434 0.0367974 0.045783 0.0612438 0.0859346 0.124467 0.184332 0.277077 0.417716 0.609629 0.75389 0.703105 0.646195 0.68965 0.853532 1.13904 1.04149 0.756517 0.575086 0.471109 0.418774 0.397291 0.392556 0.397041 0.406808 0.416853 0.417459 0.397451 0.356858 0.310058 0.271355 0.245171 0.227714 0.21255 0.195545 0.177015 0.160548 0.150255 0.148489 0.154371 0.162899 0.165861 0.15653 0.135167 0.108235 0.0826433 0.0622778 0.0481954 0.0399698 0.0366853 0.0373824 0.0411559 0.0471006 0.0542453 0.0615718 0.068167 0.0734759 0.0775413 0.0811136 0.0856078 0.0929753 0.105542 0.125772 0.155814 0.196587 0.246176 0.297526 0.336893 0.348133 0.325437 0.279602 0.227385 0.180595 0.144453 0.120165 0.107459 0.106124 0.116683 0.140392 0.178587 0.231044 0.292894 0.35051 0.382034 0.373129 0.333269 0.282756 0.234575 0.193618 0.16156 0.139176 0.126684 0.123704 0.129336 0.142441 0.162074 0.187441 0.216196 0.241273 0.251085 0.238594 0.209468 0.17551 0.144795 0.120198 0.102005 0.0897538 0.0826975 0.0796914 0.0791218 0.0791474 0.0782791 0.0759858 0.0728118 0.0698189 0.0677472 0.0664539 0.0649289 0.0618706 0.0564907 0.0489872 0.0403529 0.0317763 0.0241431 0.0178749 0.0130159 0.00939615 0.00676718 0.00488385 0.00354052 0.00257978 0.00188774 0.00138479 0.00101621 0.000744427 0.000543389 0.000394665 0.000284929 0.000204337 0.000145514 0.000102886 7.22285e-05 5.03539e-05 3.48679e-05 2.39888e-05 1.64026e-05 1.115e-05 7.53774e-06 5.06928e-06 3.39256e-06 2.26004e-06 1.49912e-06 9.904e-07 6.51855e-07 4.27529e-07 2.79482e-07 
4.26516e-08 6.28713e-08 9.24722e-08 1.35715e-07 1.98757e-07 2.90485e-07 4.23713e-07 6.16893e-07 8.96593e-07 1.30105e-06 1.88531e-06 2.72865e-06 3.94539e-06 5.70055e-06 8.23271e-06 1.18873e-05 1.71651e-05 2.47929e-05 3.58255e-05 5.17912e-05 7.48991e-05 0.000108324 0.000156594 0.000226093 0.000325683 0.000467429 0.000667337 0.000945984 0.0013288 0.00184578 0.0025304 0.00341803 0.00454485 0.00594945 0.00768081 0.00981645 0.0124921 0.0159383 0.0205096 0.0266809 0.034976 0.0457909 0.0590957 0.0740924 0.0891095 0.102153 0.112142 0.11986 0.127423 0.136475 0.146541 0.154789 0.157631 0.153263 0.142875 0.12949 0.116116 0.105021 0.0980683 0.0972394 0.104839 0.123257 0.154019 0.195437 0.238771 0.267567 0.269874 0.253316 0.23689 0.23451 0.251088 0.284157 0.324073 0.356069 0.371153 0.377788 0.395037 0.432419 0.468197 0.449757 0.37012 0.280509 0.212029 0.168613 0.144827 0.134101 0.1314 0.134199 0.142627 0.158833 0.186025 0.227607 0.286162 0.36105 0.44223 0.500709 0.498771 0.439756 0.367776 0.317653 0.305948 0.343347 0.444694 0.635386 0.924955 0.732811 0.470885 0.305945 0.204444 0.143225 0.108011 0.0900187 0.08357 0.0844622 0.0889049 0.09313 0.0938793 0.0894684 0.0803733 0.0685979 0.0563986 0.0454005 0.0364159 0.0296647 0.0250668 0.022471 0.0218073 0.0231958 0.0270372 0.0341027 0.0456095 0.0632183 0.0887573 0.123246 0.164603 0.204363 0.228105 0.226728 0.207677 0.186685 0.174011 0.171313 0.174368 0.176657 0.173133 0.162735 0.147824 0.131757 0.117214 0.106045 0.0998702 0.100739 0.111614 0.136662 0.18118 0.250371 0.344996 0.451809 0.538 0.574405 0.553426 0.479489 0.382919 0.297986 0.238615 0.205055 0.193571 0.200346 0.221785 0.253209 0.287345 0.31448 0.325597 0.316523 0.289486 0.251776 0.212848 0.181079 0.161923 0.157906 0.169432 0.195656 0.235929 0.292784 0.375505 0.49937 0.665515 0.753956 0.615157 0.446098 0.32289 0.239737 0.184377 0.147774 0.123961 0.109094 0.100752 0.0974551 0.0982916 0.10257 0.109417 0.117407 0.12452 0.12871 0.128911 0.125694 0.120951 0.116991 0.115984 0.120161 0.132381 0.156378 0.195946 0.252086 0.316969 0.368577 0.383375 0.363015 0.326285 0.285816 0.247038 0.213067 0.185656 0.165638 0.153911 0.151653 0.15952 0.176376 0.19832 0.219254 0.233881 0.240429 0.239004 0.228304 0.206956 0.177589 0.146602 0.120129 0.101678 0.0925018 0.0928226 0.102655 0.121937 0.149866 0.183346 0.215225 0.235284 0.237225 0.225482 0.211324 0.203954 0.206912 0.218977 0.235813 0.251385 0.259919 0.258629 0.249208 0.236238 0.224415 0.217213 0.216805 0.223839 0.236575 0.250066 0.257047 0.25169 0.233782 0.208345 0.181226 0.155856 0.13315 0.112894 0.0948526 0.0790505 0.0656097 0.0545965 0.0460129 0.0398609 0.0361987 0.0351691 0.0369964 0.0419388 0.050149 0.0614007 0.0747161 0.0881578 0.0993023 0.106642 0.111048 0.115832 0.125335 0.143386 0.17243 0.213202 0.264906 0.326245 0.396777 0.476497 0.561898 0.637292 0.667292 0.625957 0.541651 0.462149 0.415805 0.414308 0.458685 0.532004 0.584596 0.573809 0.531705 0.504898 0.512608 0.561608 0.652322 0.744667 0.702444 0.542446 0.397943 0.299243 0.239144 0.206476 0.191896 0.18863 0.192999 0.204944 0.227529 0.264729 0.317413 0.377779 0.426686 0.444778 0.428294 0.382813 0.316307 0.242908 0.176788 0.124795 0.0873049 0.0618403 0.0454653 0.0357688 0.031119 0.0306561 0.0342548 0.0425647 0.0571967 0.0811345 0.119486 0.180715 0.278422 0.43282 0.662771 0.861813 0.754761 0.665398 0.691886 0.821264 0.977329 0.937268 0.753051 0.602314 0.511049 0.46402 0.442117 0.432887 0.430972 0.433336 0.434808 0.427 0.402727 0.364487 0.324891 0.295658 0.279465 0.270384 0.259133 0.239613 0.212623 0.183939 0.159562 0.142602 0.132681 0.126651 0.120093 0.109615 0.0947416 0.0776926 0.0614548 0.0481693 0.0387469 0.0332161 0.0311663 0.0320234 0.0351553 0.0398861 0.0454987 0.0512875 0.0566788 0.0613958 0.0656033 0.0699791 0.0756989 0.0843589 0.0978417 0.118071 0.14652 0.18332 0.225971 0.268122 0.299735 0.310452 0.295822 0.260976 0.217166 0.175092 0.141185 0.117857 0.105365 0.103457 0.112219 0.132148 0.163491 0.204736 0.250467 0.289899 0.309613 0.302599 0.274714 0.23846 0.203516 0.174545 0.15336 0.140808 0.137379 0.143005 0.156582 0.175871 0.198449 0.223043 0.248424 0.268743 0.272005 0.250587 0.211907 0.170282 0.134909 0.108428 0.0901998 0.0786814 0.0722663 0.0693665 0.0683493 0.067643 0.0660683 0.0631911 0.0593657 0.0553538 0.0517735 0.0487348 0.0458381 0.0424753 0.0382272 0.0331041 0.0275041 0.0219757 0.0169808 0.0127797 0.00943641 0.00688301 0.00498843 0.00360854 0.00261342 0.00189793 0.00138245 0.00100924 0.000737439 0.000538444 0.000392241 0.000284685 0.000205637 0.000147712 0.000105457 7.48096e-05 5.27231e-05 3.69159e-05 2.56829e-05 1.7757e-05 1.22036e-05 8.33897e-06 5.66705e-06 3.83128e-06 2.57747e-06 1.72594e-06 1.15069e-06 7.64009e-07 5.0531e-07 3.32996e-07 2.18695e-07 
3.30388e-08 4.86833e-08 7.15929e-08 1.05079e-07 1.53938e-07 2.25108e-07 3.2862e-07 4.78966e-07 6.97071e-07 1.01316e-06 1.47087e-06 2.1333e-06 3.09169e-06 4.47809e-06 6.48388e-06 9.38652e-06 1.35885e-05 1.96736e-05 2.84871e-05 4.12503e-05 5.97196e-05 8.6405e-05 0.00012486 0.000180058 0.000258848 0.000370494 0.000527237 0.000744836 0.00104299 0.00144564 0.00198117 0.00268309 0.00359217 0.00476191 0.00626974 0.00823654 0.0108547 0.014421 0.0193626 0.0262328 0.035639 0.0480464 0.0634131 0.0807138 0.09769 0.111462 0.1202 0.124566 0.127162 0.130389 0.134746 0.13873 0.140046 0.137151 0.13009 0.120205 0.10935 0.0993663 0.0919979 0.0889706 0.091951 0.102244 0.120087 0.143456 0.166987 0.183171 0.187464 0.182833 0.177345 0.1782 0.188583 0.207304 0.229387 0.248278 0.260624 0.26978 0.282387 0.299601 0.310489 0.298592 0.262489 0.218835 0.183371 0.161842 0.152774 0.15161 0.15382 0.157364 0.163773 0.177314 0.203526 0.248553 0.319184 0.421987 0.5563 0.682072 0.682113 0.55873 0.434818 0.355851 0.328215 0.353408 0.436159 0.577991 0.711858 0.626621 0.442794 0.300925 0.207345 0.149397 0.116443 0.101305 0.099106 0.10584 0.117044 0.127147 0.130525 0.124236 0.109737 0.0913085 0.0730751 0.0574668 0.0453282 0.0365949 0.0308625 0.0277246 0.0269566 0.0286368 0.0332619 0.0418908 0.0563334 0.0793535 0.114699 0.166315 0.234916 0.308659 0.353034 0.338128 0.286489 0.237617 0.208244 0.197667 0.19787 0.198925 0.193242 0.178603 0.157675 0.134986 0.114421 0.0984607 0.0886057 0.0861023 0.0925072 0.1099 0.140576 0.185831 0.243389 0.304246 0.35318 0.376266 0.367568 0.330987 0.280728 0.233571 0.200107 0.184286 0.186709 0.206782 0.242719 0.289624 0.336672 0.367322 0.368277 0.340539 0.296354 0.248556 0.206145 0.174612 0.156886 0.154051 0.165905 0.191494 0.230289 0.284687 0.362547 0.474431 0.611243 0.676778 0.581271 0.444359 0.335522 0.258322 0.204926 0.168112 0.142569 0.124775 0.112637 0.104978 0.1011 0.100478 0.102495 0.106208 0.110326 0.113578 0.11531 0.115826 0.116121 0.117303 0.120387 0.126787 0.139059 0.16104 0.196685 0.246907 0.303727 0.345766 0.3511 0.322656 0.28072 0.239427 0.203703 0.174647 0.152418 0.137089 0.128925 0.128261 0.134944 0.147578 0.163065 0.17714 0.18611 0.188373 0.183996 0.173365 0.15717 0.137403 0.117323 0.100201 0.0882762 0.0826247 0.0835542 0.0909613 0.104375 0.122601 0.143099 0.161719 0.173879 0.177455 0.174851 0.171538 0.172525 0.180049 0.193228 0.208822 0.222601 0.231122 0.233264 0.23055 0.226178 0.22384 0.227144 0.239246 0.261842 0.293134 0.325352 0.344785 0.339264 0.309227 0.266688 0.223639 0.185772 0.153789 0.126623 0.103409 0.083841 0.0678255 0.0551952 0.0456842 0.0390219 0.0350179 0.0335968 0.0347869 0.0386629 0.0452195 0.0541599 0.0646486 0.075229 0.0842207 0.0906721 0.0952848 0.10046 0.109429 0.125251 0.150262 0.185918 0.232825 0.290619 0.357184 0.427054 0.490406 0.533882 0.54382 0.515919 0.463965 0.411485 0.377977 0.374103 0.401203 0.449211 0.497272 0.528441 0.545026 0.561169 0.591816 0.648943 0.739935 0.833729 0.773879 0.585604 0.427286 0.325201 0.268008 0.241652 0.233713 0.233704 0.234555 0.234794 0.238367 0.251053 0.276074 0.311422 0.35006 0.382612 0.397375 0.379044 0.323421 0.24961 0.180306 0.125882 0.0871053 0.0611157 0.0445985 0.0348868 0.0301789 0.029488 0.0325766 0.0399758 0.0531394 0.0747754 0.109392 0.16401 0.248536 0.37322 0.531315 0.642962 0.624401 0.587107 0.611362 0.691529 0.766674 0.756942 0.672624 0.585721 0.529558 0.498727 0.478278 0.461728 0.450247 0.443637 0.436468 0.42105 0.393932 0.360465 0.332004 0.317725 0.318395 0.325103 0.323181 0.301973 0.263523 0.219085 0.178956 0.147731 0.12528 0.109045 0.0958887 0.0834205 0.0707271 0.058254 0.0470646 0.0381053 0.0318766 0.0284534 0.0276319 0.0290511 0.0322519 0.0366973 0.0417996 0.0469914 0.0518455 0.0562142 0.0603355 0.064869 0.0708605 0.0796592 0.0927956 0.111772 0.137663 0.17043 0.208002 0.24551 0.275342 0.288836 0.280269 0.251482 0.211816 0.172143 0.139634 0.117076 0.104658 0.101753 0.107875 0.122809 0.146036 0.175589 0.206837 0.232417 0.244813 0.24094 0.22435 0.202194 0.180711 0.163577 0.152743 0.149648 0.155651 0.171429 0.195507 0.222995 0.247113 0.264248 0.275646 0.280603 0.27169 0.243331 0.201821 0.159413 0.124173 0.0983199 0.0809178 0.0700803 0.0639041 0.0606836 0.0589093 0.0573147 0.0550349 0.0517649 0.0477411 0.0434899 0.0394845 0.035914 0.0326611 0.0294512 0.0260545 0.0224189 0.0186778 0.015061 0.0117868 0.00899389 0.00672777 0.00496083 0.00362408 0.00263424 0.00191135 0.0013873 0.00100829 0.000733852 0.000534522 0.000389221 0.00028299 0.000205196 0.000148229 0.000106586 7.62414e-05 5.42284e-05 3.8344e-05 2.69498e-05 1.8828e-05 1.3076e-05 9.02893e-06 6.19964e-06 4.23409e-06 2.87684e-06 1.94509e-06 1.30899e-06 8.77025e-07 5.85153e-07 3.88874e-07 2.57471e-07 1.69871e-07 
2.55728e-08 3.76748e-08 5.54044e-08 8.13362e-08 1.19206e-07 1.74433e-07 2.54866e-07 3.71875e-07 5.41923e-07 7.8885e-07 1.14718e-06 1.66693e-06 2.42059e-06 3.5133e-06 5.09753e-06 7.39449e-06 1.07249e-05 1.55531e-05 2.255e-05 3.26812e-05 4.7329e-05 6.84583e-05 9.88354e-05 0.000142309 0.000204161 0.000291518 0.000413826 0.000583372 0.000815875 0.00113122 0.00155461 0.00211864 0.0028673 0.00386336 0.00520106 0.0070256 0.00955971 0.0131341 0.0182121 0.025386 0.0353066 0.0484809 0.0648762 0.0833733 0.101432 0.115727 0.124078 0.127183 0.128051 0.129586 0.132744 0.136386 0.138344 0.136774 0.131045 0.121856 0.110773 0.0996539 0.0902731 0.0841629 0.0825142 0.0859906 0.0943773 0.106139 0.118308 0.127417 0.131533 0.131721 0.131261 0.133449 0.139956 0.150329 0.162362 0.173359 0.18203 0.189462 0.197554 0.205802 0.20978 0.20445 0.190209 0.173785 0.162815 0.161169 0.167872 0.178142 0.186256 0.189863 0.192327 0.200792 0.223184 0.267543 0.343497 0.464556 0.649582 0.901795 0.902808 0.652091 0.475497 0.374027 0.332083 0.339162 0.386599 0.456159 0.499183 0.460119 0.364396 0.269099 0.196795 0.149046 0.122182 0.112494 0.117043 0.132808 0.154939 0.175174 0.183328 0.173745 0.150101 0.121244 0.0943114 0.0725322 0.0564166 0.0452952 0.0382344 0.0344471 0.0334702 0.0352773 0.040408 0.0501584 0.0668841 0.0944714 0.138956 0.2089 0.313499 0.448871 0.545744 0.493531 0.376309 0.286871 0.237744 0.219081 0.217329 0.21906 0.213868 0.197462 0.172042 0.143279 0.116628 0.0955027 0.0814388 0.0750196 0.0766535 0.0868809 0.106157 0.134081 0.168203 0.203126 0.231319 0.246004 0.244146 0.227951 0.204403 0.182252 0.168713 0.168542 0.184905 0.220203 0.275582 0.347994 0.423377 0.47051 0.459967 0.401654 0.328454 0.261782 0.20959 0.173811 0.154257 0.149931 0.159435 0.181268 0.214598 0.260682 0.323379 0.40442 0.488133 0.52758 0.492288 0.417582 0.342346 0.280276 0.232762 0.196961 0.169217 0.147 0.129274 0.115769 0.106295 0.100512 0.0979199 0.0978482 0.099499 0.102163 0.105508 0.109648 0.114821 0.120955 0.127712 0.135351 0.145806 0.162724 0.189811 0.227581 0.269106 0.298516 0.300929 0.277738 0.24267 0.207095 0.175989 0.15078 0.131736 0.118883 0.112226 0.111644 0.116565 0.125579 0.136287 0.14572 0.151314 0.151757 0.14702 0.137815 0.125311 0.111181 0.0974578 0.0860683 0.0783895 0.0751158 0.0763743 0.0818863 0.0910188 0.10268 0.115175 0.126347 0.134336 0.138778 0.141443 0.145521 0.153978 0.168059 0.18652 0.205783 0.221308 0.229961 0.231815 0.229841 0.228263 0.231433 0.243723 0.269409 0.311428 0.368248 0.428635 0.468079 0.46127 0.410015 0.340473 0.274528 0.220174 0.177008 0.142305 0.113943 0.0908348 0.0723898 0.0580921 0.0474129 0.0398753 0.0351159 0.0328996 0.0330962 0.0356231 0.0403468 0.0469415 0.0547505 0.0627827 0.0700032 0.0759124 0.0810717 0.0871497 0.0964706 0.111469 0.134379 0.167132 0.211183 0.266777 0.331261 0.397121 0.452604 0.48632 0.491711 0.469404 0.428841 0.385694 0.355384 0.348382 0.368972 0.415494 0.481116 0.554131 0.61726 0.659786 0.693561 0.729465 0.761835 0.767538 0.689933 0.547442 0.420033 0.33728 0.296625 0.287297 0.295739 0.306353 0.30577 0.290867 0.270342 0.256237 0.256216 0.272153 0.301703 0.338372 0.367046 0.362918 0.314826 0.243654 0.175658 0.122393 0.0846881 0.0595926 0.0437507 0.0344816 0.0299616 0.0291507 0.0317089 0.0379876 0.0491193 0.0672003 0.0955087 0.138527 0.201008 0.284022 0.374828 0.439524 0.458595 0.464731 0.493895 0.546924 0.593807 0.602269 0.576465 0.54794 0.534111 0.525475 0.506474 0.479219 0.455828 0.440527 0.427225 0.407442 0.379658 0.351829 0.33578 0.34019 0.365639 0.400197 0.417738 0.394142 0.335207 0.266932 0.207367 0.161651 0.128305 0.103964 0.0854429 0.0704609 0.0577795 0.0470106 0.0382476 0.0317082 0.0275235 0.0256767 0.0260161 0.0282771 0.0320845 0.0369527 0.0423146 0.0476093 0.0524246 0.0566492 0.060568 0.0648586 0.0705055 0.0786792 0.0906148 0.107469 0.130078 0.158542 0.191614 0.226008 0.255785 0.272559 0.268743 0.243998 0.207209 0.169824 0.139315 0.118287 0.106493 0.102777 0.106113 0.115815 0.131099 0.150291 0.170192 0.186389 0.194958 0.194652 0.187573 0.177614 0.168338 0.162143 0.160816 0.166467 0.18185 0.209308 0.247727 0.288127 0.314196 0.316277 0.301807 0.281211 0.255138 0.220723 0.180888 0.14274 0.111506 0.0886744 0.0733333 0.0637005 0.0579389 0.0544487 0.0519398 0.0494636 0.0464604 0.0427837 0.0386339 0.0343859 0.0303841 0.0268043 0.0236334 0.0207425 0.0179932 0.0153154 0.0127265 0.0103022 0.00812903 0.00626806 0.00474031 0.00353078 0.00260092 0.00190202 0.00138514 0.00100688 0.00073163 0.000531766 0.000386585 0.000280952 0.000203952 0.000147748 0.000106713 7.67829e-05 5.50019e-05 3.92051e-05 2.77977e-05 1.96015e-05 1.3745e-05 9.58452e-06 6.64659e-06 4.58439e-06 3.14548e-06 2.1473e-06 1.45877e-06 9.86418e-07 6.6406e-07 4.45163e-07 2.97228e-07 1.977e-07 1.31027e-07 
1.97802e-08 2.91394e-08 4.28578e-08 6.29369e-08 9.22867e-08 1.35135e-07 1.9762e-07 2.88651e-07 4.21158e-07 6.139e-07 8.94102e-07 1.30127e-06 1.89276e-06 2.75179e-06 3.99914e-06 5.80997e-06 8.43792e-06 1.22496e-05 1.77732e-05 2.57663e-05 3.73093e-05 5.39318e-05 7.77793e-05 0.00011183 0.000160168 0.000228325 0.0003237 0.000456093 0.00063841 0.000887705 0.00122684 0.0016873 0.00231401 0.00317337 0.00436579 0.00604401 0.00843711 0.0118774 0.0168213 0.0238442 0.0335706 0.0464798 0.0625273 0.080629 0.0983629 0.112605 0.121378 0.125498 0.128021 0.131907 0.13813 0.145366 0.150875 0.151912 0.147036 0.136718 0.122961 0.108314 0.0950183 0.0846589 0.0781626 0.0758393 0.0773429 0.0816078 0.086971 0.0916922 0.0947548 0.096372 0.0977131 0.100094 0.104255 0.110073 0.116711 0.123162 0.128934 0.134301 0.139682 0.144634 0.147658 0.147618 0.145688 0.145624 0.15183 0.166786 0.188931 0.211736 0.226393 0.229122 0.225635 0.226661 0.242016 0.279744 0.348429 0.459621 0.626817 0.831884 0.83111 0.624816 0.462181 0.364563 0.319425 0.313963 0.334874 0.363595 0.374539 0.349004 0.294326 0.232975 0.181127 0.14503 0.125751 0.122837 0.135651 0.162845 0.199899 0.23532 0.251153 0.236328 0.199019 0.156068 0.118455 0.0896484 0.0692426 0.0556495 0.047259 0.0428183 0.0415517 0.0432534 0.0484194 0.0584511 0.0759987 0.105575 0.154601 0.234962 0.364584 0.563246 0.765585 0.629849 0.435219 0.31503 0.254004 0.231926 0.231576 0.237373 0.236011 0.220025 0.190671 0.155464 0.122248 0.0956631 0.0772743 0.0670237 0.0643801 0.068823 0.0797898 0.0962709 0.116289 0.136668 0.153536 0.163575 0.165371 0.160176 0.151704 0.144998 0.145216 0.157164 0.185593 0.235595 0.312272 0.417975 0.541226 0.627956 0.600135 0.491077 0.377271 0.286206 0.220833 0.178332 0.155126 0.147899 0.153765 0.170411 0.196536 0.232408 0.279365 0.336238 0.39282 0.428872 0.429853 0.400604 0.356212 0.310536 0.270864 0.237176 0.206476 0.177519 0.151522 0.130117 0.11396 0.102781 0.095913 0.0926392 0.0923506 0.0946558 0.0994405 0.106716 0.116174 0.126716 0.136616 0.144812 0.152493 0.163163 0.180489 0.205175 0.232411 0.252286 0.255829 0.242289 0.218105 0.190404 0.163847 0.140976 0.123091 0.110763 0.104086 0.102772 0.106066 0.112608 0.120411 0.127178 0.130901 0.130435 0.125691 0.117427 0.106921 0.0957147 0.0853612 0.0771688 0.0719944 0.0701732 0.0715759 0.0757313 0.0819393 0.0893351 0.0969435 0.103857 0.109647 0.114864 0.121243 0.131288 0.147322 0.170239 0.198183 0.225794 0.245684 0.253057 0.249636 0.242114 0.237825 0.242822 0.262466 0.302064 0.365754 0.452439 0.547398 0.612588 0.602881 0.522585 0.419139 0.326237 0.2535 0.198726 0.156983 0.124384 0.0986283 0.0783674 0.0626679 0.0507997 0.0421934 0.0364219 0.0331734 0.0322177 0.0333637 0.0363987 0.0410091 0.0467163 0.0529009 0.0589882 0.0647688 0.070679 0.0778499 0.0879183 0.102786 0.12448 0.155086 0.196478 0.249442 0.311876 0.376937 0.433717 0.471322 0.482295 0.464791 0.426013 0.381354 0.347382 0.336385 0.356222 0.412714 0.510452 0.64369 0.765542 0.810352 0.815435 0.812 0.770122 0.692051 0.590787 0.481569 0.392082 0.339204 0.32532 0.344671 0.383987 0.419114 0.421061 0.382346 0.326055 0.278112 0.250896 0.246523 0.262098 0.290299 0.31551 0.314565 0.276652 0.217599 0.159357 0.112753 0.0793254 0.0569218 0.0427541 0.0344876 0.030475 0.0297206 0.0318141 0.0369107 0.0457665 0.0597947 0.0810453 0.111882 0.153895 0.205447 0.258566 0.300724 0.327183 0.348795 0.378922 0.418317 0.45469 0.476247 0.486678 0.500649 0.522677 0.534634 0.516508 0.47876 0.444733 0.422619 0.405855 0.385122 0.359654 0.339005 0.336188 0.361738 0.420359 0.502478 0.561994 0.530629 0.428752 0.32343 0.240615 0.180655 0.137836 0.106748 0.0835481 0.0657914 0.0520225 0.0414296 0.0335907 0.0282876 0.0253843 0.0247587 0.0262588 0.0296599 0.0346133 0.0406082 0.0469886 0.0530637 0.0583071 0.0625674 0.0661778 0.0699001 0.0747458 0.0817744 0.0919556 0.106102 0.124811 0.148304 0.176043 0.206006 0.233585 0.251025 0.250283 0.229999 0.198206 0.165783 0.139728 0.122175 0.112371 0.108661 0.109631 0.114455 0.122586 0.133147 0.144502 0.154481 0.161324 0.164682 0.165757 0.166434 0.16825 0.172151 0.179258 0.192058 0.214986 0.253258 0.308278 0.367655 0.398623 0.378448 0.328606 0.27763 0.233339 0.193259 0.156185 0.123896 0.0983187 0.0798367 0.0674763 0.0596413 0.0546752 0.0511615 0.0480566 0.0447254 0.0409128 0.0366686 0.0322353 0.0279168 0.023962 0.0204964 0.0175194 0.0149475 0.0126758 0.0106249 0.00875938 0.00708056 0.00560611 0.00435113 0.00331741 0.00249168 0.00184953 0.00136102 0.000995662 0.000725768 0.000528006 0.000383768 0.000278779 0.000202381 0.00014676 0.00010624 7.6719e-05 5.52254e-05 3.96027e-05 2.82772e-05 2.00957e-05 1.42105e-05 9.99713e-06 6.99638e-06 4.8708e-06 3.3735e-06 2.32466e-06 1.59401e-06 1.0878e-06 7.38934e-07 4.99737e-07 3.36542e-07 2.25726e-07 1.50818e-07 1.00399e-07 
1.52897e-08 2.25253e-08 3.31368e-08 4.86798e-08 7.1419e-08 1.04651e-07 1.53169e-07 2.23944e-07 3.27109e-07 4.7739e-07 6.96189e-07 1.0146e-06 1.47779e-06 2.15135e-06 3.13043e-06 4.55293e-06 6.61829e-06 9.61422e-06 1.39542e-05 2.02299e-05 2.92827e-05 4.2301e-05 6.09499e-05 8.75421e-05 0.000125261 0.000178454 0.000253015 0.000356923 0.000501003 0.000700104 0.000974965 0.00135525 0.00188444 0.00262751 0.00368232 0.00519558 0.00738299 0.0105507 0.0151102 0.0215681 0.0304587 0.0421706 0.056631 0.0729087 0.089048 0.102669 0.112459 0.119422 0.126404 0.136162 0.149574 0.164941 0.178346 0.185033 0.18172 0.168618 0.149197 0.127886 0.108104 0.0917758 0.0796814 0.0718639 0.0678571 0.0668056 0.0676159 0.0692205 0.0708928 0.0724284 0.074054 0.0761457 0.078955 0.082472 0.0864552 0.0906008 0.0947483 0.0989372 0.103218 0.107419 0.111275 0.115064 0.120348 0.130041 0.147505 0.174742 0.20976 0.244092 0.265114 0.266929 0.257644 0.25133 0.258579 0.285615 0.33689 0.415732 0.517722 0.606205 0.602066 0.507109 0.404266 0.332566 0.29598 0.287468 0.295754 0.306601 0.305541 0.284562 0.24715 0.204295 0.166437 0.139873 0.127602 0.131192 0.151874 0.190095 0.24243 0.294926 0.320183 0.299206 0.246786 0.189724 0.142222 0.107189 0.0830672 0.0673823 0.0579138 0.0529549 0.0513725 0.0527029 0.0572999 0.0665081 0.082913 0.110813 0.157044 0.231996 0.349419 0.515693 0.653104 0.568364 0.41291 0.306601 0.251783 0.234448 0.240168 0.253833 0.259396 0.245098 0.211307 0.168828 0.12878 0.0969799 0.074755 0.0613237 0.0553649 0.055639 0.0610385 0.0703746 0.08213 0.0943861 0.105082 0.112571 0.116238 0.116889 0.11674 0.11909 0.127966 0.148061 0.184986 0.245643 0.338271 0.470894 0.640962 0.781932 0.734478 0.573289 0.42508 0.313424 0.236037 0.186945 0.16011 0.150183 0.152727 0.164456 0.183583 0.210019 0.244718 0.287557 0.334398 0.376009 0.40085 0.400871 0.379059 0.348768 0.319837 0.290869 0.256557 0.217475 0.179553 0.147838 0.123971 0.107328 0.0966106 0.0906804 0.0888142 0.0907137 0.0963824 0.105796 0.118319 0.13212 0.144365 0.152843 0.158116 0.163694 0.173598 0.189377 0.208544 0.225258 0.23338 0.229842 0.21546 0.193646 0.168896 0.145402 0.126039 0.112201 0.104201 0.101675 0.103757 0.109062 0.115689 0.121448 0.124345 0.123171 0.117834 0.109251 0.0989223 0.0884757 0.0793334 0.0725192 0.0685662 0.0675082 0.068952 0.0722245 0.0765605 0.0812802 0.0859197 0.0903587 0.0950074 0.101023 0.110401 0.125773 0.149805 0.183954 0.22622 0.268265 0.295959 0.299361 0.283542 0.26313 0.250706 0.254102 0.279135 0.331617 0.416335 0.531592 0.657507 0.743003 0.728494 0.621916 0.487729 0.370031 0.280609 0.215932 0.168955 0.133837 0.106791 0.0855632 0.068825 0.0557879 0.0459595 0.0389856 0.0345662 0.0324268 0.0323101 0.0339617 0.0371022 0.041404 0.0465123 0.0521428 0.0582392 0.0651133 0.0734929 0.084478 0.0994786 0.120189 0.148556 0.186547 0.235427 0.294355 0.358888 0.420777 0.469115 0.491615 0.479826 0.43888 0.387549 0.346443 0.330328 0.34968 0.415988 0.546503 0.761769 1.00923 0.984885 0.899507 0.848107 0.751294 0.62432 0.509543 0.418792 0.358514 0.33493 0.351637 0.408597 0.497165 0.583767 0.597471 0.513071 0.399748 0.308813 0.252063 0.226334 0.22456 0.23716 0.250074 0.246821 0.219953 0.177932 0.134631 0.0984925 0.0717499 0.0534714 0.0418213 0.0350692 0.0318977 0.0314378 0.0332447 0.0372923 0.0439908 0.0541838 0.0690406 0.0897097 0.116585 0.148244 0.18088 0.210023 0.234577 0.258458 0.286402 0.318712 0.351103 0.380309 0.409476 0.444989 0.484107 0.505755 0.490175 0.450556 0.413159 0.388007 0.369982 0.351104 0.331251 0.319839 0.330058 0.37481 0.466248 0.610252 0.753931 0.698696 0.520553 0.373215 0.270377 0.199744 0.149993 0.113699 0.0865386 0.0660521 0.050735 0.0395769 0.0318745 0.0271522 0.0251078 0.0255573 0.0283645 0.033349 0.0401723 0.0482349 0.0566532 0.0644014 0.0706347 0.0750589 0.0781075 0.0807915 0.0843265 0.0897711 0.0978409 0.108929 0.123254 0.140959 0.1619 0.184925 0.20669 0.221071 0.221596 0.20703 0.183567 0.159878 0.141614 0.130211 0.124378 0.121954 0.12126 0.12166 0.123319 0.126526 0.131179 0.136807 0.143053 0.150148 0.158848 0.1698 0.182837 0.196973 0.211625 0.228675 0.253867 0.295709 0.359843 0.434161 0.469571 0.425865 0.343418 0.268244 0.210865 0.167299 0.133121 0.106401 0.0864864 0.0726543 0.0636995 0.0580931 0.0542889 0.0510058 0.0474153 0.0431877 0.0383934 0.0333283 0.0283456 0.0237413 0.019699 0.0162812 0.0134533 0.0111233 0.00918384 0.00754222 0.0061343 0.00492345 0.00389116 0.00302642 0.00231802 0.00175122 0.0013078 0.00096771 0.000711147 0.000520085 0.000379142 0.000275833 0.000200401 0.000145432 0.000105408 7.62738e-05 5.50736e-05 3.96579e-05 2.84637e-05 2.03524e-05 1.44918e-05 1.02725e-05 7.24742e-06 5.08841e-06 3.55505e-06 2.47157e-06 1.70996e-06 1.17739e-06 8.06914e-07 5.50512e-07 3.73943e-07 2.52937e-07 1.70397e-07 1.14348e-07 7.64521e-08 
1.18112e-08 1.74027e-08 2.56077e-08 3.76342e-08 5.52435e-08 8.10027e-08 1.18651e-07 1.73632e-07 2.5387e-07 3.70898e-07 5.41488e-07 7.90033e-07 1.15198e-06 1.6788e-06 2.44514e-06 3.5591e-06 5.17683e-06 7.52323e-06 1.0921e-05 1.58311e-05 2.29083e-05 3.30772e-05 4.76348e-05 6.83891e-05 9.78457e-05 0.000139463 0.000198008 0.000280069 0.000394817 0.000555187 0.000779718 0.00109545 0.0015424 0.00218028 0.00309814 0.00442717 0.00635624 0.00914712 0.0131422 0.0187502 0.0263845 0.0363249 0.0484902 0.0621955 0.0761295 0.088877 0.0999708 0.110708 0.123819 0.142076 0.166703 0.196027 0.224449 0.242825 0.242899 0.224096 0.193889 0.161066 0.131128 0.10636 0.0872681 0.0735308 0.0644197 0.0590027 0.0562898 0.0553727 0.0555475 0.0563759 0.0576584 0.0593488 0.061464 0.0640214 0.0670091 0.0703913 0.0741334 0.0782093 0.0825807 0.0872238 0.0923191 0.0986196 0.107809 0.122528 0.145783 0.179426 0.221354 0.262317 0.287873 0.290904 0.280297 0.271008 0.272888 0.289695 0.321728 0.36657 0.415613 0.448137 0.439737 0.392734 0.335724 0.291796 0.268559 0.26349 0.268584 0.273252 0.267938 0.248499 0.218041 0.184166 0.154566 0.134695 0.12791 0.13655 0.162683 0.207573 0.268352 0.330142 0.361024 0.337729 0.278438 0.214721 0.162162 0.123579 0.0971388 0.0801176 0.0700225 0.0648052 0.0629495 0.063654 0.0670485 0.0743128 0.0877089 0.110674 0.14799 0.205423 0.286546 0.380474 0.438964 0.410724 0.334528 0.26907 0.233498 0.226632 0.240714 0.263244 0.276392 0.264134 0.226319 0.177691 0.132458 0.0970843 0.0724175 0.0570131 0.0489816 0.0466502 0.0486446 0.0537567 0.0607933 0.0685278 0.0758082 0.0818022 0.0862846 0.0898534 0.0940205 0.101209 0.114771 0.139125 0.18001 0.244693 0.341649 0.477965 0.646847 0.781396 0.752467 0.608199 0.457745 0.336976 0.251718 0.198065 0.169217 0.158234 0.159078 0.167258 0.180435 0.198602 0.223419 0.256694 0.2983 0.343814 0.38251 0.400991 0.397381 0.385403 0.374354 0.355959 0.317962 0.264625 0.211137 0.167503 0.135782 0.114192 0.100283 0.0921893 0.0888745 0.0899903 0.0955838 0.105632 0.119364 0.134632 0.148086 0.156941 0.161365 0.164813 0.171672 0.184546 0.202988 0.223586 0.240824 0.248431 0.24184 0.221483 0.193204 0.16435 0.140029 0.122429 0.11187 0.107793 0.109179 0.114521 0.121702 0.128086 0.131086 0.12907 0.122016 0.11136 0.0992059 0.0875504 0.0778769 0.0710543 0.067365 0.0665706 0.06802 0.0708301 0.0741357 0.0773396 0.0802801 0.0833094 0.0873553 0.0940181 0.105671 0.125464 0.157049 0.20349 0.264125 0.327886 0.36858 0.364089 0.326851 0.286541 0.262037 0.261451 0.289852 0.352978 0.456095 0.596599 0.747762 0.844669 0.821537 0.693708 0.535912 0.399521 0.298182 0.227312 0.178029 0.142624 0.115794 0.0943893 0.0768357 0.0625232 0.0512566 0.042897 0.037225 0.0339487 0.0327589 0.0333735 0.0355496 0.0390788 0.0437877 0.0495663 0.0564204 0.0645282 0.0742821 0.0863223 0.101578 0.12131 0.147124 0.180851 0.224131 0.277541 0.339396 0.404449 0.462052 0.495294 0.489123 0.446606 0.389785 0.342683 0.321379 0.336761 0.401207 0.534585 0.767057 1.08224 0.987053 0.846627 0.762363 0.656294 0.534003 0.431239 0.360038 0.322992 0.323458 0.366827 0.459674 0.606041 0.785011 0.836793 0.656011 0.466255 0.332919 0.250844 0.207085 0.189703 0.187523 0.188832 0.1828 0.164482 0.137256 0.108305 0.0830607 0.0636797 0.0501232 0.0414525 0.0365805 0.0345704 0.034713 0.0365438 0.039869 0.0448053 0.0517891 0.0614856 0.0745369 0.0911473 0.110671 0.13163 0.152582 0.173446 0.195799 0.22138 0.250329 0.281245 0.313295 0.347851 0.38618 0.422707 0.44137 0.429765 0.397796 0.36516 0.34122 0.324002 0.308881 0.296621 0.29506 0.315603 0.370641 0.473654 0.635388 0.809393 0.746604 0.548874 0.393981 0.287564 0.214091 0.161291 0.121784 0.0916685 0.0688608 0.0520109 0.040063 0.0321758 0.027742 0.0263935 0.0279652 0.0324128 0.0396756 0.0494775 0.0610966 0.0732211 0.0841023 0.0921446 0.0967023 0.0984748 0.0991284 0.100467 0.103744 0.109413 0.11728 0.126943 0.138222 0.151168 0.165386 0.178955 0.188038 0.188678 0.180319 0.16709 0.154807 0.147225 0.144733 0.145178 0.145598 0.143957 0.140076 0.135327 0.13157 0.130281 0.132374 0.138547 0.149622 0.166429 0.18906 0.215801 0.242695 0.265239 0.282548 0.300726 0.331084 0.382134 0.443481 0.467629 0.415653 0.326662 0.246403 0.186605 0.144013 0.11359 0.0919524 0.0771364 0.0677073 0.0622142 0.0590654 0.0566839 0.0538061 0.0497543 0.0445029 0.0384915 0.0323212 0.0265095 0.0213833 0.0170777 0.0135848 0.0108116 0.00862809 0.00690289 0.00552363 0.00440532 0.0034893 0.00273697 0.00212242 0.00162623 0.00123171 0.000923222 0.00068588 0.00050592 0.000371136 0.000271168 0.00019756 0.000143635 0.000104258 7.55598e-05 5.46693e-05 3.94754e-05 2.84352e-05 2.04237e-05 1.46207e-05 1.04276e-05 7.407e-06 5.2388e-06 3.6887e-06 2.58535e-06 1.80363e-06 1.25244e-06 8.65703e-07 5.95678e-07 4.08067e-07 2.78343e-07 1.89067e-07 1.2791e-07 8.62e-08 5.78754e-08 
9.11829e-09 1.34373e-08 1.97786e-08 2.90794e-08 4.27085e-08 6.26624e-08 9.18532e-08 1.34526e-07 1.96866e-07 2.87882e-07 4.20688e-07 6.14365e-07 8.96645e-07 1.3078e-06 1.9062e-06 2.77633e-06 4.04012e-06 5.87301e-06 8.52655e-06 1.23599e-05 1.78833e-05 2.58186e-05 3.71815e-05 5.33962e-05 7.64529e-05 0.000109132 0.000155323 0.0002205 0.000312431 0.000442264 0.000626198 0.000888029 0.00126295 0.00180304 0.00258484 0.00371896 0.00536102 0.00772111 0.011066 0.0157034 0.0219327 0.0299476 0.0397005 0.0507933 0.0625538 0.0744566 0.086825 0.101365 0.12105 0.14934 0.188972 0.239974 0.295713 0.338208 0.344871 0.312826 0.261803 0.21001 0.165079 0.12871 0.10065 0.0800042 0.0655782 0.0560817 0.0502937 0.0471655 0.0458656 0.0457865 0.0465267 0.0478632 0.0497188 0.0521188 0.0551329 0.0588146 0.0631588 0.0680902 0.0734948 0.079317 0.0857566 0.0935568 0.104272 0.120285 0.144289 0.177883 0.219029 0.259426 0.286544 0.294112 0.289093 0.283662 0.285558 0.296398 0.313719 0.333072 0.34858 0.352482 0.338654 0.309959 0.277874 0.253581 0.242145 0.242309 0.248171 0.251434 0.24485 0.226037 0.198576 0.169294 0.144744 0.129614 0.126961 0.139024 0.167623 0.213353 0.272356 0.330028 0.359008 0.340522 0.288337 0.228861 0.177409 0.138319 0.111007 0.0933949 0.0831319 0.0779517 0.0759137 0.0757904 0.077441 0.0818857 0.0910457 0.107397 0.133611 0.171635 0.219949 0.268247 0.295564 0.287166 0.255054 0.22332 0.206891 0.209892 0.229528 0.256306 0.273012 0.262537 0.224585 0.175216 0.12949 0.0939119 0.0690935 0.0533611 0.0446427 0.0411292 0.0413783 0.0442303 0.0487046 0.053951 0.0592808 0.064267 0.0688787 0.073615 0.0796244 0.0888261 0.104065 0.129313 0.169859 0.232278 0.32349 0.446919 0.59049 0.70445 0.716219 0.620159 0.480969 0.355638 0.265321 0.209731 0.181526 0.172181 0.173826 0.180386 0.188743 0.199121 0.214194 0.237371 0.270688 0.312064 0.352691 0.380445 0.393576 0.404512 0.418959 0.417923 0.377461 0.308427 0.239683 0.185979 0.148496 0.123645 0.107638 0.0978707 0.0930114 0.0926687 0.0969437 0.105874 0.11875 0.133539 0.147087 0.156724 0.162421 0.167269 0.17569 0.191266 0.215459 0.24675 0.279306 0.301927 0.302078 0.27695 0.237312 0.196904 0.163737 0.140202 0.126017 0.120154 0.121407 0.128153 0.137851 0.146832 0.151042 0.147819 0.137358 0.122318 0.106069 0.0913 0.079623 0.0717274 0.0676152 0.0667664 0.0682773 0.0710533 0.074084 0.0767311 0.0789254 0.081234 0.0848679 0.0917221 0.104493 0.126837 0.163406 0.219162 0.296095 0.382973 0.43976 0.424492 0.36181 0.301236 0.26554 0.260971 0.291088 0.361579 0.479355 0.644729 0.82963 0.946851 0.903873 0.741565 0.560145 0.411381 0.304702 0.232764 0.184843 0.151612 0.126415 0.105374 0.0869596 0.0710778 0.0580864 0.0481827 0.0412487 0.0369553 0.0349213 0.0348273 0.0364612 0.0397126 0.0445422 0.0509495 0.0589515 0.0685804 0.0799162 0.0931688 0.108789 0.127559 0.15063 0.179524 0.216027 0.26172 0.316879 0.378393 0.436455 0.473056 0.471056 0.431875 0.376767 0.329283 0.304778 0.312583 0.361221 0.459917 0.607191 0.74005 0.740682 0.670145 0.597433 0.514236 0.425562 0.351228 0.302693 0.284609 0.301312 0.359462 0.468131 0.636636 0.859163 0.940412 0.7001 0.480778 0.332107 0.239354 0.186041 0.158829 0.146846 0.140745 0.133194 0.120604 0.103734 0.0857473 0.069601 0.056858 0.0478497 0.0422473 0.0394906 0.0389849 0.040162 0.0425109 0.0456422 0.049388 0.0538876 0.0595745 0.0670145 0.0766365 0.088514 0.102405 0.118126 0.136006 0.156894 0.181556 0.209948 0.241114 0.273794 0.30688 0.338444 0.363327 0.372994 0.362732 0.338918 0.313263 0.292765 0.277958 0.267447 0.262759 0.269709 0.296529 0.35154 0.440484 0.5568 0.648372 0.619162 0.500448 0.382056 0.290009 0.221461 0.169363 0.128722 0.0969222 0.0725629 0.05458 0.0419763 0.0338824 0.0296718 0.0290204 0.0318986 0.038494 0.0490416 0.0635114 0.0811332 0.0999066 0.116588 0.127803 0.132031 0.130701 0.127133 0.124508 0.124573 0.127433 0.132016 0.136946 0.141495 0.14591 0.150737 0.155683 0.159199 0.159604 0.157035 0.15411 0.154276 0.159397 0.168439 0.177751 0.182831 0.180843 0.17224 0.160232 0.148837 0.141315 0.139829 0.145972 0.161365 0.187641 0.225401 0.271957 0.31884 0.353038 0.366315 0.36493 0.365305 0.379406 0.400484 0.398576 0.35186 0.280127 0.212457 0.160234 0.123112 0.0976701 0.0808603 0.0705332 0.0650471 0.0628266 0.0621589 0.061308 0.0588993 0.0543346 0.047899 0.0404528 0.0329523 0.0261099 0.0202955 0.0155971 0.0119298 0.00912958 0.00701426 0.0054175 0.00420316 0.00326819 0.00253893 0.00196463 0.00151057 0.00115228 0.000871483 0.000653583 0.000486392 0.000359558 0.000264339 0.000193492 0.000141161 0.00010272 7.45936e-05 5.40713e-05 3.91253e-05 2.82555e-05 2.036e-05 1.46328e-05 1.04856e-05 7.48875e-06 5.32896e-06 3.77723e-06 2.66633e-06 1.87413e-06 1.31156e-06 9.13822e-07 6.33902e-07 4.3781e-07 3.01078e-07 2.06178e-07 1.40612e-07 9.55149e-08 6.46315e-08 4.35713e-08 
7.03511e-09 1.03695e-08 1.52679e-08 2.24569e-08 3.29989e-08 4.84454e-08 7.10612e-08 1.04151e-07 1.52535e-07 2.23238e-07 3.26492e-07 4.77188e-07 6.96978e-07 1.01729e-06 1.4837e-06 2.1621e-06 3.14758e-06 4.57694e-06 6.64634e-06 9.63601e-06 1.39449e-05 2.01387e-05 2.90176e-05 4.17105e-05 5.98095e-05 8.55625e-05 0.000122155 0.000174129 0.000248004 0.000353231 0.0005036 0.000719349 0.0010302 0.00147959 0.00213028 0.00307109 0.00442405 0.00634962 0.00904591 0.0127352 0.0176299 0.023876 0.0314897 0.04034 0.0502702 0.0614296 0.0747615 0.0924314 0.117995 0.156316 0.213243 0.29411 0.39691 0.491575 0.510662 0.443797 0.353799 0.274182 0.209504 0.15825 0.118971 0.0901598 0.0699632 0.0564371 0.0478379 0.0427542 0.0401137 0.039145 0.0393365 0.0404037 0.0422556 0.0449433 0.048583 0.0532681 0.0589969 0.0656415 0.0729677 0.0807186 0.0887938 0.0975547 0.108168 0.122695 0.143563 0.172204 0.207031 0.241948 0.268375 0.281918 0.286439 0.289549 0.296207 0.306246 0.315246 0.318084 0.312507 0.298948 0.279056 0.256271 0.235879 0.222739 0.218904 0.222759 0.229396 0.232046 0.224984 0.206912 0.181772 0.156052 0.135634 0.124596 0.125557 0.140321 0.169982 0.213884 0.266915 0.315945 0.341217 0.330135 0.289991 0.238874 0.190838 0.152278 0.124535 0.106569 0.0963377 0.0913678 0.0892168 0.0881431 0.0877267 0.0889262 0.0935045 0.103291 0.119595 0.142507 0.169622 0.194709 0.209099 0.208088 0.196282 0.183903 0.179609 0.187473 0.206588 0.229913 0.243697 0.234419 0.201877 0.159017 0.118651 0.0868146 0.0643975 0.0500838 0.0420488 0.0386182 0.0384257 0.0403918 0.04367 0.0476147 0.0517819 0.0559598 0.0602255 0.0650271 0.0712958 0.0805978 0.0953249 0.118897 0.155909 0.212034 0.293228 0.403117 0.53647 0.666447 0.727162 0.652435 0.50248 0.366952 0.273234 0.21894 0.194673 0.190145 0.19547 0.202554 0.207179 0.20982 0.214219 0.225032 0.245484 0.275018 0.307933 0.336873 0.361907 0.391795 0.427219 0.441884 0.403938 0.329327 0.255688 0.199761 0.161701 0.136704 0.120197 0.109248 0.102518 0.0997782 0.101346 0.10749 0.117801 0.130743 0.143849 0.154959 0.163867 0.172944 0.186283 0.208332 0.242575 0.28971 0.343967 0.387659 0.394595 0.356835 0.29683 0.239187 0.194422 0.163703 0.145304 0.137506 0.139064 0.148491 0.162869 0.17691 0.183793 0.178751 0.16251 0.140227 0.117492 0.0979319 0.0831604 0.0735155 0.0686168 0.0676346 0.0694275 0.0726994 0.0762453 0.0792434 0.081495 0.0835435 0.0866866 0.0929644 0.105214 0.127231 0.163897 0.220675 0.300453 0.392538 0.453071 0.432951 0.361487 0.294586 0.255516 0.249676 0.28016 0.35308 0.478018 0.663959 0.901599 1.08247 0.983781 0.757608 0.554714 0.403155 0.299531 0.232436 0.18976 0.161093 0.138732 0.118348 0.0988485 0.0810629 0.0661479 0.0546972 0.0466515 0.0415786 0.0389781 0.0384748 0.0398867 0.0432002 0.0484934 0.0558462 0.0652586 0.0766039 0.0896535 0.104201 0.120242 0.138095 0.158432 0.182337 0.211428 0.247646 0.292147 0.342958 0.391832 0.423577 0.424025 0.393527 0.348138 0.306743 0.282165 0.281553 0.309164 0.365628 0.440028 0.499436 0.510076 0.480608 0.434268 0.379362 0.32315 0.27659 0.24834 0.243854 0.267892 0.325954 0.42293 0.556161 0.691514 0.718129 0.587553 0.426204 0.300057 0.214952 0.162258 0.132038 0.115684 0.106202 0.0984678 0.0897256 0.0795915 0.0691553 0.0597795 0.0523872 0.0473626 0.0447289 0.0443105 0.0457864 0.0486762 0.0523437 0.0560898 0.0593606 0.0619975 0.0643694 0.0672622 0.0715785 0.0780632 0.0872422 0.0995873 0.11572 0.136393 0.162137 0.192699 0.226573 0.260848 0.291579 0.314633 0.326537 0.325215 0.311627 0.290865 0.269645 0.252488 0.240828 0.235064 0.237027 0.250813 0.281632 0.333343 0.404334 0.480143 0.526919 0.511101 0.442773 0.359593 0.28465 0.223231 0.173585 0.133353 0.101185 0.0762702 0.0577983 0.0448767 0.0367025 0.0327419 0.0328359 0.0372337 0.0465567 0.0616424 0.0831342 0.110619 0.141281 0.168949 0.185887 0.188221 0.179473 0.167143 0.157243 0.152227 0.151514 0.152675 0.152915 0.150726 0.146666 0.142491 0.139598 0.138335 0.138651 0.141253 0.147993 0.160891 0.180382 0.203812 0.225215 0.237316 0.23551 0.220928 0.199586 0.178671 0.163633 0.157756 0.163332 0.182985 0.220118 0.277731 0.354416 0.436583 0.493753 0.498876 0.461123 0.412975 0.376562 0.351996 0.323784 0.280043 0.226277 0.175335 0.134593 0.105126 0.0852726 0.0729656 0.0664687 0.064294 0.0648919 0.0664462 0.0670032 0.0649944 0.0598469 0.0521522 0.043209 0.0343367 0.0264355 0.0199083 0.0147903 0.0109176 0.00805384 0.00596314 0.00444294 0.0033337 0.00251684 0.00190785 0.00144821 0.00109792 0.000829511 0.000623655 0.000466239 0.00034654 0.000256164 0.000188438 0.000138046 0.000100787 7.33831e-05 5.33093e-05 3.86504e-05 2.79703e-05 2.02027e-05 1.45617e-05 1.0471e-05 7.5094e-06 5.3694e-06 3.82663e-06 2.71745e-06 1.9225e-06 1.35472e-06 9.50743e-07 6.64463e-07 4.62442e-07 3.20497e-07 2.212e-07 1.52042e-07 1.04087e-07 7.09785e-08 4.82167e-08 3.26333e-08 
5.42472e-09 7.99776e-09 1.17796e-08 1.73333e-08 2.54828e-08 3.74323e-08 5.49416e-08 8.05804e-08 1.18099e-07 1.72968e-07 2.53157e-07 3.70274e-07 5.41193e-07 7.90421e-07 1.15348e-06 1.68175e-06 2.44939e-06 3.56312e-06 5.17612e-06 7.5076e-06 1.08704e-05 1.57099e-05 2.2659e-05 3.26169e-05 4.68614e-05 6.72128e-05 9.62735e-05 0.000137783 0.000197146 0.000282208 0.000404409 0.000580428 0.000834495 0.00120151 0.00173096 0.00249147 0.0035752 0.00510056 0.00721074 0.0100647 0.0138182 0.0185992 0.0244925 0.0315731 0.0400377 0.050471 0.0642228 0.0838276 0.113443 0.159441 0.231358 0.342996 0.510474 0.720771 0.767168 0.603464 0.456529 0.347301 0.261451 0.192902 0.140412 0.102401 0.0761828 0.0588196 0.0477699 0.041081 0.0373505 0.0356279 0.0353284 0.0361665 0.0380948 0.0412296 0.0457585 0.0518386 0.0595079 0.0686234 0.0788212 0.0895065 0.099964 0.109756 0.119369 0.130593 0.145962 0.167262 0.193853 0.221994 0.246521 0.264519 0.277419 0.289038 0.301894 0.314328 0.320215 0.31373 0.295353 0.270762 0.245622 0.223778 0.20793 0.199736 0.199125 0.203792 0.209347 0.210384 0.202724 0.185962 0.163934 0.142422 0.126582 0.119997 0.124986 0.143073 0.174896 0.219127 0.270309 0.316785 0.342647 0.336984 0.303017 0.254892 0.206745 0.166725 0.137512 0.118669 0.108207 0.103321 0.100996 0.0989388 0.0964746 0.0946047 0.0951366 0.0996368 0.108796 0.122099 0.137531 0.151593 0.160473 0.16245 0.159494 0.156145 0.15692 0.164396 0.178015 0.1929 0.200051 0.191247 0.166469 0.133878 0.102396 0.0769829 0.0588912 0.047439 0.0412905 0.0390591 0.039517 0.0416519 0.0446833 0.0480714 0.0515158 0.0549467 0.058525 0.0626756 0.0681728 0.076288 0.0889808 0.109095 0.1405 0.18809 0.25752 0.354413 0.482206 0.632699 0.738789 0.665436 0.498423 0.35953 0.269592 0.221571 0.20462 0.207571 0.218947 0.228544 0.230801 0.2263 0.21978 0.217076 0.222537 0.23714 0.258229 0.282402 0.310208 0.345464 0.384101 0.402312 0.375105 0.315471 0.254757 0.208355 0.176857 0.155756 0.140655 0.128926 0.11969 0.113267 0.110545 0.112361 0.118919 0.129438 0.14229 0.15579 0.169319 0.184176 0.20384 0.233532 0.278769 0.34246 0.419341 0.485731 0.498274 0.442402 0.358629 0.283633 0.228255 0.191093 0.168618 0.158608 0.160249 0.172785 0.19337 0.214813 0.225951 0.218271 0.193571 0.161358 0.130394 0.105161 0.0869225 0.0754212 0.0697998 0.0689258 0.0714689 0.0759606 0.0809461 0.0852492 0.0882947 0.0903729 0.0927256 0.0974441 0.10733 0.125862 0.157142 0.205146 0.27054 0.341991 0.386224 0.371846 0.317549 0.263446 0.230945 0.227247 0.25651 0.325058 0.442962 0.623439 0.876639 1.12532 0.961096 0.706114 0.511012 0.373691 0.282854 0.226214 0.192029 0.169749 0.151083 0.131577 0.110953 0.0912923 0.0746767 0.0620613 0.0533515 0.0479272 0.0451201 0.0444922 0.0459125 0.049487 0.0554146 0.0638347 0.0747017 0.0877141 0.102342 0.118001 0.134303 0.151203 0.168967 0.188204 0.210131 0.236565 0.268899 0.305941 0.341635 0.365288 0.367274 0.347157 0.314664 0.282429 0.259868 0.252232 0.261625 0.286441 0.318701 0.343698 0.348922 0.334257 0.307055 0.273853 0.240721 0.214318 0.200512 0.203799 0.227874 0.275599 0.346633 0.430875 0.498318 0.503647 0.435962 0.337836 0.248581 0.181847 0.137042 0.109111 0.0925112 0.0824946 0.0755476 0.069582 0.063837 0.0584425 0.053876 0.0506049 0.0489807 0.0492516 0.0515463 0.0557777 0.0615023 0.0678249 0.0734815 0.0772194 0.0783987 0.0774353 0.0756935 0.0749084 0.0766207 0.0819791 0.0918848 0.107222 0.128906 0.157586 0.192946 0.232717 0.271826 0.302806 0.318821 0.317939 0.303868 0.282667 0.259983 0.240071 0.225471 0.217329 0.216468 0.224569 0.244637 0.280247 0.333192 0.399023 0.461493 0.493789 0.477269 0.420729 0.349132 0.281055 0.223068 0.175192 0.136019 0.104535 0.0800205 0.0617192 0.0488276 0.0406815 0.0369436 0.0377345 0.0437237 0.0561904 0.0769921 0.108216 0.150976 0.202501 0.251731 0.279859 0.275847 0.249903 0.2203 0.197839 0.184939 0.179343 0.17662 0.172154 0.163496 0.151586 0.13949 0.130138 0.125281 0.125949 0.133369 0.149308 0.175368 0.211322 0.25304 0.291357 0.314207 0.31315 0.289851 0.255083 0.221181 0.196387 0.184649 0.188336 0.210948 0.25846 0.338664 0.456424 0.598261 0.704153 0.697312 0.59856 0.482089 0.388379 0.321864 0.271141 0.225444 0.182115 0.143906 0.113472 0.0913638 0.0767126 0.0682356 0.0647063 0.064935 0.0675139 0.0706082 0.0721043 0.0702608 0.0645128 0.0557059 0.0455033 0.0355129 0.0267701 0.0196884 0.0142507 0.0102255 0.00731736 0.00524693 0.003783 0.00274803 0.0020123 0.00148423 0.00110073 0.000818941 0.000609871 0.000453731 0.000336761 0.000249134 0.000183641 0.000134878 9.87313e-05 7.20579e-05 5.24563e-05 3.81027e-05 2.76226e-05 1.99883e-05 1.44374e-05 1.04077e-05 7.48658e-06 5.37241e-06 3.84494e-06 2.74362e-06 1.95145e-06 1.38322e-06 9.76886e-07 6.87303e-07 4.8168e-07 3.36238e-07 2.33775e-07 1.61889e-07 1.11663e-07 7.67194e-08 5.25086e-08 3.58032e-08 2.43233e-08 
4.18075e-09 6.16536e-09 9.08382e-09 1.33722e-08 1.96689e-08 2.89082e-08 4.24559e-08 6.23084e-08 9.13813e-08 1.3393e-07 1.96157e-07 2.871e-07 4.19903e-07 6.13661e-07 8.9606e-07 1.30717e-06 1.90485e-06 2.77248e-06 4.0299e-06 5.84898e-06 8.47574e-06 1.22618e-05 1.77094e-05 2.55357e-05 3.67663e-05 5.2871e-05 7.5962e-05 0.000109085 0.000156647 0.000225034 0.000323498 0.000465408 0.000669937 0.000964266 0.00138626 0.00198743 0.00283563 0.00401666 0.00563345 0.00780186 0.0106438 0.0142832 0.0188583 0.0245753 0.0318325 0.0414373 0.0549187 0.0749379 0.105857 0.15464 0.232414 0.357067 0.557135 0.873534 0.965298 0.70088 0.536425 0.416894 0.314407 0.227986 0.161567 0.114425 0.0827417 0.062258 0.049443 0.0417038 0.0372607 0.0349772 0.0342218 0.0347569 0.0366364 0.0400987 0.0454574 0.0529972 0.0628804 0.0750509 0.089089 0.103998 0.118115 0.129641 0.137969 0.144781 0.153425 0.166789 0.185427 0.207237 0.228892 0.248133 0.265063 0.281389 0.298147 0.312803 0.318362 0.308608 0.285229 0.256096 0.228399 0.206125 0.191054 0.183555 0.182523 0.185251 0.18783 0.186198 0.177748 0.162829 0.144807 0.128414 0.117955 0.116613 0.126632 0.149627 0.186391 0.235868 0.293118 0.346869 0.379643 0.376314 0.338168 0.282507 0.227194 0.181867 0.149231 0.128442 0.117048 0.111742 0.108971 0.105986 0.101908 0.0977919 0.0955494 0.0967114 0.101787 0.110162 0.120232 0.129769 0.136693 0.140082 0.140698 0.140521 0.141705 0.145575 0.151756 0.157437 0.157791 0.148744 0.130461 0.10741 0.0849607 0.0666393 0.053736 0.0460772 0.0427973 0.0427876 0.0449147 0.0481525 0.0516965 0.055046 0.058017 0.060688 0.0633286 0.0663672 0.0704383 0.0765225 0.0861511 0.101609 0.126066 0.163598 0.2191 0.297894 0.403727 0.528203 0.613179 0.563812 0.435738 0.323167 0.250204 0.214085 0.206581 0.217699 0.23568 0.248976 0.250753 0.241194 0.2255 0.210616 0.202277 0.203032 0.21233 0.228621 0.251588 0.281019 0.31098 0.326031 0.313192 0.279637 0.243684 0.216161 0.197784 0.184664 0.17295 0.160715 0.147944 0.135966 0.126827 0.122503 0.124203 0.132041 0.14512 0.161919 0.180974 0.202029 0.227611 0.263685 0.317607 0.393111 0.482685 0.557248 0.567547 0.500283 0.404951 0.322435 0.262614 0.222065 0.196142 0.182905 0.182816 0.196615 0.222237 0.251003 0.266706 0.25579 0.221569 0.179109 0.140393 0.110255 0.0892829 0.0765359 0.0707314 0.0705421 0.0745623 0.0812136 0.0887384 0.0954028 0.099966 0.102242 0.103356 0.105489 0.11138 0.12397 0.14612 0.179746 0.223291 0.267169 0.292377 0.284633 0.252655 0.21806 0.196751 0.196704 0.222849 0.280536 0.376367 0.515393 0.686298 0.804873 0.73678 0.576744 0.432883 0.327013 0.256639 0.213961 0.189747 0.174417 0.159755 0.141542 0.12047 0.0998355 0.0825213 0.0697137 0.0611898 0.0560838 0.05354 0.0530829 0.0546904 0.0586397 0.0652566 0.0746935 0.0867931 0.101045 0.116655 0.13277 0.14879 0.164503 0.179952 0.195365 0.211487 0.229794 0.251736 0.276976 0.301777 0.319323 0.323194 0.31197 0.290362 0.26587 0.24496 0.231635 0.227558 0.231866 0.240517 0.247037 0.24595 0.235976 0.219401 0.199783 0.181063 0.167327 0.162264 0.168802 0.188983 0.223376 0.269197 0.317074 0.349449 0.348015 0.310171 0.252556 0.194722 0.147416 0.113132 0.0902191 0.0757362 0.0668071 0.0611667 0.0573282 0.0545268 0.0525198 0.051367 0.0513004 0.0526872 0.0559934 0.0616633 0.0698826 0.0802516 0.0914585 0.101208 0.106831 0.106663 0.101284 0.0933385 0.0861166 0.0822853 0.0835703 0.0911115 0.105936 0.129167 0.161749 0.203544 0.251757 0.299141 0.333853 0.344771 0.330941 0.302542 0.271317 0.244319 0.224443 0.212568 0.208925 0.213876 0.228576 0.25549 0.298267 0.360001 0.43813 0.514659 0.551329 0.521034 0.445008 0.360068 0.285314 0.224793 0.176715 0.138502 0.10829 0.0848208 0.0671181 0.0544078 0.0462105 0.0424656 0.0436551 0.0509565 0.0664549 0.093389 0.13623 0.199857 0.28549 0.378253 0.431583 0.408225 0.343723 0.283657 0.2425 0.218781 0.206626 0.199066 0.189696 0.175209 0.15684 0.138673 0.124733 0.117695 0.119344 0.131516 0.15653 0.196622 0.252088 0.31813 0.381643 0.422121 0.422336 0.384061 0.327889 0.275376 0.237893 0.218551 0.218276 0.240594 0.293917 0.391642 0.548894 0.764982 0.956976 0.947029 0.76279 0.561064 0.409467 0.30798 0.239881 0.190698 0.152496 0.122374 0.0994938 0.0832306 0.0727336 0.0670749 0.0653832 0.0667612 0.0700243 0.0734707 0.0750181 0.0729087 0.0666121 0.0571031 0.0462096 0.035658 0.026526 0.019214 0.0136675 0.00961514 0.00672912 0.00470747 0.00330452 0.00233416 0.00166175 0.00119293 0.000863027 0.00062833 0.000459535 0.000336974 0.000247336 0.000181475 0.000132979 9.72644e-05 7.09957e-05 5.17142e-05 3.75953e-05 2.72812e-05 1.97631e-05 1.42934e-05 1.03204e-05 7.43867e-06 5.35132e-06 3.84147e-06 2.75105e-06 1.96494e-06 1.3994e-06 9.93513e-07 7.03002e-07 4.95699e-07 3.48258e-07 2.43761e-07 1.69974e-07 1.18071e-07 8.17049e-08 5.63257e-08 3.86846e-08 2.6471e-08 1.80483e-08 
3.22057e-09 4.75074e-09 7.0021e-09 1.03122e-08 1.51755e-08 2.23162e-08 3.27941e-08 4.81592e-08 7.06767e-08 1.03655e-07 1.51919e-07 2.22503e-07 3.25643e-07 4.76216e-07 6.95809e-07 1.01569e-06 1.48105e-06 2.15712e-06 3.1378e-06 4.55811e-06 6.61189e-06 9.57712e-06 1.38524e-05 2.00093e-05 2.88684e-05 4.16093e-05 5.99304e-05 8.6281e-05 0.000124195 0.000178767 0.000257318 0.00037031 0.000532544 0.000764689 0.00109507 0.00156162 0.00221366 0.00311312 0.00433492 0.00596662 0.00810936 0.0108853 0.0144619 0.0191086 0.0253038 0.0339095 0.0464227 0.0653282 0.0945961 0.140399 0.212019 0.322201 0.482466 0.669378 0.738613 0.659592 0.565861 0.466327 0.355702 0.254619 0.177045 0.123284 0.0881708 0.0661365 0.0527396 0.0447933 0.0401545 0.0375139 0.0362337 0.036195 0.0376357 0.0409929 0.0467726 0.0554555 0.0674234 0.0828467 0.10141 0.121776 0.141067 0.155435 0.162573 0.164278 0.165625 0.171335 0.183093 0.199422 0.217349 0.234562 0.250659 0.2667 0.28329 0.297961 0.304401 0.296981 0.276755 0.250154 0.223424 0.200505 0.183595 0.173413 0.168961 0.167663 0.166171 0.161563 0.152471 0.139727 0.126112 0.115298 0.110777 0.115417 0.131573 0.161244 0.205839 0.265137 0.335076 0.403947 0.448819 0.444503 0.39164 0.318416 0.249815 0.196091 0.158474 0.134757 0.121599 0.115153 0.111524 0.107746 0.102814 0.0977283 0.0943909 0.0943357 0.0980766 0.10504 0.113788 0.122446 0.129334 0.133588 0.135335 0.135352 0.134549 0.133595 0.13252 0.130305 0.125039 0.115175 0.101026 0.0849016 0.0697495 0.0577981 0.0501016 0.0467431 0.0471677 0.0504187 0.0553061 0.0606148 0.0653715 0.0690613 0.0716612 0.0734919 0.0750145 0.0766937 0.0789959 0.082549 0.0884203 0.0983748 0.114965 0.141408 0.181245 0.237459 0.309625 0.385626 0.429982 0.406705 0.336529 0.265782 0.217527 0.195866 0.197282 0.214471 0.237016 0.253638 0.256821 0.2456 0.224612 0.201452 0.18316 0.173611 0.173458 0.181755 0.197306 0.218109 0.239193 0.252482 0.252694 0.243569 0.234021 0.229474 0.228873 0.227606 0.221692 0.209602 0.192004 0.171624 0.152716 0.13945 0.134546 0.138991 0.152323 0.1728 0.197636 0.224404 0.25423 0.293962 0.353081 0.435137 0.526403 0.590145 0.586893 0.518929 0.4302 0.35461 0.29959 0.26004 0.230836 0.211581 0.205343 0.215066 0.239763 0.270146 0.286982 0.273344 0.233383 0.185408 0.142944 0.110749 0.0889303 0.0761892 0.0711023 0.0723791 0.0787223 0.0885572 0.0998021 0.109958 0.116793 0.11942 0.118873 0.117597 0.118415 0.123823 0.135657 0.154508 0.178331 0.200875 0.212786 0.208198 0.190995 0.171702 0.160197 0.163036 0.184586 0.228358 0.296593 0.386453 0.47994 0.53324 0.508289 0.429296 0.34299 0.273038 0.224921 0.19624 0.181046 0.17158 0.160547 0.144367 0.124449 0.104755 0.0885485 0.0770748 0.069942 0.0660347 0.0643287 0.0643793 0.0663812 0.0708666 0.0782792 0.0886673 0.101599 0.116267 0.131696 0.147015 0.161735 0.175786 0.189244 0.202128 0.21474 0.228135 0.243815 0.262431 0.28226 0.298784 0.306395 0.301745 0.28612 0.264445 0.2421 0.222862 0.208703 0.199928 0.195007 0.191031 0.185199 0.176272 0.164843 0.152706 0.142219 0.13582 0.1356 0.142987 0.1585 0.181314 0.208367 0.23339 0.247497 0.24327 0.220315 0.185903 0.149521 0.117764 0.0932455 0.0758749 0.0643557 0.0571427 0.0529042 0.0506789 0.0498674 0.05016 0.0514878 0.0540375 0.0582912 0.0650022 0.0750275 0.0889818 0.106672 0.126312 0.14388 0.153789 0.151984 0.139417 0.121626 0.104895 0.0935012 0.0895571 0.0940597 0.107856 0.132076 0.167883 0.21538 0.27154 0.327464 0.367159 0.374524 0.349164 0.308021 0.268295 0.238295 0.219945 0.212797 0.216003 0.228957 0.251783 0.286307 0.337229 0.411954 0.515999 0.635843 0.700424 0.634526 0.506478 0.388918 0.298044 0.230758 0.18091 0.143375 0.114643 0.092457 0.0753977 0.0626674 0.0540098 0.0497014 0.0506188 0.0584302 0.0759649 0.10781 0.161137 0.246485 0.37665 0.552053 0.676761 0.588965 0.447084 0.345752 0.283815 0.248404 0.228499 0.214948 0.200385 0.181129 0.158455 0.136746 0.120448 0.112739 0.116002 0.132844 0.166716 0.221609 0.300119 0.398866 0.501064 0.571761 0.573111 0.506194 0.414864 0.336643 0.284173 0.256252 0.249822 0.266955 0.317188 0.4169 0.586773 0.838709 1.11846 1.19459 0.902494 0.614501 0.420824 0.298649 0.221574 0.171127 0.136375 0.11163 0.0940668 0.0820938 0.0745685 0.0705776 0.0693956 0.070364 0.0726141 0.0747942 0.0751435 0.0721318 0.0653142 0.0556176 0.044755 0.0343428 0.0253858 0.0182471 0.0128569 0.00893979 0.00616848 0.00424334 0.00292144 0.0020193 0.00140449 0.000984386 0.000695587 0.000495361 0.00035517 0.000256028 0.00018527 0.00013439 9.75986e-05 7.08978e-05 5.14821e-05 3.73545e-05 2.70766e-05 1.96049e-05 1.41783e-05 1.02411e-05 7.38755e-06 5.32139e-06 3.8269e-06 2.7471e-06 1.9679e-06 1.40644e-06 1.0026e-06 7.12706e-07 5.05106e-07 3.5683e-07 2.51236e-07 1.76275e-07 1.2324e-07 8.58497e-08 5.95859e-08 4.12063e-08 2.83929e-08 1.94938e-08 1.33367e-08 
2.47999e-09 3.65947e-09 5.39576e-09 7.95006e-09 1.17053e-08 1.72228e-08 2.53244e-08 3.72134e-08 5.46492e-08 8.02031e-08 1.17629e-07 1.72401e-07 2.52491e-07 3.69496e-07 5.40254e-07 7.89182e-07 1.15162e-06 1.67863e-06 2.44389e-06 3.55356e-06 5.16039e-06 7.48409e-06 1.08405e-05 1.56835e-05 2.26661e-05 3.27273e-05 4.72182e-05 6.80817e-05 9.8107e-05 0.000141286 0.000203302 0.000292179 0.000419128 0.000599588 0.000854438 0.00121133 0.001706 0.00238352 0.00329963 0.00452288 0.00613969 0.00826661 0.0110769 0.014851 0.0200629 0.0275116 0.0385079 0.0551254 0.0805143 0.119214 0.177132 0.260003 0.367023 0.476159 0.543594 0.558222 0.537445 0.46992 0.364347 0.260671 0.180843 0.126298 0.0915122 0.070447 0.0582325 0.0512832 0.0471289 0.0442972 0.0422111 0.0410036 0.0412469 0.043691 0.049097 0.0581727 0.0715569 0.08973 0.112635 0.13877 0.164025 0.182043 0.188252 0.18474 0.179056 0.178145 0.184526 0.196485 0.210395 0.223469 0.235352 0.247525 0.261152 0.274829 0.28414 0.284526 0.274772 0.256694 0.233227 0.208232 0.186004 0.169416 0.158684 0.151771 0.145807 0.138554 0.129283 0.118938 0.10974 0.10452 0.106144 0.117277 0.140447 0.178099 0.232262 0.30329 0.387105 0.470382 0.524527 0.514649 0.442838 0.350403 0.268472 0.206609 0.164067 0.137172 0.121749 0.113601 0.108795 0.104428 0.0994482 0.0946668 0.0918 0.0923272 0.0968203 0.104763 0.114668 0.12449 0.132336 0.137145 0.138776 0.137536 0.133789 0.127992 0.120708 0.112295 0.102679 0.0917114 0.079808 0.0681569 0.0582998 0.051558 0.0487159 0.0499649 0.0549203 0.0626163 0.0715674 0.0800659 0.0867285 0.0909842 0.0931277 0.0939468 0.0942579 0.0945986 0.0951608 0.0960295 0.0976803 0.101427 0.109454 0.124394 0.148608 0.18308 0.225256 0.26557 0.286912 0.276773 0.242918 0.20536 0.179031 0.169753 0.177132 0.19654 0.219935 0.237848 0.24303 0.233195 0.211625 0.185622 0.162733 0.147578 0.141491 0.143853 0.153227 0.167501 0.183488 0.197611 0.208425 0.218472 0.232127 0.250969 0.271275 0.2863 0.290736 0.281717 0.258445 0.225082 0.190674 0.163845 0.149387 0.148713 0.161157 0.184317 0.213815 0.244709 0.276363 0.316569 0.37758 0.464147 0.557228 0.608927 0.587824 0.519123 0.445068 0.388011 0.347859 0.314047 0.279724 0.248321 0.228342 0.22575 0.240106 0.262068 0.273447 0.258688 0.220844 0.175785 0.135818 0.105573 0.0853605 0.074128 0.0707261 0.0741817 0.083515 0.0973097 0.113219 0.127864 0.137752 0.14109 0.13886 0.133951 0.12943 0.127562 0.129649 0.13588 0.144818 0.153065 0.156319 0.1522 0.142483 0.132197 0.1269 0.130998 0.147556 0.17837 0.223152 0.277117 0.327597 0.355067 0.346667 0.309857 0.263529 0.222321 0.19265 0.174999 0.166064 0.160259 0.151966 0.138579 0.121727 0.105221 0.0921654 0.0836925 0.0792409 0.0774703 0.0772289 0.0782085 0.0809826 0.0864599 0.0951633 0.106792 0.120289 0.134324 0.147865 0.160486 0.172363 0.183995 0.195747 0.207562 0.219299 0.231527 0.245877 0.264241 0.286803 0.309885 0.3256 0.325867 0.309246 0.282116 0.252454 0.22527 0.202799 0.185681 0.173216 0.163598 0.1548 0.145616 0.136126 0.127462 0.121248 0.11902 0.121771 0.129636 0.141781 0.156423 0.170887 0.181666 0.184994 0.178392 0.16237 0.140446 0.117206 0.0962277 0.0792908 0.066706 0.0579944 0.0524308 0.0493399 0.0482 0.0486473 0.0504686 0.0536463 0.0584655 0.0656265 0.0762647 0.0917983 0.113541 0.141925 0.175026 0.206444 0.224888 0.220566 0.195277 0.161226 0.13024 0.108451 0.0976722 0.0980322 0.109646 0.133211 0.169702 0.219108 0.278081 0.336825 0.377595 0.382427 0.351687 0.305748 0.26436 0.236496 0.223806 0.2253 0.239408 0.264314 0.298161 0.340678 0.396643 0.47825 0.601774 0.769981 0.884281 0.760828 0.571522 0.422046 0.315545 0.241478 0.189899 0.15322 0.126124 0.105171 0.0884041 0.0750205 0.0650708 0.0592408 0.058798 0.0657687 0.0833941 0.116935 0.174968 0.271444 0.428975 0.684091 1.07119 0.728947 0.51272 0.386708 0.312948 0.269125 0.241817 0.221713 0.20195 0.179192 0.154507 0.131792 0.115229 0.10812 0.113312 0.134241 0.175809 0.244592 0.347392 0.485618 0.641236 0.75796 0.757221 0.64013 0.499875 0.393128 0.327145 0.291998 0.278307 0.285502 0.322836 0.405751 0.551462 0.770988 1.05588 1.27163 0.89105 0.595157 0.403793 0.284015 0.209518 0.162501 0.132001 0.111768 0.098344 0.0896528 0.0842016 0.0808291 0.0787441 0.077507 0.0767467 0.0757634 0.0734365 0.0686853 0.061178 0.0516203 0.0413511 0.0316615 0.0233676 0.0167619 0.0117712 0.00814294 0.00557761 0.00379942 0.00258347 0.00175904 0.00120243 0.000826801 0.000572596 0.000399609 0.000280999 0.000198958 0.000141695 0.000101382 7.27869e-05 5.23806e-05 3.77504e-05 2.72275e-05 1.9643e-05 1.41698e-05 1.02177e-05 7.36351e-06 5.30239e-06 3.8144e-06 2.74065e-06 1.96631e-06 1.40835e-06 1.00674e-06 7.18062e-07 5.109e-07 3.62526e-07 2.56499e-07 1.80924e-07 1.27208e-07 8.91426e-08 6.22555e-08 4.33279e-08 3.00499e-08 2.07684e-08 1.43039e-08 9.81771e-09 
1.9092e-09 2.81822e-09 4.15711e-09 6.12797e-09 9.02734e-09 1.32902e-08 1.9554e-08 2.87526e-08 4.22528e-08 6.20532e-08 9.10741e-08 1.33577e-07 1.95772e-07 2.86703e-07 4.19511e-07 6.13273e-07 8.95632e-07 1.30659e-06 1.90396e-06 2.77116e-06 4.02847e-06 5.84912e-06 8.48248e-06 1.22872e-05 1.77791e-05 2.56989e-05 3.71093e-05 5.35311e-05 7.71339e-05 0.000110997 0.00015946 0.000228585 0.000326739 0.000465319 0.000659588 0.000929647 0.00130152 0.00180845 0.00249282 0.00340948 0.00463228 0.00626699 0.00847513 0.0115147 0.0158043 0.0220153 0.0311957 0.0449171 0.0654137 0.0955999 0.138659 0.196558 0.26679 0.339074 0.399341 0.439648 0.449542 0.409027 0.326819 0.239729 0.170408 0.12273 0.0929947 0.0761029 0.0674304 0.0631614 0.0604078 0.0574484 0.0538722 0.0503469 0.0480829 0.0483342 0.0521648 0.0604575 0.07401 0.093516 0.119143 0.149353 0.179168 0.20017 0.205771 0.198335 0.187592 0.182238 0.185187 0.194138 0.20452 0.213037 0.219772 0.227295 0.238099 0.252621 0.268867 0.283298 0.291207 0.286655 0.266149 0.234094 0.20029 0.172273 0.152175 0.138312 0.127805 0.118456 0.109542 0.10177 0.096855 0.097061 0.104873 0.122858 0.153652 0.199896 0.263758 0.345204 0.43797 0.523997 0.57148 0.549541 0.466444 0.365465 0.277481 0.21136 0.165681 0.136268 0.118686 0.108745 0.102748 0.0980373 0.0935682 0.0898963 0.0884538 0.0906141 0.0970096 0.107168 0.119426 0.13129 0.140358 0.14531 0.146023 0.142826 0.135985 0.125991 0.113888 0.100967 0.0882263 0.0762582 0.065543 0.0567259 0.050624 0.0480591 0.0496789 0.0557936 0.0661565 0.0796777 0.094279 0.107287 0.116512 0.121306 0.122631 0.122165 0.121348 0.12082 0.120258 0.11877 0.115916 0.112669 0.111379 0.114776 0.124787 0.14158 0.162603 0.181914 0.191635 0.187116 0.171564 0.153729 0.141843 0.140421 0.150107 0.168153 0.188959 0.205471 0.211568 0.204412 0.185921 0.16211 0.13982 0.123646 0.115303 0.114587 0.120384 0.131169 0.145271 0.161526 0.180378 0.204301 0.236206 0.276121 0.318823 0.356131 0.381179 0.38511 0.35708 0.302098 0.242058 0.194747 0.166782 0.158403 0.167487 0.190386 0.221254 0.25319 0.284009 0.321681 0.380016 0.465387 0.557999 0.603268 0.573077 0.510369 0.459104 0.433077 0.42162 0.399732 0.353857 0.298197 0.25377 0.230386 0.226674 0.233027 0.234603 0.219768 0.189352 0.153332 0.120713 0.0956813 0.0791109 0.0706025 0.0695695 0.075545 0.0880089 0.105851 0.12663 0.146219 0.159885 0.164851 0.161937 0.154332 0.145238 0.136817 0.13032 0.126241 0.124138 0.122568 0.119691 0.114504 0.107778 0.101855 0.0996459 0.103731 0.115916 0.136897 0.165602 0.19814 0.227184 0.243865 0.243001 0.227093 0.20399 0.181473 0.16423 0.153528 0.147769 0.143432 0.13686 0.126512 0.113866 0.102012 0.0935 0.0892 0.0883743 0.0894799 0.0912867 0.0937546 0.0980459 0.105611 0.116992 0.131115 0.145586 0.158008 0.167438 0.174694 0.18151 0.189498 0.199488 0.211326 0.224339 0.238551 0.255921 0.28022 0.314423 0.355557 0.389268 0.394523 0.365779 0.319759 0.27395 0.235678 0.206131 0.184571 0.169343 0.157982 0.147992 0.137977 0.128193 0.120136 0.11564 0.116062 0.121707 0.131484 0.142933 0.152935 0.158875 0.159403 0.154293 0.144079 0.130026 0.114053 0.0982196 0.0840908 0.0724508 0.0634377 0.0568562 0.0524396 0.049974 0.0493152 0.0503702 0.0531143 0.0576882 0.0645672 0.074739 0.0897904 0.111819 0.143095 0.18523 0.237132 0.290381 0.324169 0.315557 0.268294 0.209277 0.158994 0.124424 0.105611 0.10087 0.108989 0.129729 0.16334 0.209143 0.263211 0.31578 0.350949 0.354297 0.327388 0.288239 0.254826 0.236193 0.234712 0.249988 0.280562 0.323611 0.373921 0.425401 0.479037 0.550159 0.659795 0.806249 0.894104 0.785846 0.602997 0.447392 0.33411 0.256639 0.205001 0.17017 0.145178 0.125346 0.108196 0.0930696 0.0805276 0.0718035 0.0685536 0.0729661 0.0882043 0.119145 0.17338 0.262243 0.400219 0.591509 0.736604 0.644168 0.498153 0.393841 0.325239 0.279073 0.246214 0.2201 0.195748 0.17069 0.145694 0.123749 0.108318 0.102489 0.109331 0.132881 0.179213 0.257225 0.378173 0.550262 0.756926 0.912663 0.894702 0.726042 0.549159 0.426049 0.354595 0.316509 0.296572 0.291763 0.310585 0.365516 0.46611 0.611198 0.76904 0.823929 0.684581 0.500537 0.358545 0.263238 0.202275 0.163715 0.139193 0.123633 0.114061 0.108402 0.104739 0.10127 0.0968207 0.0912385 0.0850607 0.0787135 0.0720302 0.0644849 0.055802 0.0463174 0.0368192 0.0281232 0.0207596 0.0149052 0.010473 0.00724035 0.00494789 0.00335572 0.00226652 0.00152916 0.00103321 0.000700682 0.000477723 0.000327837 0.000226581 0.000157722 0.000110533 7.79297e-05 5.52242e-05 3.92958e-05 2.80511e-05 2.00715e-05 1.43858e-05 1.0322e-05 7.41088e-06 5.32207e-06 3.82168e-06 2.74321e-06 1.96774e-06 1.41011e-06 1.00924e-06 7.21218e-07 5.14454e-07 3.662e-07 2.60061e-07 1.84213e-07 1.30127e-07 9.16517e-08 6.43551e-08 4.50451e-08 3.14268e-08 2.18532e-08 1.51455e-08 1.04617e-08 7.2023e-09 
1.46956e-09 2.17012e-09 3.20256e-09 4.72328e-09 6.96192e-09 1.02556e-08 1.50988e-08 2.22165e-08 3.26704e-08 4.80145e-08 7.05208e-08 1.03507e-07 1.51814e-07 2.22494e-07 3.25805e-07 4.76652e-07 6.96658e-07 1.01715e-06 1.48343e-06 2.16097e-06 3.14421e-06 4.56927e-06 6.63206e-06 9.61415e-06 1.39197e-05 2.01273e-05 2.90636e-05 4.19048e-05 6.03162e-05 8.66415e-05 0.000124153 0.000177373 0.000252488 0.000357849 0.000504581 0.000707329 0.000985194 0.00136304 0.00187357 0.00256088 0.00348691 0.00474285 0.00646818 0.00888103 0.0123224 0.0173158 0.0246397 0.0353982 0.0510528 0.0733281 0.103827 0.143165 0.18974 0.23913 0.285294 0.321013 0.334156 0.311849 0.259629 0.199792 0.149587 0.114725 0.0943085 0.0850644 0.0830013 0.083901 0.0839208 0.0806919 0.0741501 0.0661553 0.0592046 0.0553766 0.0560386 0.0620631 0.0741343 0.0928408 0.118267 0.148759 0.179094 0.20042 0.205739 0.197387 0.1854 0.178723 0.180263 0.187421 0.195205 0.200232 0.203195 0.207853 0.218297 0.237268 0.265805 0.302327 0.338574 0.355294 0.334434 0.28377 0.227693 0.18184 0.149431 0.127725 0.112841 0.101931 0.0937899 0.0886736 0.0878705 0.0933303 0.107412 0.132694 0.17174 0.226774 0.299064 0.387072 0.48128 0.557646 0.584037 0.545414 0.45981 0.362103 0.276443 0.210744 0.16427 0.133478 0.114334 0.102989 0.0961051 0.0912961 0.0875275 0.0851186 0.085234 0.0891396 0.097515 0.109917 0.124484 0.13822 0.148159 0.152742 0.152039 0.146685 0.137139 0.124048 0.108767 0.0930805 0.0785183 0.0660278 0.0561358 0.0492621 0.0459192 0.0467519 0.0524592 0.0635884 0.0801232 0.100848 0.12281 0.141737 0.154024 0.15897 0.15882 0.156782 0.155269 0.155055 0.154901 0.152113 0.144649 0.133313 0.121577 0.11331 0.110809 0.11415 0.121283 0.128538 0.131942 0.129411 0.122261 0.114425 0.110168 0.112297 0.121457 0.136013 0.152299 0.165465 0.170951 0.166272 0.152441 0.133754 0.115503 0.10162 0.0939309 0.092684 0.0973159 0.106999 0.121058 0.139494 0.163582 0.195959 0.239457 0.294561 0.357592 0.42359 0.488693 0.531611 0.502588 0.405843 0.303515 0.228132 0.183514 0.165264 0.168153 0.186744 0.214237 0.243227 0.270889 0.303802 0.353784 0.42572 0.502262 0.540769 0.52305 0.487013 0.472599 0.494295 0.535761 0.538354 0.463438 0.361759 0.281131 0.231796 0.207739 0.197775 0.189661 0.174743 0.151911 0.125873 0.101998 0.0834837 0.0715121 0.0662922 0.0678129 0.0761187 0.0911574 0.112205 0.136983 0.161108 0.179161 0.18757 0.186555 0.178775 0.166937 0.153069 0.138887 0.12585 0.114776 0.105606 0.097717 0.0906032 0.0844368 0.0801501 0.0790946 0.0825893 0.0915416 0.106097 0.125217 0.146289 0.165215 0.177587 0.180795 0.175471 0.164886 0.15299 0.142763 0.135463 0.130545 0.126174 0.12041 0.112618 0.104029 0.0968993 0.0930946 0.0931477 0.0961422 0.100383 0.104651 0.109328 0.116387 0.128047 0.144885 0.164468 0.181713 0.191868 0.194215 0.192328 0.190941 0.19336 0.200828 0.21286 0.228089 0.245974 0.269022 0.303702 0.358048 0.433772 0.507929 0.522516 0.459295 0.37304 0.301031 0.249552 0.215237 0.193852 0.18113 0.172298 0.163017 0.151374 0.138713 0.128326 0.123463 0.126069 0.136158 0.15127 0.166334 0.175256 0.174386 0.164659 0.149844 0.133511 0.117802 0.103749 0.0917571 0.0818375 0.0737327 0.0671115 0.0617679 0.0577112 0.0551184 0.054224 0.0552441 0.0583946 0.0640191 0.0728062 0.0860325 0.105729 0.134665 0.176033 0.232663 0.304918 0.384221 0.439048 0.423325 0.344754 0.255469 0.184731 0.13764 0.111091 0.101092 0.104865 0.120992 0.148695 0.186419 0.229913 0.270713 0.297202 0.300731 0.283777 0.259341 0.241246 0.237887 0.252732 0.286744 0.339636 0.408874 0.485452 0.550463 0.591911 0.631831 0.702705 0.79811 0.845458 0.771175 0.618635 0.468146 0.353408 0.275907 0.226755 0.19566 0.173826 0.155145 0.13669 0.118286 0.101395 0.0880542 0.080348 0.0804464 0.0910058 0.115708 0.159632 0.228656 0.325387 0.435467 0.507517 0.496392 0.437817 0.376062 0.323108 0.279144 0.242872 0.21217 0.184464 0.158228 0.133937 0.113633 0.0999051 0.0953774 0.103004 0.126895 0.173345 0.251753 0.374526 0.551974 0.767026 0.913105 0.867525 0.699726 0.534003 0.420014 0.354718 0.31894 0.295807 0.281311 0.283059 0.310522 0.367377 0.445811 0.518141 0.536746 0.48044 0.389226 0.305902 0.244693 0.203707 0.177035 0.159803 0.149218 0.143759 0.141817 0.140736 0.137131 0.128689 0.115772 0.100814 0.0862455 0.0731754 0.061541 0.0509078 0.0410654 0.0321353 0.0243738 0.0179592 0.0129053 0.00908394 0.00629011 0.00430144 0.00291508 0.00196386 0.00131884 0.000885045 0.000594799 0.000401059 0.000271721 0.000185171 0.000127009 8.7697e-05 6.09464e-05 4.26104e-05 2.99499e-05 2.11471e-05 1.4988e-05 1.06549e-05 7.59227e-06 5.41945e-06 3.87323e-06 2.77029e-06 1.98214e-06 1.41819e-06 1.0143e-06 7.24918e-07 5.1755e-07 3.68997e-07 2.62646e-07 1.86585e-07 1.3226e-07 9.35257e-08 6.59626e-08 4.63935e-08 3.2535e-08 2.27474e-08 1.58549e-08 1.1016e-08 7.62962e-09 5.26733e-09 
1.13112e-09 1.67106e-09 2.46729e-09 3.64083e-09 5.36959e-09 7.91488e-09 1.16604e-08 1.71688e-08 2.52653e-08 3.71581e-08 5.46151e-08 8.02201e-08 1.17745e-07 1.72688e-07 2.53056e-07 3.70488e-07 5.4188e-07 7.91726e-07 1.15547e-06 1.68434e-06 2.45223e-06 3.56557e-06 5.17735e-06 7.50703e-06 1.08686e-05 1.57099e-05 2.2667e-05 3.26395e-05 4.68915e-05 6.71873e-05 9.59683e-05 0.000136582 0.00019357 0.000273032 0.00038308 0.000534431 0.000741222 0.00102222 0.00140276 0.00191804 0.00261861 0.00357939 0.00491391 0.00679525 0.00948464 0.013367 0.0189883 0.0270813 0.0385527 0.0543804 0.0753601 0.101674 0.132411 0.165318 0.196777 0.221259 0.230936 0.219769 0.19097 0.156047 0.125907 0.106157 0.097994 0.100007 0.108812 0.119024 0.124253 0.120206 0.107578 0.0910872 0.0758994 0.0653612 0.0609595 0.0631588 0.0721008 0.0878405 0.109987 0.13663 0.162947 0.181484 0.186665 0.180425 0.17091 0.165632 0.167152 0.173183 0.179279 0.182619 0.184428 0.189162 0.202171 0.22856 0.273297 0.339899 0.421345 0.477299 0.448368 0.356308 0.263788 0.194837 0.14895 0.119692 0.101091 0.0891856 0.0820908 0.0795868 0.0826737 0.0932402 0.113811 0.147189 0.19575 0.260353 0.339314 0.427588 0.513381 0.571938 0.575695 0.523392 0.439226 0.349358 0.270024 0.207404 0.161698 0.130501 0.110536 0.0984199 0.0911258 0.0864256 0.083249 0.0817315 0.0828553 0.0878171 0.0973271 0.110959 0.126722 0.141306 0.151377 0.155216 0.153052 0.145857 0.134411 0.119578 0.102842 0.0861052 0.0710385 0.058711 0.0496881 0.0443413 0.0431231 0.0467108 0.0560032 0.0719113 0.0948001 0.123461 0.153959 0.179836 0.195381 0.199891 0.197645 0.194033 0.192756 0.194803 0.197603 0.19545 0.183479 0.162608 0.138962 0.118808 0.105317 0.0985501 0.0966062 0.0967292 0.0963539 0.0941097 0.0903545 0.0868233 0.0856477 0.0883918 0.0954552 0.105834 0.117208 0.126435 0.130463 0.127539 0.118203 0.105214 0.0922103 0.0821847 0.0768362 0.0767518 0.0818757 0.0919267 0.106748 0.126709 0.153148 0.188544 0.235869 0.297099 0.372883 0.467155 0.591131 0.726816 0.703239 0.518653 0.359421 0.255478 0.195612 0.167716 0.162938 0.174245 0.194683 0.217714 0.240724 0.267904 0.306791 0.359385 0.413625 0.446709 0.451722 0.452138 0.479355 0.55597 0.680382 0.737441 0.592417 0.421745 0.302459 0.229772 0.188907 0.166291 0.150947 0.135746 0.118387 0.10028 0.0840206 0.0716186 0.0641502 0.0621274 0.0659161 0.075926 0.0924722 0.115237 0.142412 0.170115 0.193228 0.207822 0.21275 0.208638 0.19651 0.17807 0.156207 0.134247 0.114692 0.0986404 0.0860718 0.0765283 0.0696951 0.0656485 0.0647969 0.0676577 0.0745895 0.0855144 0.0996461 0.115312 0.130077 0.141342 0.147294 0.147626 0.143535 0.137019 0.130003 0.123661 0.118154 0.112867 0.107097 0.100858 0.0951838 0.0916613 0.0915501 0.0950597 0.101156 0.108136 0.114969 0.122605 0.133997 0.152436 0.178865 0.209064 0.23299 0.240614 0.231596 0.215332 0.201777 0.196216 0.199781 0.211172 0.228146 0.24959 0.278416 0.323624 0.399778 0.521952 0.677365 0.718043 0.571773 0.423899 0.323236 0.261595 0.227577 0.212823 0.209782 0.209497 0.203256 0.187827 0.167644 0.150507 0.142703 0.147494 0.165084 0.191661 0.217747 0.23018 0.221537 0.197042 0.16783 0.141722 0.121513 0.107074 0.0971424 0.0901411 0.0845839 0.0794246 0.0743075 0.0695362 0.0657825 0.0637633 0.0640684 0.067175 0.0736051 0.0841883 0.100382 0.124546 0.159963 0.210331 0.278471 0.363889 0.456609 0.519964 0.494248 0.392106 0.282957 0.199385 0.144269 0.112325 0.0980332 0.0974777 0.108264 0.128723 0.156711 0.188311 0.217268 0.236457 0.241828 0.236204 0.228464 0.228593 0.24387 0.278329 0.333966 0.412044 0.512804 0.627855 0.717997 0.734465 0.722589 0.754696 0.838422 0.901867 0.827993 0.654761 0.491247 0.372997 0.297872 0.254376 0.229843 0.212971 0.195771 0.174951 0.151391 0.128086 0.10825 0.0944834 0.0888175 0.0931646 0.109768 0.141249 0.189598 0.253038 0.320589 0.37103 0.388498 0.377159 0.348612 0.310822 0.270384 0.232535 0.199227 0.169907 0.143725 0.120861 0.102555 0.0905803 0.0869724 0.0942541 0.11602 0.157629 0.226634 0.331795 0.476864 0.639 0.736426 0.69947 0.581702 0.461825 0.375519 0.324152 0.294044 0.271464 0.252904 0.244393 0.252822 0.279499 0.317481 0.350969 0.361074 0.341258 0.304301 0.267619 0.239789 0.220673 0.207068 0.197059 0.191013 0.190076 0.193822 0.198198 0.195901 0.181352 0.15609 0.12698 0.10015 0.0781909 0.0610223 0.0475634 0.0367804 0.0280181 0.0209304 0.015311 0.0109771 0.00772979 0.00536081 0.00367208 0.00249121 0.0016782 0.00112526 0.00075265 0.000503197 0.00033688 0.000226197 0.000152525 0.000103385 7.04889e-05 4.83562e-05 3.33768e-05 2.31727e-05 1.6175e-05 1.13446e-05 7.98964e-06 5.64648e-06 4.00188e-06 2.84269e-06 2.02272e-06 1.44102e-06 1.02736e-06 7.32681e-07 5.22473e-07 3.72396e-07 2.65205e-07 1.88645e-07 1.33986e-07 9.49957e-08 6.72144e-08 4.745e-08 3.3415e-08 2.34695e-08 1.64387e-08 1.1481e-08 7.99486e-09 5.55052e-09 3.84178e-09 
8.70673e-10 1.2869e-09 1.90109e-09 2.80692e-09 4.14223e-09 6.10963e-09 9.00682e-09 1.32708e-08 1.95427e-08 2.87619e-08 4.2304e-08 6.21802e-08 9.13285e-08 1.34034e-07 1.96539e-07 2.8792e-07 4.21358e-07 6.15961e-07 8.99375e-07 1.31153e-06 1.90998e-06 2.77747e-06 4.0327e-06 5.84542e-06 8.45755e-06 1.22124e-05 1.7595e-05 2.52865e-05 3.62373e-05 5.17636e-05 7.36734e-05 0.000104428 0.000147351 0.000206892 0.000288977 0.000401484 0.000554931 0.000763526 0.00104683 0.00143249 0.00196049 0.00268995 0.00370889 0.00514802 0.00719804 0.0101291 0.0143076 0.0202006 0.028351 0.0393001 0.0534372 0.0707816 0.0907481 0.111956 0.132042 0.147491 0.15417 0.14964 0.135897 0.118955 0.105489 0.100338 0.106113 0.123316 0.149396 0.176637 0.192185 0.185875 0.160387 0.127914 0.0990057 0.0784328 0.0670323 0.0641133 0.0687419 0.0800724 0.0970207 0.117456 0.137405 0.1516 0.156479 0.153414 0.147849 0.145057 0.147012 0.152139 0.157262 0.160572 0.163599 0.170776 0.187912 0.221711 0.280694 0.37562 0.511679 0.636428 0.585212 0.425579 0.292828 0.203749 0.147598 0.1131 0.0922191 0.0800575 0.0742085 0.0741444 0.0807774 0.0962008 0.123479 0.166144 0.226792 0.304248 0.390528 0.472273 0.536285 0.567706 0.552507 0.495576 0.417439 0.336476 0.26373 0.204421 0.159798 0.128647 0.108446 0.0961842 0.0889646 0.0845307 0.0816887 0.0804388 0.081687 0.0866248 0.0959869 0.109361 0.124754 0.138853 0.148298 0.151307 0.148077 0.139728 0.127342 0.112019 0.0952664 0.0788642 0.064378 0.0528503 0.0448671 0.0408329 0.0412533 0.0469265 0.0589913 0.0787372 0.106965 0.142635 0.18105 0.213601 0.232267 0.236352 0.232373 0.227945 0.228102 0.234271 0.242558 0.243212 0.227104 0.195645 0.159386 0.127949 0.10535 0.0913109 0.0835918 0.07951 0.0768077 0.0741662 0.0713789 0.0691233 0.068442 0.070178 0.0745523 0.0809516 0.0879539 0.0936232 0.0960804 0.0942451 0.0884228 0.0802831 0.0721519 0.0661443 0.0636956 0.0655606 0.0720291 0.0831485 0.0989175 0.119553 0.1459 0.179832 0.22419 0.282271 0.358533 0.463212 0.617863 0.831045 0.817291 0.564947 0.381351 0.2669 0.200264 0.166163 0.154535 0.158057 0.170471 0.186682 0.204597 0.226318 0.255744 0.293461 0.3332 0.365467 0.389057 0.417168 0.471086 0.5734 0.734366 0.825204 0.637452 0.439057 0.305048 0.221701 0.171708 0.141682 0.122016 0.106631 0.0927565 0.0801017 0.069541 0.0620754 0.0584327 0.0591242 0.0646411 0.0755681 0.0924746 0.115487 0.143605 0.174198 0.20341 0.227402 0.242907 0.246734 0.236563 0.213476 0.182612 0.150462 0.121816 0.0987976 0.0815527 0.0693355 0.0613057 0.056908 0.055933 0.0583985 0.0643544 0.0736635 0.0857868 0.0996281 0.113533 0.125548 0.133924 0.137694 0.13698 0.132833 0.126698 0.119813 0.112869 0.10607 0.0995137 0.0936237 0.0893067 0.0876878 0.0895704 0.0949228 0.102718 0.111468 0.120543 0.13152 0.148322 0.175591 0.21546 0.262444 0.298912 0.304027 0.278034 0.241737 0.212718 0.197521 0.196078 0.20571 0.223176 0.246702 0.2788 0.328691 0.413047 0.554554 0.762973 0.831925 0.614584 0.437154 0.32744 0.266753 0.241115 0.241559 0.258778 0.277343 0.277765 0.252846 0.215751 0.184511 0.169999 0.176725 0.205654 0.252913 0.303249 0.327185 0.305564 0.255382 0.203903 0.16413 0.137766 0.122338 0.114412 0.110487 0.107417 0.103076 0.0969326 0.0898899 0.0834927 0.0791864 0.0780264 0.0807365 0.0879114 0.100313 0.119292 0.147251 0.187777 0.244717 0.319366 0.405825 0.486234 0.526181 0.487833 0.387875 0.281661 0.198531 0.1424 0.108663 0.0918721 0.0878335 0.0936878 0.107303 0.126426 0.147956 0.167891 0.182531 0.190679 0.195304 0.202946 0.221217 0.256337 0.311836 0.388635 0.487054 0.60963 0.755367 0.87361 0.854421 0.785248 0.789405 0.892826 1.0391 0.933704 0.690006 0.505591 0.386832 0.318468 0.284735 0.27032 0.26087 0.245896 0.221819 0.191317 0.159682 0.13174 0.110716 0.0984345 0.0959889 0.104319 0.124331 0.156269 0.198203 0.244375 0.285776 0.314178 0.324795 0.31543 0.288428 0.25202 0.214937 0.18164 0.152866 0.128156 0.107443 0.091363 0.0810282 0.0778888 0.0838655 0.101666 0.135049 0.188603 0.265962 0.36418 0.462351 0.517403 0.501182 0.436619 0.364276 0.307945 0.271701 0.248293 0.229129 0.211877 0.200517 0.199704 0.210341 0.228477 0.246544 0.257187 0.258529 0.255494 0.254524 0.2574 0.260363 0.259042 0.25389 0.250087 0.25352 0.266572 0.283322 0.287297 0.263393 0.216479 0.164563 0.120189 0.0867355 0.0628256 0.0458967 0.0337203 0.0247579 0.0180525 0.0130167 0.00926219 0.00650235 0.0045077 0.0030905 0.00209931 0.00141555 0.000949276 0.000634277 0.000423005 0.000282036 0.000188286 0.000126028 8.46737e-05 5.7155e-05 3.87844e-05 2.64676e-05 1.81665e-05 1.25391e-05 8.70101e-06 6.06719e-06 4.24905e-06 2.98701e-06 2.10654e-06 1.48953e-06 1.05544e-06 7.49024e-07 5.32138e-07 3.78284e-07 2.68957e-07 1.9118e-07 1.35809e-07 9.63798e-08 6.83082e-08 4.83349e-08 3.41377e-08 2.40598e-08 1.6918e-08 1.18667e-08 8.30186e-09 5.79211e-09 4.02975e-09 2.79558e-09 
6.70296e-10 9.91238e-10 1.46512e-09 2.16449e-09 3.19616e-09 4.71724e-09 6.95873e-09 1.02599e-08 1.51189e-08 2.22659e-08 3.27705e-08 4.81975e-08 7.08329e-08 1.04012e-07 1.52593e-07 2.23642e-07 3.27414e-07 4.78768e-07 6.99186e-07 1.01965e-06 1.48475e-06 2.15842e-06 3.13213e-06 4.53618e-06 6.55543e-06 9.45089e-06 1.35891e-05 1.94814e-05 2.78367e-05 3.96301e-05 5.61923e-05 7.93264e-05 0.000111458 0.000155834 0.000216791 0.000300138 0.000413712 0.000568243 0.000778685 0.00106631 0.00146188 0.00201036 0.00277741 0.00385791 0.00538588 0.00754425 0.0105709 0.0147549 0.0204135 0.0278405 0.0372182 0.0484998 0.0612791 0.0746693 0.0872139 0.0969526 0.101948 0.101429 0.0968513 0.0918018 0.0908328 0.0984418 0.118742 0.155064 0.207648 0.266879 0.305078 0.292676 0.23896 0.17734 0.127481 0.0936099 0.073838 0.0651727 0.0650824 0.0716292 0.0830493 0.0971392 0.110863 0.120862 0.125128 0.124527 0.122261 0.121574 0.123827 0.128191 0.13288 0.137127 0.142541 0.152988 0.173772 0.211502 0.275036 0.376173 0.523003 0.664609 0.607208 0.433105 0.293266 0.20056 0.142356 0.106814 0.085758 0.0742359 0.0697779 0.0718264 0.0814119 0.101051 0.13472 0.187465 0.263561 0.36108 0.462435 0.535753 0.565528 0.560661 0.527694 0.471575 0.401972 0.329083 0.261132 0.203761 0.159569 0.128401 0.108276 0.0963311 0.0895701 0.0855098 0.0827394 0.0811618 0.0817157 0.0856728 0.0938206 0.105783 0.119676 0.13241 0.14083 0.143122 0.139278 0.130373 0.117718 0.102658 0.0866994 0.0714125 0.0581358 0.047788 0.0409337 0.0380131 0.0395984 0.0465873 0.0602721 0.0821649 0.113334 0.152918 0.195977 0.232927 0.254541 0.259937 0.256518 0.252895 0.254979 0.264907 0.278236 0.281826 0.262314 0.221811 0.175479 0.13584 0.107282 0.0889882 0.0782176 0.0720472 0.0681267 0.0649874 0.0620821 0.0595909 0.0580617 0.0580142 0.0596271 0.0625733 0.0660271 0.0688524 0.0699563 0.0687218 0.0653322 0.0607714 0.0564781 0.0538914 0.0541561 0.058054 0.0660516 0.07834 0.0948522 0.115385 0.140014 0.16976 0.207041 0.25559 0.320613 0.409707 0.528812 0.64739 0.637564 0.496845 0.359033 0.261062 0.198759 0.163229 0.147019 0.144155 0.149656 0.159802 0.173056 0.190385 0.213824 0.243927 0.278392 0.313925 0.3505 0.393624 0.452509 0.535069 0.629219 0.654762 0.546362 0.401396 0.286359 0.207593 0.156522 0.123837 0.102282 0.0870018 0.075332 0.0662659 0.0597402 0.0560328 0.0554544 0.058312 0.0650125 0.0761611 0.0925241 0.114765 0.142989 0.176333 0.212823 0.249131 0.279499 0.295204 0.28841 0.259197 0.21671 0.172345 0.133682 0.103543 0.0817486 0.0669381 0.0576555 0.0528052 0.0517383 0.0541578 0.0599515 0.0689983 0.0809633 0.0950975 0.110098 0.124137 0.135192 0.141658 0.142945 0.139636 0.133079 0.124744 0.115777 0.106943 0.0988348 0.0921223 0.087633 0.0861923 0.0882926 0.0937636 0.101709 0.111024 0.121565 0.135387 0.157024 0.19227 0.245024 0.310177 0.362495 0.36531 0.319656 0.262652 0.219288 0.195623 0.189632 0.197189 0.214189 0.238046 0.269767 0.315667 0.38692 0.493379 0.615316 0.640657 0.524577 0.396317 0.308442 0.26238 0.253119 0.277407 0.329322 0.386342 0.401064 0.352129 0.280372 0.224863 0.199252 0.206646 0.248783 0.325313 0.4195 0.470421 0.423017 0.329941 0.249406 0.195039 0.163427 0.148483 0.1444 0.145423 0.145929 0.141962 0.132912 0.121141 0.109907 0.101783 0.0983619 0.100551 0.108837 0.123528 0.145249 0.175793 0.218733 0.278292 0.3546 0.435195 0.491561 0.49543 0.440835 0.35058 0.258549 0.184672 0.133089 0.100824 0.083458 0.0772069 0.0792579 0.0874514 0.0997882 0.114089 0.128133 0.140461 0.151559 0.164657 0.185443 0.220709 0.276268 0.354146 0.450087 0.556056 0.669259 0.789399 0.874749 0.841722 0.765728 0.756532 0.840137 0.957725 0.867424 0.65398 0.489339 0.386011 0.331616 0.311754 0.310514 0.310834 0.299324 0.272042 0.233935 0.193152 0.156489 0.127913 0.109023 0.100113 0.10104 0.111614 0.131423 0.15922 0.192296 0.226369 0.255808 0.273598 0.273178 0.253975 0.223315 0.190247 0.160016 0.134066 0.112255 0.0944041 0.0807643 0.0719757 0.0689961 0.073148 0.0862164 0.110405 0.1478 0.19874 0.258484 0.313481 0.344053 0.339363 0.308266 0.269261 0.235916 0.212213 0.195275 0.180816 0.167644 0.158061 0.154983 0.159403 0.169861 0.18356 0.198478 0.215354 0.237518 0.267418 0.301328 0.327633 0.335962 0.329665 0.322554 0.328192 0.354713 0.396627 0.419683 0.380637 0.295213 0.209152 0.14266 0.0964425 0.0656151 0.045226 0.031588 0.022268 0.0157545 0.0111272 0.00781503 0.00544583 0.00376186 0.00257624 0.00175036 0.00118112 0.000792573 0.000529618 0.000352915 0.000234837 0.000156255 0.000104093 6.95073e-05 4.65689e-05 3.13311e-05 2.11804e-05 1.43928e-05 9.8331e-06 6.75398e-06 4.66309e-06 3.23515e-06 2.25446e-06 1.57727e-06 1.1073e-06 7.79624e-07 5.5022e-07 3.89038e-07 2.75444e-07 1.95187e-07 1.38372e-07 9.80918e-08 6.95078e-08 4.92141e-08 3.4806e-08 2.45807e-08 1.73297e-08 1.21939e-08 8.56177e-09 5.99756e-09 4.19097e-09 2.92102e-09 2.03047e-09 
5.16143e-10 7.63678e-10 1.1294e-09 1.66951e-09 2.46675e-09 3.64296e-09 5.37735e-09 7.93329e-09 1.16975e-08 1.72372e-08 2.53833e-08 3.73517e-08 5.49187e-08 8.06754e-08 1.18395e-07 1.73561e-07 2.54127e-07 3.71605e-07 5.42611e-07 7.91065e-07 1.1513e-06 1.67243e-06 2.42442e-06 3.50655e-06 5.059e-06 7.27864e-06 1.04403e-05 1.49252e-05 2.12583e-05 3.0158e-05 4.25995e-05 5.98996e-05 8.38266e-05 0.00011675 0.000161847 0.000223401 0.000307243 0.000421419 0.000577212 0.000790668 0.00108483 0.0014929 0.00206232 0.00285989 0.00397706 0.00553444 0.0076829 0.0105979 0.0144622 0.0194327 0.0255901 0.0328732 0.04101 0.0494603 0.0574081 0.0638832 0.0681164 0.0701048 0.0710986 0.0736835 0.081539 0.0993183 0.132932 0.189892 0.277937 0.394808 0.489709 0.459132 0.341609 0.232781 0.156413 0.108194 0.0802362 0.0662492 0.0618968 0.0642105 0.0709066 0.0798245 0.088682 0.0953824 0.0988187 0.0994903 0.0991577 0.099678 0.101958 0.105747 0.110349 0.11578 0.123583 0.136811 0.159542 0.196596 0.253487 0.334927 0.435222 0.508287 0.475682 0.367136 0.261578 0.184159 0.132907 0.10077 0.0816755 0.0716142 0.0685471 0.0721495 0.0836956 0.106167 0.144519 0.205744 0.297496 0.421298 0.551831 0.6219 0.608483 0.564143 0.515405 0.461023 0.398233 0.330038 0.263558 0.205855 0.160934 0.129366 0.109366 0.0979591 0.0918565 0.0882141 0.0853477 0.0830998 0.0825339 0.0850912 0.0916739 0.10199 0.114303 0.125747 0.133309 0.135045 0.130685 0.121263 0.108354 0.0935902 0.078509 0.0644677 0.0525292 0.0434182 0.0376151 0.0355488 0.0378073 0.0453038 0.0593301 0.0813798 0.112508 0.151941 0.195166 0.233503 0.258478 0.268557 0.269346 0.268123 0.270699 0.279998 0.292357 0.294582 0.272681 0.229025 0.179785 0.138008 0.108052 0.0889076 0.0776601 0.0712421 0.0671611 0.063783 0.0603738 0.0569321 0.0538723 0.0516729 0.0506035 0.0505857 0.0511983 0.0518092 0.0518011 0.0508273 0.0489929 0.0468679 0.0453294 0.045338 0.04777 0.0533402 0.0625565 0.0756299 0.092343 0.112048 0.134086 0.15868 0.187721 0.224689 0.273693 0.337461 0.411063 0.468307 0.466242 0.40306 0.321205 0.249822 0.197276 0.163188 0.144412 0.137048 0.13739 0.142742 0.152098 0.166191 0.186632 0.214616 0.25018 0.292533 0.340707 0.39324 0.447246 0.497354 0.529677 0.516042 0.444742 0.347926 0.259791 0.192365 0.144729 0.112233 0.0902473 0.0752695 0.0650671 0.0584467 0.0548776 0.0541411 0.0561229 0.0607855 0.0682844 0.0791297 0.0942703 0.115 0.142691 0.178433 0.222433 0.272449 0.32062 0.351376 0.348481 0.310589 0.253598 0.195658 0.146996 0.110378 0.0847506 0.0678965 0.0577125 0.0526467 0.0517392 0.0545029 0.0607517 0.0704144 0.0833278 0.0989915 0.116299 0.133374 0.147756 0.157098 0.160094 0.156999 0.1493 0.138892 0.127407 0.116033 0.105673 0.0971402 0.0912188 0.088561 0.0894772 0.0937502 0.100667 0.109493 0.120419 0.135563 0.159316 0.197506 0.254561 0.325904 0.383889 0.384924 0.330518 0.265081 0.216046 0.188908 0.180848 0.18727 0.203727 0.226836 0.255487 0.291814 0.339948 0.399409 0.451091 0.455002 0.40107 0.329459 0.274452 0.249088 0.258738 0.309392 0.406714 0.533858 0.5821 0.474802 0.345602 0.259824 0.221556 0.227301 0.277918 0.377907 0.51878 0.609878 0.526709 0.390947 0.289862 0.22802 0.195807 0.184838 0.188228 0.198099 0.204814 0.200764 0.185568 0.165131 0.145985 0.132216 0.12586 0.127914 0.138601 0.157223 0.182487 0.214061 0.254611 0.309225 0.37898 0.44871 0.482982 0.458159 0.389397 0.305139 0.226469 0.163826 0.119226 0.0904058 0.0739511 0.0667375 0.0663042 0.0707418 0.0784617 0.0880806 0.0985996 0.109928 0.12358 0.143204 0.174635 0.225257 0.30205 0.406415 0.524588 0.626598 0.69672 0.744345 0.760519 0.724791 0.672781 0.658447 0.691703 0.723039 0.670474 0.552154 0.441346 0.367361 0.332025 0.327405 0.339581 0.350323 0.343847 0.315407 0.271558 0.223104 0.178958 0.143963 0.11956 0.105332 0.100269 0.103437 0.114116 0.131512 0.154279 0.179943 0.204206 0.220685 0.223131 0.210202 0.187039 0.160787 0.136148 0.114837 0.0970227 0.0825629 0.0715159 0.0642212 0.0612771 0.0635314 0.0720511 0.0879468 0.111861 0.142923 0.177295 0.207466 0.224659 0.224524 0.210542 0.190802 0.172231 0.157639 0.14632 0.136582 0.128035 0.121995 0.120257 0.123857 0.132848 0.147061 0.16736 0.196634 0.239365 0.298223 0.366174 0.418976 0.431921 0.414158 0.395084 0.39718 0.435723 0.513108 0.57649 0.51328 0.370689 0.246491 0.159817 0.10331 0.0673084 0.0444458 0.0297967 0.0202491 0.0138969 0.00958787 0.00662177 0.00456301 0.00313061 0.00213609 0.00144905 0.000977494 0.000656112 0.000438569 0.000292228 0.000194309 0.00012907 8.57435e-05 5.70263e-05 3.80081e-05 2.5409e-05 1.70503e-05 1.14912e-05 7.78159e-06 5.29593e-06 3.62258e-06 2.49032e-06 1.72013e-06 1.19343e-06 8.31353e-07 5.81207e-07 4.07586e-07 2.86571e-07 2.01906e-07 1.42479e-07 1.00653e-07 7.11497e-08 5.03037e-08 3.55572e-08 2.51184e-08 1.77273e-08 1.24952e-08 8.79375e-09 6.17776e-09 4.33135e-09 3.03021e-09 2.11503e-09 1.47266e-09 
3.97534e-10 5.885e-10 8.70817e-10 1.288e-09 1.90416e-09 2.81374e-09 4.1557e-09 6.13431e-09 9.0496e-09 1.33416e-08 1.96551e-08 2.89331e-08 4.25529e-08 6.25225e-08 9.17636e-08 1.34518e-07 1.96931e-07 2.87881e-07 4.20155e-07 6.12122e-07 8.90062e-07 1.29144e-06 1.86943e-06 2.69914e-06 3.88609e-06 5.5777e-06 7.97864e-06 1.13712e-05 1.61423e-05 2.28184e-05 3.21119e-05 4.49823e-05 6.27177e-05 8.70467e-05 0.000120296 0.00016562 0.000227336 0.000311428 0.000426286 0.000583793 0.000800834 0.00110133 0.00151876 0.00209909 0.00290347 0.00401008 0.0055134 0.00751924 0.010133 0.0134397 0.0174755 0.0221938 0.0274332 0.0329011 0.0382003 0.0429374 0.0469436 0.0505768 0.0550019 0.0623661 0.0759521 0.100552 0.143342 0.215452 0.33418 0.52346 0.770448 0.670582 0.432703 0.274302 0.176676 0.118262 0.0847097 0.0670224 0.0595841 0.0587696 0.0620233 0.0672938 0.0728081 0.0771872 0.0797747 0.0808355 0.0813246 0.0823031 0.0844137 0.0877824 0.0924094 0.0987907 0.108338 0.123315 0.146372 0.179919 0.22526 0.280544 0.335415 0.364878 0.344375 0.28448 0.217214 0.161798 0.122313 0.0964611 0.0807853 0.0726285 0.0706567 0.0749315 0.0869744 0.110021 0.149483 0.213374 0.311614 0.449884 0.602885 0.673846 0.631137 0.567847 0.51748 0.46892 0.409868 0.340715 0.270909 0.210006 0.163019 0.130552 0.110525 0.0996027 0.0941125 0.0908396 0.087852 0.0849671 0.0834102 0.084838 0.0903322 0.0997455 0.111461 0.122638 0.130063 0.131413 0.126181 0.115597 0.101739 0.086658 0.0719726 0.0588309 0.0479876 0.0399142 0.0349396 0.0334166 0.0358828 0.0431807 0.0564805 0.0771034 0.10597 0.142513 0.183348 0.22212 0.252275 0.270956 0.279418 0.281004 0.280353 0.281684 0.284047 0.278364 0.25457 0.21447 0.170402 0.13302 0.106305 0.0895725 0.0802092 0.0752414 0.0720935 0.0689827 0.065073 0.0603663 0.0553814 0.0507701 0.0470197 0.0443083 0.0425082 0.0412957 0.0403175 0.0393588 0.0384573 0.0379228 0.0382702 0.0401152 0.044086 0.0507608 0.0605848 0.0737117 0.0897899 0.107888 0.126906 0.146581 0.168414 0.195516 0.231139 0.276158 0.325247 0.363645 0.373101 0.348402 0.301561 0.249281 0.203708 0.170433 0.149845 0.139486 0.136217 0.137808 0.143751 0.155207 0.174287 0.203203 0.243682 0.296392 0.359417 0.425098 0.47844 0.504028 0.495799 0.454972 0.388583 0.311966 0.240608 0.182367 0.138381 0.106693 0.0846459 0.0698978 0.0607242 0.0559792 0.054906 0.0569137 0.0614278 0.067907 0.0760574 0.0861626 0.0993408 0.117568 0.143469 0.179923 0.229227 0.290772 0.355926 0.402502 0.4033 0.355167 0.28361 0.213977 0.157822 0.116939 0.0891274 0.0713538 0.0610073 0.0562347 0.0559062 0.0594514 0.0666663 0.0775316 0.092029 0.109896 0.130265 0.151277 0.170002 0.183103 0.18821 0.185113 0.175679 0.16259 0.148123 0.133808 0.120683 0.109607 0.101357 0.0965377 0.09541 0.0977829 0.103092 0.110788 0.121037 0.135472 0.157483 0.191513 0.240376 0.298692 0.343505 0.343319 0.299385 0.244365 0.201604 0.177543 0.170769 0.177615 0.193996 0.216012 0.240664 0.266745 0.294393 0.321523 0.339062 0.334171 0.305226 0.266975 0.237327 0.228991 0.251843 0.317602 0.441633 0.626953 0.71896 0.543528 0.374871 0.27334 0.228378 0.230762 0.278625 0.373993 0.504948 0.587969 0.521684 0.403997 0.314278 0.259915 0.233847 0.230552 0.245498 0.269899 0.287437 0.282488 0.255655 0.220973 0.190463 0.169489 0.160049 0.163259 0.179305 0.206056 0.238231 0.269931 0.300768 0.337601 0.385133 0.431114 0.443851 0.405316 0.33482 0.259092 0.192731 0.140876 0.103695 0.0791129 0.0644516 0.0572363 0.0554604 0.0575733 0.062403 0.0691594 0.0776116 0.0884587 0.103825 0.127758 0.166636 0.22928 0.325891 0.462081 0.617279 0.716005 0.718011 0.683972 0.644628 0.599617 0.559902 0.54222 0.545409 0.544049 0.509571 0.44561 0.380266 0.335078 0.317595 0.325135 0.346857 0.365691 0.365298 0.339551 0.294666 0.242846 0.194761 0.156154 0.128458 0.110759 0.101415 0.0989928 0.102591 0.111641 0.125381 0.142157 0.158769 0.17051 0.17294 0.164862 0.149243 0.130722 0.112783 0.0970043 0.0837361 0.0729136 0.0645054 0.0586649 0.055752 0.0563049 0.060955 0.0702315 0.0841936 0.101883 0.120813 0.13707 0.146673 0.147755 0.141709 0.132044 0.12212 0.113675 0.106845 0.101209 0.0968427 0.0945904 0.0956152 0.100883 0.111139 0.127478 0.152265 0.189946 0.246878 0.3282 0.427133 0.506056 0.517371 0.480113 0.443824 0.435208 0.470589 0.556673 0.637743 0.560804 0.39328 0.255896 0.162978 0.103445 0.065998 0.0425375 0.0277696 0.0183691 0.0122928 0.00829869 0.00563237 0.00383097 0.00260458 0.00176678 0.00119443 0.000804378 0.000539588 0.000360661 0.000240331 0.000159771 0.000106051 7.03471e-05 4.66741e-05 3.1002e-05 2.06327e-05 1.37692e-05 9.22024e-06 6.19866e-06 4.18559e-06 2.83946e-06 1.93548e-06 1.3256e-06 9.12103e-07 6.30347e-07 4.37397e-07 3.04621e-07 2.12833e-07 1.49111e-07 1.04703e-07 7.36504e-08 5.18737e-08 3.65657e-08 2.57848e-08 1.81817e-08 1.2815e-08 9.0254e-09 6.34949e-09 4.46081e-09 3.12885e-09 2.19057e-09 1.53058e-09 1.06711e-09 
3.06249e-10 4.53599e-10 6.71557e-10 9.93806e-10 1.47e-09 2.1733e-09 3.21135e-09 4.74244e-09 6.99901e-09 1.03219e-08 1.52104e-08 2.23943e-08 3.29388e-08 4.83953e-08 7.10183e-08 1.04077e-07 1.52297e-07 2.22493e-07 3.24457e-07 4.72209e-07 6.85746e-07 9.93466e-07 1.43551e-06 2.0683e-06 2.97076e-06 4.25257e-06 6.06523e-06 8.61669e-06 1.21906e-05 1.71715e-05 2.40785e-05 3.36095e-05 4.67017e-05 6.46156e-05 8.90532e-05 0.00012233 0.000167624 0.000229345 0.000313658 0.000429225 0.000588208 0.000807552 0.00111052 0.00152829 0.00210138 0.00288026 0.00392431 0.00529835 0.00706543 0.00927578 0.0119522 0.015075 0.0185712 0.0223192 0.0261832 0.0300956 0.0341943 0.0390016 0.0456111 0.0558774 0.0726774 0.100397 0.145843 0.219756 0.338803 0.525013 0.757149 0.665283 0.435222 0.278128 0.180193 0.120936 0.086299 0.0673278 0.058356 0.0557009 0.056822 0.0598302 0.0632796 0.0661737 0.0680669 0.0690895 0.0697816 0.070791 0.0726234 0.0756147 0.0801496 0.0869768 0.0973808 0.11302 0.135376 0.164888 0.199899 0.235641 0.263535 0.272549 0.256209 0.220431 0.178988 0.142592 0.115253 0.096623 0.0848971 0.0785272 0.076916 0.0805865 0.0912547 0.112064 0.147995 0.206105 0.29442 0.415436 0.544279 0.609572 0.591608 0.55712 0.532483 0.499722 0.440713 0.361906 0.282171 0.214821 0.164574 0.130828 0.110565 0.0998743 0.0947324 0.0916893 0.0886845 0.0855354 0.0835821 0.084663 0.0900749 0.0998826 0.112563 0.125037 0.133413 0.134589 0.127851 0.115034 0.0991352 0.0828208 0.0678212 0.0550441 0.0448929 0.0375357 0.0330967 0.0318015 0.0340909 0.0406948 0.0526323 0.0710695 0.0969337 0.130238 0.16934 0.210802 0.250196 0.282677 0.302682 0.306315 0.296507 0.28157 0.266449 0.248298 0.2218 0.187552 0.152388 0.123068 0.102587 0.0906097 0.0850081 0.0830134 0.0819627 0.0798614 0.0757407 0.0696723 0.0624415 0.0550718 0.0484235 0.0429898 0.0388899 0.0359883 0.0340573 0.0329202 0.0325401 0.0330415 0.0346811 0.0377981 0.0427727 0.0499853 0.059737 0.0720816 0.0866012 0.102324 0.11812 0.133657 0.150306 0.171021 0.199029 0.235853 0.279097 0.320696 0.347617 0.347238 0.317153 0.269953 0.223165 0.187447 0.164917 0.15281 0.147191 0.145536 0.147848 0.156295 0.174122 0.20481 0.251657 0.317046 0.399694 0.487744 0.551808 0.561246 0.519315 0.451229 0.375214 0.301315 0.235716 0.181424 0.138871 0.107063 0.0844937 0.0696512 0.0612473 0.0582629 0.0598377 0.0650615 0.0727936 0.0817027 0.0906834 0.0995512 0.109589 0.123562 0.145264 0.178895 0.228103 0.293547 0.366983 0.422919 0.426295 0.372547 0.294287 0.220608 0.162776 0.121585 0.0941614 0.0771214 0.067687 0.0639467 0.064779 0.069648 0.0783696 0.0909297 0.10738 0.127713 0.151517 0.177288 0.201761 0.220152 0.228142 0.22465 0.212475 0.195894 0.178138 0.160858 0.144877 0.13092 0.119813 0.112291 0.108734 0.109052 0.112754 0.119219 0.128159 0.140195 0.157189 0.181699 0.214697 0.251179 0.276698 0.275172 0.247434 0.210838 0.180936 0.164211 0.161115 0.169483 0.186003 0.206677 0.227405 0.245195 0.258874 0.267706 0.269185 0.260128 0.241291 0.219398 0.204056 0.204654 0.230261 0.290708 0.394116 0.524956 0.575765 0.470923 0.343165 0.257444 0.217137 0.216899 0.253457 0.322874 0.407447 0.458967 0.439011 0.38181 0.330045 0.295682 0.279381 0.283473 0.310446 0.353691 0.387572 0.380306 0.334975 0.281301 0.23792 0.209789 0.198185 0.204955 0.231561 0.275259 0.32402 0.35811 0.368966 0.370687 0.378429 0.387681 0.377721 0.336676 0.276077 0.213856 0.160305 0.118644 0.0885441 0.0682768 0.0557837 0.0491665 0.046864 0.0476816 0.0507962 0.0558154 0.0629449 0.0732759 0.089184 0.11483 0.156772 0.224631 0.331226 0.488803 0.683226 0.786191 0.714503 0.618058 0.546774 0.495486 0.460247 0.440808 0.431831 0.420597 0.39571 0.358251 0.320513 0.295479 0.290121 0.303954 0.329038 0.351347 0.356205 0.336399 0.296131 0.247002 0.200203 0.162008 0.134003 0.115093 0.103307 0.0969578 0.0951106 0.0974061 0.103471 0.112246 0.121559 0.128342 0.129822 0.125105 0.115655 0.104084 0.0926043 0.0823818 0.0737355 0.0665868 0.0608032 0.0563824 0.053523 0.0526063 0.0540912 0.058324 0.0652808 0.0742998 0.0839433 0.0922125 0.0972357 0.0981449 0.0954868 0.090795 0.0856937 0.0812264 0.0777841 0.0755009 0.0746989 0.0760335 0.0803258 0.0883615 0.100958 0.119439 0.146451 0.186758 0.247196 0.333702 0.440073 0.525466 0.53487 0.490106 0.445255 0.424939 0.439855 0.487418 0.520867 0.462459 0.341381 0.229974 0.149243 0.0954901 0.0609226 0.0390104 0.02517 0.0163975 0.0107899 0.00716389 0.00478989 0.00321752 0.00216639 0.00145923 0.000981846 0.000659289 0.000441564 0.000294938 0.000196492 0.000130614 8.66739e-05 5.74529e-05 3.80683e-05 2.52328e-05 1.67432e-05 1.11301e-05 7.41734e-06 4.95845e-06 3.32674e-06 2.24102e-06 1.51618e-06 1.03041e-06 7.03453e-07 4.82391e-07 3.32218e-07 2.29715e-07 1.59424e-07 1.11005e-07 7.75108e-08 5.42524e-08 3.80457e-08 2.6719e-08 1.87828e-08 1.32111e-08 9.29335e-09 6.53575e-09 4.59361e-09 3.22559e-09 2.26224e-09 1.58428e-09 1.10763e-09 7.72941e-10 
2.35965e-10 3.49667e-10 5.17933e-10 7.66822e-10 1.13476e-09 1.67835e-09 2.48091e-09 3.66488e-09 5.41003e-09 7.97987e-09 1.176e-08 1.73137e-08 2.54623e-08 3.74e-08 5.48601e-08 8.03504e-08 1.17489e-07 1.7148e-07 2.49779e-07 3.63026e-07 5.26346e-07 7.61128e-07 1.09748e-06 1.57754e-06 2.25996e-06 3.22587e-06 4.58684e-06 6.49531e-06 9.15848e-06 1.28565e-05 1.79666e-05 2.49959e-05 3.4626e-05 4.77749e-05 6.56856e-05 9.00526e-05 0.000123205 0.000168367 0.000230026 0.000314432 0.000430257 0.000589402 0.000807926 0.00110698 0.00151356 0.00206072 0.00278695 0.00373417 0.00494406 0.006453 0.00828625 0.0104539 0.0129522 0.0157771 0.0189569 0.0226127 0.0270469 0.0328538 0.0410413 0.0531707 0.0715477 0.0995222 0.141904 0.205186 0.295937 0.410526 0.499616 0.469438 0.355204 0.246494 0.168101 0.11691 0.0854895 0.0675448 0.0585204 0.0552175 0.055345 0.0572126 0.0595886 0.0616786 0.0631386 0.0640322 0.064697 0.0655687 0.0670645 0.0696016 0.0737383 0.0803342 0.090579 0.105747 0.126584 0.152361 0.179954 0.203835 0.217737 0.217428 0.2031 0.179745 0.154455 0.132619 0.116266 0.104853 0.0969586 0.0916544 0.0890788 0.0903766 0.0975105 0.113311 0.141692 0.187522 0.254997 0.342259 0.431391 0.490992 0.516306 0.536841 0.561916 0.557179 0.49112 0.390232 0.293758 0.217866 0.164166 0.12933 0.108854 0.0981848 0.093097 0.0901363 0.0872818 0.0843641 0.0827322 0.0843089 0.0905994 0.101945 0.116947 0.132124 0.142492 0.143743 0.134953 0.118994 0.100194 0.0819743 0.0661428 0.053311 0.0434968 0.0365438 0.0323525 0.031004 0.0328328 0.0384646 0.0488151 0.0650184 0.088257 0.119506 0.159295 0.207529 0.262631 0.318126 0.357785 0.362511 0.333566 0.292031 0.253587 0.22063 0.189861 0.159886 0.132853 0.111822 0.0984059 0.0922925 0.0917171 0.0940581 0.096445 0.0964533 0.0927472 0.0853644 0.0754699 0.0647202 0.0546024 0.0460586 0.039456 0.0347651 0.0317807 0.0302911 0.0301663 0.0313755 0.0339638 0.0380196 0.0436578 0.0510099 0.0601771 0.0710995 0.0833738 0.0962034 0.108755 0.120968 0.13431 0.151793 0.177143 0.213599 0.262457 0.320411 0.37408 0.396853 0.370115 0.312014 0.254266 0.212859 0.188925 0.176926 0.170328 0.165444 0.163024 0.167013 0.182319 0.213669 0.265577 0.342063 0.443784 0.55808 0.64165 0.641197 0.570162 0.477731 0.388974 0.310865 0.244596 0.189878 0.146134 0.11271 0.0887979 0.0734561 0.065745 0.0648254 0.0698608 0.0796977 0.0924661 0.105493 0.116058 0.122963 0.127771 0.134533 0.14841 0.174395 0.216251 0.274374 0.340638 0.391448 0.395441 0.348362 0.278731 0.212715 0.160852 0.124153 0.100156 0.08582 0.0786109 0.0768272 0.0795713 0.0865057 0.0975064 0.112417 0.131102 0.153714 0.180636 0.211464 0.243128 0.268781 0.280446 0.275407 0.258718 0.237831 0.217204 0.19792 0.17981 0.163151 0.148978 0.138488 0.132427 0.1309 0.133456 0.139194 0.146954 0.155838 0.165972 0.178582 0.194365 0.210681 0.220527 0.217007 0.200601 0.179315 0.161822 0.153026 0.154153 0.164109 0.180303 0.198987 0.215879 0.227589 0.23292 0.232405 0.226599 0.215711 0.201087 0.186395 0.177141 0.179501 0.199528 0.24195 0.305482 0.370188 0.390338 0.345469 0.276319 0.22143 0.19335 0.192954 0.218078 0.263616 0.316911 0.357032 0.371095 0.367901 0.359762 0.348588 0.337431 0.339435 0.368509 0.423635 0.471762 0.461296 0.398352 0.329935 0.278216 0.246101 0.234543 0.247681 0.291145 0.366303 0.455215 0.503261 0.475157 0.417719 0.372902 0.342438 0.311487 0.270074 0.221018 0.172762 0.131317 0.0988296 0.0750627 0.0587714 0.0484582 0.042719 0.0403797 0.0405482 0.0426592 0.0465587 0.0526542 0.0621413 0.0773158 0.101989 0.142008 0.205765 0.303923 0.444732 0.608955 0.688754 0.623234 0.529721 0.46028 0.414119 0.38408 0.364806 0.350905 0.33601 0.315591 0.290655 0.267544 0.253833 0.254319 0.268931 0.292 0.313071 0.320487 0.3073 0.275564 0.2345 0.19404 0.160238 0.13485 0.116901 0.104409 0.0956817 0.089923 0.0870731 0.0871623 0.0896834 0.0933274 0.0962392 0.0967611 0.0942533 0.0893327 0.0833239 0.0774601 0.0724231 0.0683223 0.0649048 0.0618135 0.0588181 0.0559706 0.0536282 0.0523196 0.0525102 0.054363 0.0575823 0.0614085 0.0648088 0.0668436 0.0670544 0.0656345 0.0632694 0.0607813 0.0588383 0.0578972 0.0583437 0.060663 0.0654797 0.0734411 0.0850613 0.10073 0.121093 0.147863 0.184668 0.236839 0.308119 0.391234 0.455516 0.466149 0.434812 0.396815 0.371789 0.366567 0.375561 0.373301 0.331548 0.258472 0.1838 0.124048 0.0814508 0.0527798 0.0340464 0.0219845 0.0142602 0.00930934 0.0061198 0.00404909 0.00269309 0.00179778 0.00120261 0.000804996 0.000538592 0.000359899 0.000240078 0.000159843 0.000106225 7.04784e-05 4.67031e-05 3.0925e-05 2.04735e-05 1.35601e-05 8.99068e-06 5.97116e-06 3.97486e-06 2.65352e-06 1.77733e-06 1.19491e-06 8.06586e-07 5.46761e-07 3.7223e-07 2.54498e-07 1.74727e-07 1.20433e-07 8.33138e-08 5.78257e-08 4.02518e-08 2.80882e-08 1.96401e-08 1.37546e-08 9.64361e-09 6.76607e-09 4.74851e-09 3.33225e-09 2.33735e-09 1.63823e-09 1.14701e-09 8.02036e-10 5.59956e-10 
1.81825e-10 2.69552e-10 3.99427e-10 5.91591e-10 8.75743e-10 1.29563e-09 1.9156e-09 2.83022e-09 4.17821e-09 6.16274e-09 9.08085e-09 1.33659e-08 1.96487e-08 2.88454e-08 4.22824e-08 6.18752e-08 9.03801e-08 1.3175e-07 1.91629e-07 2.7805e-07 4.0238e-07 5.80638e-07 8.35271e-07 1.19757e-06 1.71088e-06 2.43492e-06 3.45147e-06 4.87189e-06 6.84707e-06 9.58061e-06 1.33465e-05 1.85128e-05 2.55751e-05 3.52019e-05 4.83003e-05 6.61082e-05 9.03271e-05 0.000123307 0.000168299 0.000229802 0.000313991 0.000429247 0.000586753 0.00080109 0.00109074 0.00147837 0.00199069 0.00265788 0.00351259 0.0045889 0.00592228 0.00755227 0.0095307 0.011939 0.0149185 0.0187165 0.0237454 0.0306499 0.0403712 0.0541989 0.0738051 0.101239 0.138779 0.188246 0.24858 0.309648 0.345428 0.329686 0.272381 0.205972 0.150357 0.110341 0.0842004 0.0686608 0.0606445 0.0576555 0.0577395 0.0593855 0.0614842 0.0633393 0.0646666 0.0655217 0.0661593 0.0668907 0.0680284 0.0699498 0.0732355 0.07877 0.0876861 0.101053 0.119249 0.141064 0.163006 0.179844 0.187045 0.183514 0.172052 0.157492 0.144351 0.135111 0.129625 0.125836 0.121495 0.115858 0.11011 0.106548 0.107695 0.116102 0.134546 0.165878 0.211774 0.269981 0.332002 0.388292 0.441999 0.508576 0.586745 0.616673 0.536475 0.408526 0.296855 0.215314 0.16037 0.125744 0.105653 0.0951575 0.090082 0.0871908 0.0846393 0.0822756 0.0813658 0.0838152 0.0912893 0.104423 0.122 0.140193 0.152876 0.154411 0.143664 0.124681 0.103164 0.0831979 0.0665839 0.0536211 0.0439743 0.0372037 0.0330177 0.0313772 0.0325359 0.0370558 0.0458161 0.0600285 0.0812763 0.111634 0.153925 0.211909 0.289073 0.381621 0.459393 0.464897 0.397579 0.315626 0.249551 0.201413 0.165558 0.137658 0.116386 0.102082 0.0951107 0.0950114 0.100261 0.108324 0.115944 0.11983 0.117671 0.109077 0.0957162 0.0803784 0.0656589 0.0531793 0.0435597 0.0367753 0.0325324 0.030509 0.0304541 0.0321903 0.0355715 0.0404419 0.0466318 0.0539872 0.0623817 0.0716493 0.0814599 0.091299 0.100768 0.110207 0.121291 0.137163 0.162102 0.201051 0.258882 0.337438 0.424553 0.474487 0.440843 0.359564 0.286517 0.240324 0.218036 0.209437 0.203759 0.195374 0.186471 0.183917 0.194701 0.224359 0.277594 0.358573 0.468184 0.593349 0.686684 0.687126 0.609372 0.508858 0.413823 0.331796 0.262799 0.205312 0.158509 0.122231 0.0962907 0.0801939 0.0733271 0.0751644 0.0851767 0.102269 0.123785 0.144739 0.15889 0.1626 0.158263 0.152956 0.154263 0.167725 0.19613 0.238388 0.286429 0.322338 0.325736 0.293683 0.243641 0.194117 0.154323 0.126237 0.108538 0.0989601 0.0954405 0.0966656 0.102216 0.112256 0.126851 0.145383 0.166777 0.190735 0.218744 0.252798 0.291394 0.32546 0.34105 0.332652 0.309813 0.285189 0.264198 0.245858 0.227664 0.209086 0.191892 0.17837 0.16992 0.166923 0.169042 0.175116 0.182761 0.188797 0.191213 0.190842 0.190088 0.189765 0.187817 0.181538 0.170899 0.159156 0.150534 0.147982 0.152495 0.163326 0.178294 0.19408 0.206919 0.213958 0.214477 0.209622 0.200958 0.189635 0.176908 0.16499 0.157196 0.157342 0.168775 0.192798 0.225667 0.255003 0.263148 0.243942 0.210852 0.181595 0.166158 0.167648 0.185688 0.21753 0.257789 0.300216 0.342738 0.387144 0.42589 0.436473 0.414845 0.393454 0.402466 0.444485 0.485683 0.474102 0.413882 0.349026 0.300103 0.269921 0.261179 0.281734 0.343916 0.46222 0.636564 0.743904 0.619333 0.470083 0.370339 0.306748 0.259773 0.217396 0.176562 0.139149 0.107477 0.0825104 0.0640039 0.0510943 0.0427326 0.0379105 0.0357646 0.0356354 0.0371302 0.0402142 0.0453385 0.0536063 0.0669827 0.0885419 0.122688 0.175057 0.251072 0.350148 0.45051 0.500451 0.478475 0.428318 0.384827 0.35438 0.332686 0.314806 0.297605 0.2793 0.25935 0.239285 0.222762 0.214015 0.215776 0.227732 0.245821 0.262694 0.269964 0.262122 0.239842 0.209338 0.178099 0.1512 0.130387 0.114945 0.103113 0.0933931 0.0852523 0.0789731 0.0749786 0.0732378 0.0730865 0.073465 0.0733996 0.0724527 0.0708558 0.0692541 0.0682794 0.068216 0.0688669 0.0696053 0.0695944 0.0681506 0.0651098 0.0609562 0.0565957 0.0529299 0.0505033 0.0493674 0.0491504 0.0492586 0.0491302 0.0484514 0.0472523 0.045853 0.0447243 0.0443669 0.0452823 0.0480258 0.0532621 0.0617315 0.0740711 0.0905139 0.11063 0.133491 0.158657 0.187589 0.223729 0.269285 0.318854 0.355732 0.363834 0.346673 0.320496 0.297609 0.282916 0.273429 0.258312 0.227489 0.183075 0.136192 0.0958014 0.0650012 0.0431478 0.0282934 0.0184498 0.0120189 0.00784546 0.00514055 0.00338329 0.00223642 0.00148372 0.000986983 0.000657597 0.0004384 0.000292204 0.000194599 0.000129442 8.59823e-05 5.70365e-05 3.77904e-05 2.50162e-05 1.65518e-05 1.09511e-05 7.249e-06 4.8034e-06 3.18792e-06 2.12024e-06 1.41384e-06 9.45691e-07 6.3474e-07 4.27632e-07 2.89243e-07 1.96436e-07 1.33953e-07 9.17117e-08 6.30321e-08 4.3477e-08 3.00874e-08 2.08824e-08 1.45303e-08 1.01318e-08 7.0767e-09 4.949e-09 3.4639e-09 2.4255e-09 1.69848e-09 1.18902e-09 8.31866e-10 5.81465e-10 4.05966e-10 
1.40097e-10 2.07763e-10 3.07961e-10 4.5624e-10 6.7552e-10 9.99546e-10 1.47793e-09 2.18353e-09 3.2231e-09 4.75285e-09 7.00083e-09 1.02993e-08 1.51309e-08 2.21954e-08 3.25035e-08 4.75111e-08 6.93071e-08 1.00878e-07 1.46476e-07 2.12127e-07 3.06331e-07 4.41014e-07 6.32826e-07 9.04874e-07 1.28905e-06 1.82913e-06 2.58483e-06 3.63728e-06 5.09617e-06 7.10929e-06 9.87553e-06 1.36624e-05 1.88304e-05 2.5867e-05 3.54349e-05 4.844e-05 6.61268e-05 9.0211e-05 0.00012306 0.000167929 0.000229268 0.000313085 0.000427381 0.000582613 0.000792179 0.0010729 0.00144549 0.00193517 0.00257269 0.00339626 0.00445552 0.00581894 0.00758678 0.00991183 0.0130298 0.0172994 0.0232477 0.0316113 0.0433533 0.0596256 0.0816286 0.110301 0.14576 0.186412 0.227667 0.260673 0.273528 0.258872 0.222255 0.177847 0.137413 0.106213 0.0848754 0.0719746 0.0655331 0.0636264 0.0645475 0.0668487 0.0694099 0.0715384 0.07301 0.0739657 0.0746901 0.0754071 0.0762381 0.0773548 0.0792149 0.0826866 0.0889219 0.0989513 0.113048 0.129988 0.146632 0.158715 0.16317 0.160352 0.153879 0.148441 0.1476 0.152328 0.160248 0.166248 0.165463 0.156999 0.14433 0.132258 0.124474 0.123369 0.130763 0.148185 0.176336 0.214162 0.259015 0.309869 0.371874 0.453897 0.54842 0.590774 0.514803 0.389239 0.281261 0.203844 0.152506 0.120536 0.102117 0.0925136 0.0878753 0.0852988 0.0831486 0.0812881 0.0808819 0.0837798 0.0917424 0.105624 0.124403 0.144157 0.158184 0.160091 0.148605 0.128407 0.105902 0.0854526 0.068788 0.0560028 0.0465528 0.0398341 0.0354473 0.0332937 0.0335967 0.0369015 0.0440936 0.0564791 0.0759775 0.105508 0.149658 0.215546 0.312932 0.448398 0.589289 0.596119 0.465123 0.337488 0.247586 0.188178 0.148649 0.121895 0.104437 0.0950517 0.093383 0.0989819 0.110695 0.126217 0.141811 0.152576 0.153899 0.144008 0.125398 0.103147 0.0818648 0.0641326 0.0507135 0.0413829 0.0355956 0.0328282 0.0326758 0.0348178 0.038932 0.0446269 0.0514406 0.0589178 0.066699 0.0745235 0.0821424 0.0892997 0.0959741 0.102859 0.111814 0.126031 0.149971 0.189295 0.250544 0.338425 0.443099 0.509505 0.471699 0.379525 0.30288 0.259908 0.244843 0.243774 0.241263 0.229345 0.212699 0.202269 0.207158 0.232948 0.283331 0.360822 0.463994 0.5784 0.664759 0.677934 0.620581 0.530776 0.438107 0.355175 0.283969 0.223316 0.172923 0.133447 0.105359 0.0885909 0.0829239 0.0884233 0.105447 0.133835 0.170807 0.207846 0.230593 0.228628 0.207183 0.181628 0.164462 0.161476 0.173553 0.197772 0.226701 0.248353 0.25129 0.233516 0.203673 0.172697 0.147523 0.130605 0.121603 0.118895 0.120699 0.126027 0.135254 0.149721 0.170216 0.195195 0.220739 0.244 0.267516 0.297821 0.337457 0.376496 0.394414 0.38226 0.355289 0.331703 0.316683 0.305218 0.290672 0.27161 0.251838 0.23569 0.225289 0.221118 0.223201 0.230724 0.240106 0.244516 0.238379 0.223104 0.205312 0.190166 0.178573 0.169087 0.160716 0.154091 0.15083 0.152327 0.158946 0.169765 0.182679 0.194777 0.203125 0.205863 0.202963 0.195847 0.186169 0.175048 0.163346 0.152382 0.144191 0.141079 0.144769 0.155287 0.169731 0.18186 0.184769 0.176412 0.16177 0.148577 0.142614 0.146672 0.161581 0.187306 0.223989 0.273744 0.342465 0.436007 0.537642 0.573412 0.511085 0.438168 0.406598 0.414112 0.430146 0.419241 0.379471 0.33427 0.298085 0.275287 0.271197 0.296354 0.366936 0.507054 0.754348 1.05238 0.70041 0.48516 0.356294 0.276105 0.22136 0.179157 0.14387 0.113988 0.0894348 0.0701425 0.055703 0.0454648 0.0386921 0.0346701 0.0327684 0.0324942 0.03356 0.0359706 0.0401259 0.0469302 0.0578999 0.075243 0.101809 0.140608 0.193193 0.255897 0.314904 0.349701 0.353301 0.340288 0.32641 0.31564 0.303991 0.287459 0.266165 0.24289 0.220361 0.200726 0.186107 0.178519 0.179066 0.18705 0.199486 0.211373 0.217102 0.212841 0.198596 0.178042 0.156128 0.136589 0.120908 0.108605 0.0982584 0.0886834 0.0796285 0.0716443 0.065435 0.0613108 0.0590515 0.0581112 0.0579585 0.0583585 0.0594613 0.0616732 0.0653874 0.0706793 0.077034 0.0832009 0.0873752 0.0878831 0.0841174 0.0769664 0.068289 0.059927 0.0530301 0.0479398 0.0444173 0.0419575 0.0400582 0.0383948 0.0368931 0.0357135 0.0351912 0.0357864 0.0380807 0.0428134 0.0509086 0.0634099 0.081208 0.104451 0.131696 0.159465 0.183581 0.202532 0.219227 0.237605 0.257 0.270676 0.271734 0.260279 0.242272 0.223732 0.20769 0.193295 0.176545 0.15386 0.125816 0.0965737 0.0703481 0.0492862 0.0336027 0.0225 0.0148987 0.00980593 0.00643892 0.00422888 0.00278232 0.00183521 0.00121371 0.000804564 0.000534276 0.000355167 0.000236196 0.000157048 0.000104357 6.92811e-05 4.59471e-05 3.04408e-05 2.01497e-05 1.3329e-05 8.81433e-06 5.82927e-06 3.85713e-06 2.55474e-06 1.69462e-06 1.12628e-06 7.50366e-07 5.01336e-07 3.36025e-07 2.26012e-07 1.52581e-07 1.03404e-07 7.03498e-08 4.80458e-08 3.29353e-08 2.26566e-08 1.56364e-08 1.0823e-08 7.51058e-09 5.22326e-09 3.63894e-09 2.53862e-09 1.77269e-09 1.23855e-09 8.65512e-10 6.04738e-10 4.22334e-10 2.94724e-10 
1.07921e-10 1.60083e-10 2.37331e-10 3.51648e-10 5.20688e-10 7.70428e-10 1.13903e-09 1.68245e-09 2.48264e-09 3.65928e-09 5.38687e-09 7.91911e-09 1.16239e-08 1.70332e-08 2.49137e-08 3.63665e-08 5.2967e-08 7.69602e-08 1.11531e-07 1.61179e-07 2.32223e-07 3.33501e-07 4.773e-07 6.80614e-07 9.66813e-07 1.36787e-06 1.92731e-06 2.70413e-06 3.77799e-06 5.25626e-06 7.28349e-06 1.00545e-05 1.38325e-05 1.89743e-05 2.59667e-05 3.54762e-05 4.84203e-05 6.60645e-05 9.01555e-05 0.000123097 0.000168179 0.00022987 0.000314178 0.000429106 0.000585221 0.00079641 0.00108095 0.00146315 0.00197598 0.00266544 0.00359777 0.00487087 0.00663208 0.00910397 0.0126195 0.0176661 0.0249321 0.0353434 0.0500596 0.0703737 0.0974228 0.131578 0.17144 0.212688 0.247763 0.267766 0.266609 0.244775 0.209419 0.170321 0.135231 0.108029 0.0894786 0.0786766 0.0740948 0.0740588 0.0768827 0.0809362 0.0848313 0.0877222 0.0894925 0.0905909 0.0915556 0.0925615 0.0933343 0.0935176 0.0932319 0.0933626 0.0953063 0.100328 0.108852 0.119927 0.131141 0.139491 0.143224 0.143424 0.143823 0.149114 0.163015 0.18629 0.214303 0.235937 0.239364 0.223159 0.196976 0.171081 0.150799 0.138007 0.133557 0.13816 0.152196 0.175424 0.207416 0.248983 0.303068 0.371136 0.439965 0.466619 0.418257 0.330102 0.246927 0.184153 0.1416 0.115057 0.100061 0.0926569 0.089453 0.0877885 0.0861113 0.0842806 0.0834564 0.0855382 0.092383 0.104962 0.122397 0.141012 0.15449 0.156807 0.146661 0.128273 0.107538 0.0885373 0.0729219 0.0607967 0.0516374 0.0448477 0.0400349 0.037121 0.0363601 0.0383214 0.0438993 0.0544161 0.0718749 0.0994318 0.142147 0.207951 0.30803 0.451937 0.610042 0.617382 0.468825 0.331537 0.237123 0.175875 0.136453 0.111377 0.0967027 0.0908085 0.0932879 0.10411 0.122916 0.148167 0.175905 0.198612 0.206662 0.194701 0.167083 0.133859 0.10314 0.07851 0.0604251 0.0480668 0.0404165 0.0366537 0.0361953 0.0385868 0.0433539 0.0498933 0.0574687 0.0653371 0.0729193 0.0798588 0.085933 0.0910093 0.09526 0.0995838 0.105944 0.117434 0.138167 0.173134 0.227587 0.30388 0.390378 0.44328 0.418918 0.350745 0.292382 0.262966 0.259462 0.267882 0.269871 0.25575 0.232991 0.216314 0.2162 0.237635 0.28281 0.35228 0.442845 0.541699 0.621337 0.649688 0.61637 0.54138 0.454253 0.37269 0.300929 0.23843 0.185581 0.143845 0.114297 0.0973079 0.0932021 0.103002 0.128778 0.173052 0.235728 0.305638 0.350099 0.336271 0.280167 0.221001 0.178844 0.1572 0.153252 0.161867 0.176173 0.188145 0.191231 0.18387 0.169895 0.155209 0.14449 0.14004 0.141945 0.148624 0.157792 0.168204 0.18139 0.201377 0.231452 0.269163 0.303566 0.322948 0.3304 0.342065 0.368115 0.400234 0.415596 0.403683 0.381526 0.368991 0.369867 0.373885 0.368373 0.351385 0.331 0.314384 0.303536 0.298106 0.298808 0.307045 0.319491 0.32387 0.307686 0.274018 0.237491 0.208516 0.189107 0.176944 0.169415 0.165382 0.165026 0.168798 0.176445 0.186585 0.196873 0.20463 0.207751 0.20552 0.198805 0.189365 0.178765 0.167808 0.156849 0.14649 0.137856 0.132251 0.130515 0.132444 0.13643 0.139713 0.139692 0.135778 0.130009 0.12571 0.125773 0.132044 0.145812 0.168761 0.204194 0.258699 0.343829 0.474566 0.645777 0.715969 0.58336 0.45394 0.384621 0.360413 0.354425 0.343625 0.322091 0.297207 0.275986 0.262644 0.263212 0.287541 0.34855 0.45957 0.615969 0.702589 0.584131 0.431323 0.319418 0.243415 0.190422 0.151241 0.120696 0.0962764 0.0768129 0.0616291 0.0501739 0.0419153 0.0363292 0.0329105 0.0311965 0.0308097 0.0315223 0.0333346 0.0365533 0.0418537 0.0503111 0.0633743 0.0826994 0.109663 0.1443 0.18369 0.221128 0.249105 0.265759 0.276357 0.286147 0.293584 0.291517 0.275422 0.248899 0.219526 0.192911 0.17162 0.156654 0.14846 0.146948 0.151081 0.158579 0.166087 0.169998 0.167813 0.159271 0.146347 0.132013 0.118734 0.107591 0.0982658 0.0897127 0.0810923 0.0723674 0.0642 0.0574008 0.0524646 0.049459 0.0481906 0.0484627 0.0502812 0.0539336 0.0599248 0.0687753 0.0806676 0.0949132 0.109359 0.120294 0.123756 0.118064 0.105195 0.0892905 0.074075 0.061556 0.052179 0.0454951 0.0407474 0.0372355 0.0344944 0.032349 0.0308915 0.0304334 0.0314746 0.0347165 0.0411183 0.0519538 0.068779 0.0931241 0.125584 0.16399 0.201346 0.227078 0.235033 0.230028 0.221856 0.215726 0.210481 0.202755 0.191136 0.176832 0.161933 0.147776 0.134203 0.119843 0.103457 0.0852375 0.0667861 0.0499758 0.036002 0.0251844 0.0172398 0.0116227 0.0077566 0.00514456 0.0034012 0.00224619 0.00148385 0.000981293 0.000649816 0.000430856 0.000285951 0.000189886 0.00012611 8.3732e-05 5.55637e-05 3.68436e-05 2.44101e-05 1.61592e-05 1.06899e-05 7.06826e-06 4.67268e-06 3.08945e-06 2.04375e-06 1.35327e-06 8.97308e-07 5.96055e-07 3.96826e-07 2.64881e-07 1.77333e-07 1.19108e-07 8.02782e-08 5.43035e-08 3.68689e-08 2.51239e-08 1.71819e-08 1.17906e-08 8.11683e-09 5.60396e-09 3.879e-09 2.69094e-09 1.87017e-09 1.30162e-09 9.06866e-10 6.3226e-10 4.40945e-10 3.07512e-10 2.14385e-10 
8.3099e-11 1.23278e-10 1.82775e-10 2.70806e-10 4.00941e-10 5.93126e-10 8.76629e-10 1.29432e-09 1.90888e-09 2.81169e-09 4.13576e-09 6.07405e-09 8.90576e-09 1.30335e-08 1.90362e-08 2.77425e-08 4.03347e-08 5.8492e-08 8.45887e-08 1.21966e-07 1.75303e-07 2.51117e-07 3.5844e-07 5.09726e-07 7.2205e-07 1.01872e-06 1.43142e-06 2.00303e-06 2.7915e-06 3.87499e-06 5.35897e-06 7.38601e-06 1.01495e-05 1.3913e-05 1.90373e-05 2.60193e-05 3.55459e-05 4.85694e-05 6.64123e-05 9.09086e-05 0.000124598 0.000170985 0.000234898 0.000322983 0.000444415 0.000611954 0.000843566 0.00116498 0.00161377 0.00224587 0.00314579 0.00444237 0.00633233 0.00911399 0.0132333 0.0193422 0.0283651 0.0415579 0.0605258 0.0871242 0.123094 0.169171 0.223343 0.278423 0.321084 0.336899 0.320777 0.280969 0.231602 0.184304 0.145454 0.117134 0.0989609 0.0895324 0.0871861 0.0901835 0.0965801 0.104141 0.110671 0.114806 0.116666 0.117575 0.118892 0.120856 0.122329 0.121678 0.118245 0.113141 0.10862 0.106736 0.108371 0.112956 0.118799 0.124007 0.127845 0.131832 0.139762 0.156812 0.188211 0.236836 0.297494 0.348244 0.357619 0.322866 0.272024 0.225762 0.189403 0.162622 0.145082 0.137136 0.139071 0.150739 0.171804 0.202198 0.241724 0.287198 0.326768 0.339133 0.31218 0.260072 0.205556 0.161285 0.13029 0.111286 0.101642 0.0983531 0.0983138 0.0986852 0.0976125 0.0948938 0.0919846 0.0912254 0.0947883 0.103766 0.11741 0.132563 0.144046 0.147009 0.140134 0.126246 0.109694 0.0937652 0.0800237 0.0688054 0.0598439 0.0527206 0.0471561 0.0431671 0.0410956 0.0415645 0.0454523 0.0539698 0.0688869 0.0929166 0.130198 0.186549 0.268173 0.373976 0.469957 0.476045 0.390004 0.291335 0.214925 0.162118 0.127073 0.104801 0.0924585 0.0889801 0.0944895 0.109809 0.135942 0.173068 0.218095 0.26034 0.280364 0.264226 0.220981 0.171215 0.128087 0.0953035 0.0720338 0.056345 0.0465533 0.0415013 0.0404395 0.0428059 0.0480093 0.0552802 0.0636622 0.0721788 0.0800674 0.0868601 0.0922531 0.0960287 0.0983129 0.100046 0.103237 0.110804 0.126199 0.152961 0.193743 0.247417 0.302828 0.335249 0.326395 0.291524 0.259868 0.2473 0.254137 0.269029 0.274645 0.26181 0.238966 0.221603 0.220137 0.238841 0.278842 0.339648 0.418049 0.504736 0.580728 0.619242 0.601321 0.53709 0.455836 0.377654 0.307851 0.246243 0.193542 0.151597 0.121886 0.105255 0.102702 0.116418 0.150726 0.212659 0.310572 0.442664 0.547703 0.501837 0.372317 0.263549 0.193049 0.153776 0.136642 0.133862 0.138649 0.145064 0.148874 0.148734 0.14626 0.144697 0.147287 0.156166 0.17159 0.191294 0.21087 0.227006 0.242492 0.267011 0.310855 0.373875 0.431365 0.443023 0.412473 0.382977 0.377093 0.387873 0.394905 0.388606 0.381293 0.389024 0.413963 0.441246 0.451311 0.442391 0.428276 0.417974 0.411035 0.403768 0.39723 0.398935 0.410519 0.414219 0.386266 0.332214 0.278032 0.238752 0.215275 0.202763 0.196467 0.194024 0.195159 0.200086 0.208102 0.217138 0.224261 0.226758 0.223284 0.214415 0.202211 0.189075 0.176645 0.165438 0.155294 0.146093 0.138071 0.1316 0.126854 0.123633 0.121361 0.119264 0.116785 0.11408 0.112133 0.112304 0.115791 0.12353 0.13667 0.157386 0.18986 0.241354 0.322856 0.446019 0.598498 0.656448 0.542312 0.417715 0.340558 0.302735 0.286012 0.275448 0.264455 0.253194 0.243748 0.238718 0.242599 0.262002 0.303672 0.369109 0.440853 0.469554 0.423875 0.342782 0.266923 0.207605 0.163218 0.129855 0.104294 0.0843758 0.0687468 0.0565576 0.0472444 0.0403871 0.0356209 0.0325932 0.0309621 0.0304315 0.0308101 0.0320786 0.0344466 0.0383803 0.0445924 0.0539763 0.0674467 0.0856204 0.108309 0.13403 0.160193 0.184628 0.207577 0.231359 0.256472 0.277106 0.282329 0.266307 0.235477 0.201335 0.171493 0.148642 0.132968 0.123882 0.120521 0.121635 0.125424 0.129611 0.131903 0.130695 0.125664 0.117786 0.10873 0.0999878 0.0922567 0.085333 0.0785238 0.0713035 0.0637547 0.056501 0.0503018 0.0457009 0.0429397 0.0420854 0.0432329 0.0466773 0.0530097 0.0631211 0.0780734 0.0987036 0.124704 0.153006 0.176342 0.185172 0.174843 0.150411 0.12164 0.0957855 0.0756984 0.0613261 0.0514153 0.0445207 0.03947 0.0355305 0.032417 0.0302172 0.0292994 0.0302598 0.0339417 0.0415264 0.0546604 0.0755278 0.106638 0.149776 0.203093 0.255922 0.287481 0.283344 0.253856 0.219602 0.191677 0.171128 0.155121 0.141059 0.127803 0.115237 0.103456 0.0922418 0.0810417 0.069387 0.0573414 0.0455272 0.0347522 0.025612 0.0183305 0.0128167 0.00880274 0.0059668 0.00400713 0.00267453 0.0017784 0.00118019 0.000782609 0.000518953 0.000344238 0.000228439 0.000151641 0.000100671 6.68221e-05 4.43371e-05 2.94009e-05 1.94828e-05 1.2901e-05 8.53674e-06 5.64564e-06 3.73222e-06 2.46698e-06 1.63095e-06 1.0788e-06 7.14213e-07 4.7345e-07 3.14375e-07 2.09179e-07 1.39521e-07 9.33158e-08 6.26017e-08 4.21337e-08 2.84546e-08 1.92838e-08 1.31146e-08 8.94972e-09 6.12775e-09 4.20864e-09 2.89884e-09 2.00179e-09 1.38541e-09 9.60618e-10 6.6708e-10 4.63766e-10 3.22668e-10 2.24594e-10 1.56345e-10 
6.3945e-11 9.48603e-11 1.40627e-10 2.0832e-10 3.0834e-10 4.55962e-10 6.73565e-10 9.93886e-10 1.46469e-09 2.15552e-09 3.16733e-09 4.64628e-09 6.80334e-09 9.94195e-09 1.4497e-08 2.10895e-08 3.06024e-08 4.42859e-08 6.39017e-08 9.1921e-08 1.31793e-07 1.88308e-07 2.68085e-07 3.80225e-07 5.37189e-07 7.55955e-07 1.05959e-06 1.47934e-06 2.05748e-06 2.8512e-06 3.93797e-06 5.42306e-06 7.45015e-06 1.02164e-05 1.39938e-05 1.91601e-05 2.62425e-05 3.59796e-05 4.94103e-05 6.79988e-05 9.38146e-05 0.000129791 0.000180102 0.000250735 0.00035035 0.000491638 0.000693453 0.000984214 0.00140732 0.00202973 0.00295532 0.00434544 0.00644967 0.00965074 0.0145276 0.0219396 0.0331317 0.0498488 0.0744299 0.109804 0.159216 0.225263 0.30733 0.396058 0.466609 0.485643 0.443656 0.36653 0.285372 0.217146 0.166661 0.132915 0.113162 0.10472 0.105447 0.113437 0.12631 0.140581 0.15205 0.157839 0.158576 0.157917 0.159463 0.163861 0.168057 0.167296 0.159066 0.145398 0.130965 0.119674 0.113125 0.11094 0.111748 0.114258 0.118304 0.12563 0.140181 0.168024 0.217092 0.295785 0.405515 0.513524 0.532373 0.455436 0.366364 0.296418 0.242596 0.199574 0.166664 0.145108 0.135448 0.137089 0.14878 0.16889 0.194982 0.222469 0.24328 0.247779 0.231944 0.201999 0.168904 0.140851 0.121438 0.111192 0.109008 0.112636 0.118711 0.12323 0.123089 0.117883 0.110137 0.103622 0.101404 0.10484 0.113298 0.124204 0.133638 0.137935 0.135567 0.127579 0.116303 0.103937 0.0919792 0.0812178 0.0718734 0.0638434 0.0570248 0.0515669 0.0479343 0.0468195 0.0490492 0.0556012 0.0677586 0.0873488 0.116901 0.159267 0.215577 0.279547 0.329211 0.33481 0.295249 0.239058 0.188019 0.14864 0.120441 0.101676 0.0912837 0.0892344 0.096478 0.114889 0.147135 0.195914 0.260816 0.329585 0.367982 0.34453 0.278639 0.208967 0.153091 0.112712 0.0846971 0.0657759 0.0536686 0.046997 0.0449269 0.0468366 0.052059 0.0597188 0.068727 0.07797 0.0865633 0.0939088 0.0994943 0.1028 0.103682 0.102991 0.102773 0.105815 0.114941 0.132362 0.158813 0.19187 0.223857 0.243064 0.242855 0.23 0.218497 0.218166 0.229936 0.245793 0.253077 0.245435 0.229734 0.218491 0.220465 0.239219 0.275449 0.328517 0.395943 0.471003 0.539295 0.577847 0.567042 0.512612 0.440063 0.368477 0.30374 0.246212 0.196605 0.156651 0.128006 0.111989 0.110263 0.125935 0.164959 0.238057 0.363444 0.569416 0.858109 0.688901 0.442236 0.289076 0.198592 0.147955 0.122582 0.112942 0.112387 0.116125 0.121086 0.126132 0.132016 0.140868 0.155461 0.178348 0.210465 0.248666 0.283806 0.305834 0.317738 0.339815 0.396694 0.501744 0.6204 0.619834 0.50849 0.415148 0.367993 0.352671 0.349558 0.349542 0.358438 0.38631 0.433775 0.484785 0.517142 0.529672 0.537711 0.547855 0.554924 0.546095 0.518479 0.493664 0.487453 0.481312 0.442138 0.375693 0.314229 0.273959 0.253561 0.245269 0.242181 0.241456 0.243531 0.24919 0.257383 0.26497 0.267963 0.263424 0.250944 0.232795 0.212674 0.193949 0.17852 0.166695 0.15781 0.150937 0.145211 0.139822 0.134077 0.12767 0.120855 0.114309 0.108864 0.105319 0.10435 0.106409 0.111692 0.12034 0.132923 0.151091 0.178173 0.21941 0.280849 0.363677 0.447041 0.473476 0.419854 0.342799 0.283861 0.249051 0.231224 0.222152 0.216757 0.213187 0.211315 0.212069 0.217616 0.231045 0.254745 0.286874 0.316519 0.325074 0.302808 0.260185 0.213658 0.172487 0.139139 0.113039 0.0927582 0.0768972 0.064371 0.0544531 0.0466994 0.0408272 0.0366055 0.0337944 0.0321397 0.0314082 0.0314422 0.0322113 0.0338471 0.0366492 0.0410588 0.0475986 0.0567696 0.0688986 0.0839643 0.101538 0.121063 0.14253 0.166949 0.195488 0.226603 0.252654 0.261445 0.246817 0.216005 0.181562 0.151677 0.129073 0.113616 0.104268 0.0998169 0.098963 0.100252 0.102113 0.103073 0.102111 0.0989347 0.0939961 0.0881843 0.0823465 0.076899 0.0717279 0.0664286 0.0607197 0.0547295 0.048961 0.0440346 0.040456 0.0385612 0.0386158 0.0409784 0.0462611 0.0554669 0.0700991 0.0921989 0.1241 0.167296 0.219182 0.267117 0.287415 0.265893 0.217438 0.166056 0.124344 0.0945811 0.0747219 0.0617618 0.0530206 0.046556 0.0412526 0.03674 0.0332019 0.0311673 0.0313853 0.0348327 0.0428451 0.0573239 0.0809356 0.117075 0.168944 0.236056 0.305673 0.345478 0.329424 0.276509 0.220448 0.176292 0.14493 0.12279 0.106308 0.0931293 0.0819742 0.0721653 0.0632361 0.0547835 0.0465346 0.038463 0.0307888 0.0238406 0.0178891 0.0130542 0.00930429 0.00650552 0.0044803 0.00305006 0.00205873 0.00138121 0.00092288 0.00061504 0.000409259 0.000272103 0.000180836 0.000120151 7.98118e-05 5.29999e-05 3.51801e-05 2.33388e-05 1.54732e-05 1.02512e-05 6.78686e-06 4.49042e-06 2.96951e-06 1.96309e-06 1.29764e-06 8.57917e-07 5.67482e-07 3.75682e-07 2.49003e-07 1.65295e-07 1.09937e-07 7.32825e-08 4.89739e-08 3.28213e-08 2.20631e-08 1.48789e-08 1.00671e-08 6.83424e-09 4.65484e-09 3.18057e-09 2.1798e-09 1.49811e-09 1.03221e-09 7.12795e-10 4.93157e-10 3.41729e-10 2.37084e-10 1.64626e-10 1.14372e-10 
4.91631e-11 7.29189e-11 1.08071e-10 1.60035e-10 2.36763e-10 3.49914e-10 5.1655e-10 7.61576e-10 1.12127e-09 1.64833e-09 2.4191e-09 3.54382e-09 5.18122e-09 7.55895e-09 1.10024e-08 1.59748e-08 2.31327e-08 3.3403e-08 4.80877e-08 6.9008e-08 9.86983e-08 1.4067e-07 1.99763e-07 2.82625e-07 3.98344e-07 5.59306e-07 7.8235e-07 1.09034e-06 1.51431e-06 2.09644e-06 2.89425e-06 3.98649e-06 5.48163e-06 7.53e-06 1.03415e-05 1.42113e-05 1.95572e-05 2.69745e-05 3.73164e-05 5.18134e-05 7.22512e-05 0.000101241 0.000142632 0.000202163 0.000288474 0.000414743 0.000601278 0.000879701 0.00129961 0.00193917 0.00292173 0.00444159 0.00680331 0.0104805 0.0162014 0.0250694 0.0387242 0.0595429 0.09086 0.137152 0.204056 0.297884 0.423384 0.575264 0.713705 0.748329 0.648854 0.498563 0.363321 0.262636 0.19491 0.153178 0.130957 0.123779 0.12905 0.145087 0.169391 0.196492 0.217516 0.22509 0.220836 0.21457 0.215467 0.225432 0.237383 0.238874 0.222641 0.193931 0.163768 0.139595 0.123513 0.114562 0.110909 0.111163 0.115183 0.124641 0.143458 0.178288 0.239264 0.340637 0.497368 0.688984 0.722643 0.581878 0.462662 0.380537 0.312982 0.250882 0.198449 0.160823 0.139119 0.131641 0.135608 0.147782 0.164306 0.180397 0.190659 0.190741 0.179845 0.161608 0.1419 0.125868 0.116724 0.115994 0.123847 0.138688 0.156153 0.169045 0.170582 0.159764 0.142295 0.125647 0.114727 0.111144 0.114125 0.121418 0.130007 0.136941 0.14013 0.138629 0.132523 0.122818 0.111186 0.0993056 0.0882164 0.0782503 0.0694672 0.0621148 0.0567673 0.0541784 0.0550868 0.0601475 0.0700096 0.0854634 0.107478 0.136767 0.172338 0.208909 0.235523 0.240997 0.224505 0.195928 0.165624 0.138987 0.117752 0.102383 0.0933505 0.0916258 0.0989346 0.118004 0.152737 0.20778 0.285455 0.374467 0.429372 0.400071 0.3174 0.23559 0.173018 0.128661 0.097633 0.0760329 0.0615387 0.052889 0.0493266 0.0502312 0.054893 0.0623874 0.0715896 0.0813598 0.0907635 0.0990629 0.105451 0.108977 0.1091 0.106504 0.103257 0.102085 0.105391 0.114588 0.129595 0.148264 0.166145 0.177994 0.181481 0.179745 0.179197 0.184814 0.19694 0.210673 0.2188 0.218217 0.21352 0.212843 0.222107 0.243607 0.277626 0.323852 0.380795 0.443163 0.498776 0.529112 0.519737 0.474926 0.4135 0.35109 0.293759 0.242478 0.197764 0.160951 0.133744 0.117903 0.115554 0.130019 0.167061 0.236534 0.353948 0.537058 0.737906 0.630759 0.421362 0.277264 0.188594 0.137011 0.109399 0.097088 0.094316 0.0972564 0.10361 0.112508 0.124481 0.141363 0.166156 0.202607 0.253635 0.316648 0.375374 0.403275 0.399734 0.40351 0.457134 0.592278 0.808486 0.790364 0.566262 0.420009 0.34349 0.309925 0.299508 0.30316 0.322078 0.361237 0.420169 0.486828 0.545632 0.596442 0.64675 0.694755 0.734273 0.731257 0.658164 0.575069 0.525955 0.494912 0.449024 0.388403 0.337407 0.309237 0.30123 0.30337 0.306774 0.309007 0.312592 0.319622 0.328498 0.334229 0.331144 0.316212 0.290798 0.259783 0.229005 0.202915 0.183621 0.171182 0.164394 0.161418 0.160006 0.157694 0.152449 0.143621 0.13232 0.120776 0.111245 0.105284 0.103596 0.106187 0.112615 0.122301 0.134924 0.150891 0.171736 0.200031 0.237894 0.282729 0.321027 0.331116 0.306467 0.265753 0.229216 0.204583 0.190877 0.184466 0.182288 0.182645 0.184828 0.188675 0.194414 0.202576 0.213487 0.22582 0.234991 0.234406 0.220645 0.196716 0.168901 0.142251 0.11922 0.100346 0.0851864 0.0729876 0.0630617 0.0549476 0.0483983 0.0432784 0.0394589 0.03677 0.0350154 0.03402 0.0336753 0.0339674 0.0349838 0.0369012 0.0399607 0.0444339 0.0505831 0.0586211 0.0686939 0.0809382 0.0956633 0.113575 0.135691 0.162392 0.191306 0.215209 0.223935 0.212617 0.18702 0.157526 0.131423 0.111448 0.0976393 0.0890235 0.0843988 0.0825639 0.0823495 0.0826529 0.0825359 0.08137 0.0789488 0.0754806 0.071428 0.0672532 0.0631975 0.0592169 0.0551142 0.0507744 0.0463318 0.0421574 0.0387171 0.0364443 0.0357202 0.0369582 0.040742 0.0479845 0.0601163 0.0793342 0.108927 0.153556 0.218831 0.307642 0.405645 0.454897 0.403958 0.305725 0.21847 0.156458 0.116343 0.0916647 0.0766399 0.0668367 0.0592574 0.05233 0.0457237 0.0399384 0.0358506 0.0344413 0.0367817 0.0442129 0.0586192 0.082691 0.119959 0.173949 0.244619 0.318816 0.360369 0.338755 0.276424 0.211739 0.160889 0.124775 0.0997687 0.0821215 0.0690989 0.0589637 0.0506645 0.043546 0.0371777 0.0312983 0.0258091 0.0207479 0.016224 0.012342 0.00915089 0.00663197 0.00471358 0.00329629 0.00227518 0.00155427 0.00105343 0.000709771 0.000476185 0.000318511 0.000212605 0.000141711 9.43615e-05 6.27845e-05 4.17465e-05 2.774e-05 1.84205e-05 1.22232e-05 8.10489e-06 5.37018e-06 3.55571e-06 2.35287e-06 1.55617e-06 1.02893e-06 6.80258e-07 4.49816e-07 2.97573e-07 1.97008e-07 1.30572e-07 8.66629e-08 5.76209e-08 3.83908e-08 2.56391e-08 1.7168e-08 1.15284e-08 7.76478e-09 5.24616e-09 3.55572e-09 2.41758e-09 1.64879e-09 1.12776e-09 7.73497e-10 5.31841e-10 3.66495e-10 2.53038e-10 1.74983e-10 1.21159e-10 8.39694e-11 
3.77566e-11 5.59819e-11 8.29338e-11 1.22745e-10 1.81478e-10 2.68005e-10 3.95286e-10 5.82206e-10 8.56211e-10 1.25708e-09 1.84232e-09 2.69474e-09 3.93325e-09 5.72798e-09 8.32134e-09 1.20575e-08 1.74228e-08 2.51019e-08 3.60541e-08 5.16177e-08 7.3651e-08 1.04724e-07 1.48375e-07 2.0946e-07 2.94622e-07 4.12927e-07 5.76733e-07 8.02887e-07 1.11439e-06 1.54274e-06 2.13128e-06 2.93997e-06 4.05245e-06 5.58625e-06 7.70799e-06 1.0656e-05 1.47739e-05 2.05616e-05 2.87526e-05 4.04315e-05 5.72173e-05 8.1549e-05 0.000117137 0.000169685 0.000248042 0.000366071 0.000545657 0.000821558 0.0012492 0.00191715 0.00296688 0.00462385 0.0072459 0.0113974 0.0179607 0.0283003 0.0444939 0.0696424 0.108247 0.166607 0.25315 0.378675 0.556499 0.799623 1.08659 1.17479 0.929411 0.65483 0.447702 0.309816 0.224124 0.174725 0.150651 0.145675 0.157284 0.18517 0.228404 0.279957 0.320896 0.329627 0.309672 0.287824 0.285311 0.306607 0.3378 0.348125 0.316877 0.260446 0.205673 0.16472 0.138294 0.123215 0.116143 0.114848 0.118661 0.128782 0.148654 0.18449 0.245987 0.346646 0.499246 0.679442 0.724623 0.62356 0.538912 0.477626 0.403816 0.316118 0.237519 0.180929 0.146897 0.131291 0.129217 0.135869 0.146368 0.155822 0.160171 0.157416 0.148313 0.135875 0.124034 0.116452 0.11613 0.125546 0.146541 0.178975 0.217421 0.247756 0.252632 0.229172 0.192658 0.159221 0.136258 0.124646 0.122596 0.127655 0.137312 0.148943 0.159493 0.16545 0.163931 0.154589 0.140052 0.123947 0.108746 0.0953044 0.0836991 0.0741206 0.0671615 0.0635951 0.064043 0.0687847 0.077746 0.0906246 0.107056 0.126569 0.147996 0.168488 0.183377 0.188381 0.182772 0.169636 0.15308 0.136142 0.120694 0.108085 0.0996273 0.0969452 0.102281 0.118764 0.150514 0.202068 0.275187 0.358299 0.40998 0.387171 0.315413 0.24209 0.18448 0.141981 0.110446 0.0869259 0.0700034 0.0590206 0.0534908 0.0528458 0.0563466 0.0630526 0.0718723 0.0817209 0.091665 0.100837 0.108145 0.112251 0.112258 0.108648 0.10342 0.0991876 0.0980919 0.101198 0.108318 0.118017 0.127922 0.13569 0.140466 0.143652 0.14798 0.155567 0.166359 0.177945 0.187318 0.193904 0.200859 0.21271 0.232039 0.258632 0.291473 0.330869 0.377413 0.427747 0.471088 0.491895 0.480449 0.441506 0.389244 0.335685 0.286085 0.241332 0.201452 0.167326 0.140759 0.123957 0.11926 0.129476 0.158539 0.211795 0.293819 0.396795 0.468805 0.433656 0.33045 0.233743 0.164845 0.121281 0.0964753 0.0847281 0.0818926 0.0851813 0.0929512 0.10462 0.120708 0.143012 0.174904 0.221485 0.288461 0.376346 0.463538 0.496732 0.465562 0.435856 0.459802 0.55663 0.692065 0.673517 0.510932 0.380599 0.304145 0.266657 0.254152 0.259372 0.281482 0.32247 0.382064 0.455081 0.53663 0.628452 0.726049 0.81439 0.900274 0.924471 0.779194 0.62183 0.525256 0.468456 0.421859 0.378639 0.349723 0.342919 0.354779 0.373499 0.388005 0.396625 0.404675 0.415737 0.427084 0.430547 0.417773 0.3865 0.342073 0.293627 0.249483 0.214768 0.191323 0.178688 0.175057 0.17764 0.182582 0.185213 0.181481 0.170083 0.153273 0.135359 0.12038 0.11081 0.107522 0.110298 0.1183 0.130324 0.144919 0.160617 0.176508 0.192859 0.21052 0.228432 0.241268 0.241799 0.228318 0.207407 0.187619 0.173583 0.165683 0.162327 0.16189 0.163456 0.166592 0.170793 0.175206 0.17894 0.181543 0.182764 0.181655 0.176521 0.166342 0.15196 0.13557 0.119364 0.104709 0.0920857 0.08139 0.0722927 0.0645004 0.0578665 0.0523586 0.0479545 0.0445599 0.0420081 0.040124 0.0387957 0.0380027 0.0377972 0.0382653 0.0394961 0.0415698 0.0445633 0.0485693 0.0537241 0.0602487 0.0685102 0.0790891 0.0927688 0.110252 0.131347 0.153633 0.171582 0.178385 0.170974 0.152938 0.131214 0.11129 0.095669 0.0847035 0.0777268 0.0737413 0.0717238 0.0707488 0.0700495 0.0690591 0.0674438 0.0651138 0.0621922 0.058928 0.0555709 0.0522639 0.0490126 0.0457541 0.042478 0.0393144 0.0365311 0.0344708 0.0334988 0.0340174 0.0365439 0.0418313 0.0510219 0.0658683 0.0890944 0.125005 0.180464 0.266232 0.397486 0.583409 0.722459 0.580042 0.394052 0.265567 0.185521 0.138197 0.111549 0.0968124 0.087551 0.0794271 0.0703847 0.0604653 0.0509638 0.0434515 0.0392536 0.0394555 0.04519 0.0579751 0.0799514 0.1138 0.16175 0.222242 0.282651 0.314705 0.296966 0.244982 0.187984 0.140913 0.106247 0.0817886 0.0646035 0.0522838 0.0431365 0.0360486 0.0303031 0.0254413 0.0211825 0.0173795 0.0139827 0.0109991 0.00845056 0.00634484 0.0046632 0.00336255 0.00238499 0.00166821 0.00115351 0.000790226 0.000537385 0.00036336 0.000244621 0.000164143 0.00010987 7.3406e-05 4.89727e-05 3.26337e-05 2.17239e-05 1.44478e-05 9.60022e-06 6.37359e-06 4.22787e-06 2.80229e-06 1.85605e-06 1.22855e-06 8.12804e-07 5.3758e-07 3.55514e-07 2.35142e-07 1.55589e-07 1.03022e-07 6.8283e-08 4.53174e-08 3.01244e-08 2.00634e-08 1.33919e-08 8.96075e-09 6.01172e-09 4.04464e-09 2.72922e-09 1.84713e-09 1.25389e-09 8.53685e-10 5.82857e-10 3.99006e-10 2.73815e-10 1.88317e-10 1.29764e-10 8.95614e-11 6.18952e-11 
2.89581e-11 4.2915e-11 6.35381e-11 9.39727e-11 1.38825e-10 2.04824e-10 3.01782e-10 4.43963e-10 6.52058e-10 9.55984e-10 1.39887e-09 2.0427e-09 2.97621e-09 4.32602e-09 6.27209e-09 9.06919e-09 1.30765e-08 1.87984e-08 2.69398e-08 3.84826e-08 5.47881e-08 7.77374e-08 1.0992e-07 1.54894e-07 2.17534e-07 3.04515e-07 4.24982e-07 5.91483e-07 8.21291e-07 1.1383e-06 1.5758e-06 2.18047e-06 3.01844e-06 4.18424e-06 5.81437e-06 8.10792e-06 1.13582e-05 1.60013e-05 2.26923e-05 3.24242e-05 4.67164e-05 6.79154e-05 9.9678e-05 0.00014775 0.000221232 0.000334625 0.000511165 0.000788209 0.00122596 0.00192151 0.00303134 0.0048072 0.00765282 0.0122129 0.0195109 0.0311578 0.0496611 0.0788573 0.124467 0.194675 0.300468 0.455352 0.67537 0.984146 1.41499 1.61999 1.17426 0.774185 0.508559 0.344485 0.247656 0.194507 0.170742 0.169161 0.188148 0.230444 0.300606 0.396183 0.482963 0.490427 0.426575 0.369479 0.357767 0.397124 0.468343 0.504034 0.441792 0.336892 0.249016 0.190031 0.154626 0.135505 0.127015 0.125539 0.129395 0.138909 0.156643 0.187527 0.238649 0.317663 0.425622 0.53607 0.58929 0.587372 0.589905 0.585356 0.508678 0.383716 0.274144 0.199065 0.154592 0.132739 0.126324 0.129249 0.135955 0.141464 0.142332 0.137674 0.129103 0.119636 0.112567 0.111024 0.118202 0.137879 0.174584 0.23218 0.307675 0.376199 0.388523 0.334645 0.261753 0.203086 0.165496 0.14586 0.139794 0.144146 0.15693 0.176025 0.197264 0.213273 0.216025 0.203145 0.180158 0.154939 0.132305 0.113517 0.0982835 0.0864264 0.0783824 0.0748868 0.0764596 0.0830156 0.0936617 0.106775 0.120506 0.133521 0.145256 0.155311 0.162749 0.166338 0.165461 0.160493 0.15241 0.142345 0.131459 0.120955 0.112212 0.107084 0.108146 0.118661 0.142243 0.181849 0.236752 0.295747 0.332086 0.323142 0.280781 0.231595 0.188582 0.15294 0.123009 0.0981732 0.0787927 0.0652353 0.0574204 0.0548482 0.0567438 0.0621587 0.0700591 0.0794403 0.0893865 0.0989364 0.106825 0.111533 0.111989 0.108471 0.102713 0.0970389 0.0933389 0.0925756 0.0947632 0.0991658 0.104639 0.11015 0.115325 0.120636 0.126985 0.134998 0.14457 0.155081 0.166361 0.179813 0.198368 0.224481 0.257295 0.291949 0.323761 0.35399 0.388158 0.427223 0.461643 0.475764 0.461317 0.424447 0.377774 0.330791 0.287363 0.247643 0.210916 0.177703 0.150137 0.130967 0.122598 0.126936 0.145659 0.17986 0.227581 0.277772 0.305593 0.289312 0.239178 0.182608 0.136177 0.103953 0.084532 0.0752277 0.073597 0.077838 0.0868471 0.100241 0.118478 0.143168 0.177591 0.227115 0.298368 0.393359 0.48951 0.521739 0.473493 0.419995 0.409478 0.444292 0.486546 0.469796 0.392598 0.312324 0.256708 0.22674 0.216875 0.22309 0.244472 0.281974 0.336368 0.407766 0.497872 0.608521 0.726763 0.826336 0.912833 0.932404 0.778264 0.608031 0.49705 0.431952 0.391285 0.366256 0.359471 0.37454 0.407928 0.447306 0.479792 0.503051 0.522905 0.543529 0.561127 0.562368 0.533763 0.475961 0.403327 0.331872 0.27199 0.228124 0.200807 0.188563 0.188889 0.198153 0.21089 0.219798 0.218087 0.203471 0.179801 0.154167 0.132765 0.119048 0.114102 0.117679 0.128876 0.146168 0.166852 0.186627 0.200711 0.206832 0.206807 0.203918 0.199351 0.192202 0.182335 0.171886 0.163685 0.159055 0.157298 0.156809 0.156512 0.156438 0.157115 0.158538 0.159711 0.159245 0.156457 0.151724 0.145753 0.138842 0.130982 0.122349 0.113418 0.1047 0.096481 0.0887968 0.081582 0.0748286 0.0686539 0.0632561 0.0587965 0.0552802 0.052524 0.0502495 0.048247 0.0464889 0.0451166 0.0443293 0.0442636 0.0449384 0.046274 0.0481585 0.050529 0.0534426 0.057131 0.0620263 0.0687392 0.0779347 0.0900157 0.104546 0.119557 0.131391 0.136057 0.131836 0.12066 0.106571 0.0931828 0.082472 0.0749313 0.0701659 0.0673938 0.065765 0.0645503 0.0632371 0.0615439 0.05938 0.0567862 0.0538811 0.0508138 0.0477203 0.0446901 0.0417631 0.0389628 0.0363496 0.0340576 0.0322962 0.0313321 0.0314875 0.033178 0.0369887 0.0437746 0.0547928 0.0719077 0.0979561 0.137407 0.197536 0.290429 0.436016 0.663575 0.910987 0.657766 0.429668 0.28802 0.204164 0.157547 0.134232 0.123825 0.117855 0.110092 0.0979253 0.0825228 0.0669613 0.0540924 0.0456866 0.0426733 0.0457102 0.0556335 0.073637 0.10103 0.138192 0.182068 0.222489 0.242507 0.231181 0.19625 0.154514 0.117234 0.0880637 0.0666121 0.0512138 0.0401667 0.0321144 0.0260811 0.0213989 0.0176246 0.0144752 0.0117819 0.00945552 0.00745574 0.00576495 0.00436908 0.00324752 0.00237074 0.00170284 0.00120585 0.000843587 0.000584144 0.000401086 0.000273505 0.00018548 0.000125234 8.42652e-05 5.6544e-05 3.78599e-05 2.53047e-05 1.68879e-05 1.12561e-05 7.49365e-06 4.98347e-06 3.3108e-06 2.19748e-06 1.45728e-06 9.65665e-07 6.39478e-07 4.23258e-07 2.80052e-07 1.85275e-07 1.22585e-07 8.11354e-08 5.37344e-08 3.56194e-08 2.36396e-08 1.57123e-08 1.04618e-08 6.97998e-09 4.66756e-09 3.12898e-09 2.10313e-09 1.41753e-09 9.58141e-10 6.49479e-10 4.41491e-10 3.00925e-10 2.05643e-10 1.40865e-10 9.67015e-11 6.65107e-11 4.58204e-11 
2.21757e-11 3.28423e-11 4.85879e-11 7.17993e-11 1.05965e-10 1.56171e-10 2.2982e-10 3.37649e-10 4.95198e-10 7.24882e-10 1.05894e-09 1.54358e-09 2.24479e-09 3.25651e-09 4.71191e-09 6.79906e-09 9.78256e-09 1.40332e-08 2.00686e-08 2.86086e-08 4.06513e-08 5.75758e-08 8.1284e-08 1.14394e-07 1.60508e-07 2.24587e-07 3.13473e-07 4.36643e-07 6.07287e-07 8.43893e-07 1.17259e-06 1.63064e-06 2.27178e-06 3.17429e-06 4.45345e-06 6.28088e-06 8.91473e-06 1.27471e-05 1.83795e-05 2.67424e-05 3.92883e-05 5.8302e-05 8.74045e-05 0.000132371 0.000202462 0.000312595 0.000486878 0.000764361 0.00120837 0.00192163 0.0030707 0.00492531 0.0079214 0.0127617 0.0205745 0.0331624 0.0533822 0.0857052 0.13698 0.21728 0.340191 0.520428 0.764522 1.05916 1.37802 1.55246 1.18105 0.78398 0.518908 0.35603 0.261444 0.211319 0.191093 0.193726 0.218852 0.272826 0.369015 0.524616 0.721126 0.719663 0.546588 0.434902 0.408285 0.462257 0.582332 0.664965 0.552167 0.392489 0.27809 0.208051 0.16907 0.150183 0.143743 0.144562 0.149456 0.15751 0.170395 0.19198 0.227084 0.279208 0.346198 0.41537 0.471773 0.524017 0.594824 0.64829 0.571488 0.418329 0.291083 0.207262 0.158196 0.133363 0.124386 0.124655 0.12852 0.13124 0.12987 0.124113 0.115976 0.108493 0.104717 0.107627 0.120765 0.149255 0.200892 0.286628 0.416583 0.569825 0.602674 0.470099 0.337664 0.250021 0.19954 0.174173 0.165705 0.170406 0.187588 0.21676 0.253389 0.284541 0.292124 0.269752 0.230297 0.189933 0.156424 0.130701 0.111433 0.0976853 0.0895624 0.087767 0.0928769 0.104631 0.121247 0.13913 0.15386 0.162642 0.166037 0.166788 0.167224 0.168003 0.168517 0.167783 0.1651 0.160274 0.153421 0.144729 0.134778 0.125295 0.11938 0.120785 0.13281 0.157077 0.191608 0.228151 0.252644 0.254937 0.238707 0.214602 0.188709 0.16191 0.134634 0.108936 0.0873089 0.071285 0.061206 0.0566329 0.0567568 0.0606273 0.067266 0.0757361 0.0851409 0.094486 0.102498 0.107718 0.109101 0.106717 0.101842 0.0962894 0.0916277 0.0888002 0.0881275 0.0894748 0.0924721 0.0967492 0.102102 0.10848 0.115819 0.123955 0.132848 0.143117 0.1566 0.17657 0.207005 0.250192 0.302347 0.350414 0.380248 0.394445 0.409526 0.43457 0.461584 0.472932 0.458949 0.425467 0.383501 0.340688 0.300357 0.262571 0.226181 0.191535 0.161292 0.138806 0.126425 0.125101 0.13467 0.153752 0.178618 0.201496 0.211376 0.200957 0.173812 0.140738 0.110944 0.0887479 0.0749333 0.0687041 0.0688647 0.0743341 0.0843359 0.0985007 0.117035 0.141057 0.173073 0.217194 0.277857 0.354017 0.424993 0.446638 0.409267 0.360203 0.334433 0.333924 0.338619 0.324007 0.286957 0.244898 0.212521 0.194356 0.18969 0.197163 0.216557 0.248757 0.295218 0.357972 0.439592 0.539043 0.641395 0.72173 0.769486 0.758193 0.663433 0.546302 0.457948 0.403984 0.37539 0.365658 0.374496 0.404429 0.454501 0.516149 0.577543 0.63122 0.674659 0.711217 0.741167 0.742871 0.688088 0.585705 0.471445 0.370994 0.294032 0.241521 0.211106 0.199631 0.203773 0.219289 0.239456 0.254471 0.25455 0.236255 0.205315 0.171912 0.144388 0.127053 0.121249 0.127028 0.144087 0.17146 0.20567 0.238088 0.255883 0.251521 0.230892 0.206115 0.185051 0.169914 0.160596 0.156898 0.158449 0.163607 0.169086 0.171342 0.168921 0.163294 0.157135 0.152001 0.147546 0.142436 0.135859 0.128216 0.120605 0.113931 0.108555 0.104401 0.101129 0.098197 0.0949735 0.0909776 0.0861327 0.0808184 0.0756784 0.0713247 0.0680803 0.0658448 0.0641497 0.0624211 0.0603276 0.0579747 0.0558023 0.0542848 0.0536675 0.0538834 0.0546426 0.0556043 0.0565406 0.05744 0.0585433 0.0603176 0.063366 0.0682559 0.075244 0.0839186 0.0929071 0.0999939 0.10297 0.1009 0.0947417 0.0866788 0.0788845 0.0727193 0.0686036 0.0662555 0.0650131 0.0641338 0.063027 0.0613794 0.0591471 0.056453 0.0534652 0.0503226 0.0471182 0.0439165 0.0407772 0.0377725 0.0349982 0.0325816 0.0306841 0.0295013 0.0292703 0.0302981 0.0330153 0.0380461 0.0462827 0.0589719 0.0778473 0.105367 0.145124 0.202448 0.284906 0.400586 0.542548 0.624759 0.534474 0.389803 0.278973 0.209748 0.173389 0.160002 0.159544 0.161099 0.155002 0.137704 0.113144 0.0880833 0.067443 0.0533453 0.0462017 0.0458704 0.0522862 0.0655934 0.0858261 0.112048 0.140923 0.165513 0.17686 0.169941 0.148262 0.120364 0.0934264 0.0709052 0.0534888 0.0405607 0.031131 0.0242584 0.0191882 0.0153634 0.0123937 0.0100171 0.00806514 0.00643576 0.00506968 0.00393198 0.00299858 0.00224794 0.00165756 0.00120353 0.00086174 0.000609423 0.000426373 0.000295573 0.000203318 0.000138958 9.44671e-05 6.39422e-05 4.31272e-05 2.90034e-05 1.94582e-05 1.30281e-05 8.70776e-06 5.81132e-06 3.87305e-06 2.57808e-06 1.71415e-06 1.13855e-06 7.55527e-07 5.00946e-07 3.31919e-07 2.19805e-07 1.45508e-07 9.63077e-08 6.37467e-08 4.22067e-08 2.79603e-08 1.85376e-08 1.23038e-08 8.17739e-09 5.44373e-09 3.63075e-09 2.42668e-09 1.62567e-09 1.09177e-09 7.35121e-10 4.96308e-10 3.35985e-10 2.28063e-10 1.55211e-10 1.05893e-10 7.24144e-11 4.96252e-11 3.40722e-11 
1.69524e-11 2.50863e-11 3.70798e-11 5.47378e-11 8.06937e-11 1.1878e-10 1.74561e-10 2.56092e-10 3.75002e-10 5.48029e-10 7.99188e-10 1.16282e-09 1.68785e-09 2.44376e-09 3.52886e-09 5.08171e-09 7.29696e-09 1.0447e-08 1.49119e-08 2.12202e-08 3.01051e-08 4.25819e-08 6.00546e-08 8.44647e-08 1.185e-07 1.65889e-07 2.31829e-07 3.23597e-07 4.51464e-07 6.30047e-07 8.80352e-07 1.23289e-06 1.73249e-06 2.4457e-06 3.47247e-06 4.96445e-06 7.15403e-06 1.04006e-05 1.52647e-05 2.26275e-05 3.38838e-05 5.12558e-05 7.83033e-05 0.000120755 0.000187864 0.000294623 0.000465372 0.000739674 0.00118189 0.0018967 0.00305434 0.00493137 0.00797657 0.012917 0.0209281 0.0339043 0.0548852 0.088713 0.143004 0.229438 0.364908 0.569768 0.849052 1.11418 1.22327 1.18469 0.959038 0.687023 0.479502 0.345189 0.266886 0.227303 0.214224 0.221282 0.248513 0.303531 0.403255 0.575396 0.842783 0.828359 0.582697 0.448339 0.411388 0.457225 0.565463 0.636338 0.534949 0.386383 0.278204 0.213081 0.179516 0.167197 0.168075 0.175328 0.183326 0.189242 0.194429 0.203293 0.220488 0.248543 0.286523 0.330648 0.379471 0.439761 0.515542 0.565942 0.510249 0.386734 0.276697 0.201413 0.156231 0.132512 0.122746 0.120913 0.122028 0.122141 0.119029 0.112793 0.105463 0.0998551 0.09875 0.104943 0.122026 0.155664 0.215368 0.316918 0.485259 0.749393 0.835747 0.565051 0.388176 0.287689 0.234507 0.208905 0.200002 0.20471 0.22513 0.2642 0.319104 0.371135 0.384908 0.346071 0.282627 0.223215 0.177429 0.144533 0.121608 0.10681 0.0999169 0.101792 0.113523 0.135315 0.1648 0.195229 0.216453 0.221732 0.214116 0.202589 0.194026 0.190483 0.190729 0.19246 0.193843 0.193896 0.191619 0.185152 0.172917 0.156158 0.139491 0.128457 0.126947 0.136106 0.153947 0.175215 0.19287 0.202071 0.202865 0.197407 0.18592 0.167448 0.143321 0.117643 0.0946742 0.0769087 0.0650484 0.0587458 0.0572173 0.059552 0.0648344 0.0721858 0.0807419 0.0895514 0.0974745 0.103278 0.106039 0.105601 0.102653 0.0983567 0.0938892 0.0901902 0.0879065 0.0874199 0.0889058 0.092395 0.0977776 0.104719 0.112609 0.120804 0.1293 0.139543 0.154871 0.18038 0.222077 0.284336 0.362868 0.432958 0.458872 0.445289 0.431321 0.437217 0.456281 0.469923 0.465784 0.44399 0.409236 0.367248 0.324193 0.28304 0.243319 0.205216 0.171597 0.14606 0.13066 0.125454 0.128997 0.138706 0.150762 0.160095 0.161525 0.152425 0.134658 0.113278 0.0933753 0.078163 0.0689104 0.0656561 0.0678648 0.0748107 0.0857614 0.100109 0.117575 0.138549 0.164443 0.197577 0.239642 0.287427 0.326892 0.337292 0.315349 0.282292 0.257932 0.246406 0.240176 0.229754 0.212696 0.194043 0.179806 0.172986 0.174163 0.18333 0.200911 0.227878 0.265642 0.316033 0.38043 0.456238 0.532062 0.590777 0.619473 0.607465 0.5546 0.486172 0.429855 0.39634 0.383659 0.38633 0.402463 0.436463 0.494763 0.579565 0.686332 0.796371 0.875411 0.924581 0.974513 0.993103 0.892277 0.710111 0.537775 0.405174 0.312665 0.253746 0.221656 0.210968 0.217378 0.236272 0.260399 0.278572 0.279038 0.25756 0.221271 0.182545 0.151137 0.131939 0.126703 0.136302 0.162066 0.205501 0.264949 0.327034 0.359865 0.339159 0.28466 0.229584 0.189099 0.165135 0.155724 0.15875 0.171869 0.190675 0.207364 0.213191 0.20491 0.187406 0.168273 0.152049 0.139318 0.128698 0.118963 0.110009 0.102577 0.0974896 0.0951273 0.0952678 0.0970773 0.0992047 0.100134 0.0988243 0.0952555 0.0904077 0.0856835 0.0822344 0.0805228 0.0801794 0.0801815 0.0793846 0.0772086 0.0739928 0.0707099 0.0683037 0.0671781 0.0671009 0.0674439 0.0675449 0.0669975 0.0657751 0.0642046 0.0628557 0.0623865 0.0633562 0.0660096 0.0700753 0.0746771 0.078507 0.0803282 0.0795972 0.0767549 0.0729459 0.069415 0.0670071 0.0659632 0.0659708 0.0663697 0.0664381 0.065666 0.0639036 0.0613219 0.0582358 0.0549172 0.0515014 0.0480091 0.044431 0.0408095 0.0372708 0.0340092 0.0312494 0.0292166 0.0281323 0.0282385 0.0298475 0.0334066 0.0395584 0.0491818 0.0634137 0.0836672 0.111674 0.149531 0.199586 0.263551 0.33902 0.409954 0.438118 0.398102 0.32193 0.252008 0.20598 0.186001 0.188162 0.203982 0.218902 0.216241 0.190332 0.151292 0.112696 0.0820651 0.0612549 0.0495507 0.0456775 0.0485724 0.0574449 0.0714327 0.0889905 0.107217 0.121702 0.127795 0.123197 0.10958 0.091257 0.072468 0.0558318 0.0423381 0.0319589 0.0242141 0.0185148 0.0143242 0.0112119 0.00885732 0.00703403 0.00558863 0.00442118 0.0034683 0.00268961 0.0020577 0.00155156 0.00115286 0.00084453 0.000610474 0.000435945 0.000307938 0.000215439 0.000149475 0.000102971 7.05053e-05 4.80298e-05 3.25789e-05 2.20191e-05 1.48372e-05 9.97212e-06 6.6876e-06 4.47634e-06 2.99119e-06 1.99577e-06 1.32979e-06 8.8495e-07 5.88258e-07 3.90645e-07 2.59189e-07 1.71843e-07 1.13867e-07 7.54198e-08 4.99438e-08 3.30734e-08 2.19065e-08 1.45169e-08 9.62695e-09 6.39043e-09 4.24727e-09 2.82709e-09 1.88505e-09 1.25939e-09 8.43199e-10 5.6586e-10 3.80672e-10 2.56739e-10 1.73599e-10 1.17683e-10 7.99767e-11 5.44824e-11 3.71987e-11 2.54507e-11 
1.29348e-11 1.91228e-11 2.82356e-11 4.1634e-11 6.12993e-11 9.01097e-11 1.32234e-10 1.93696e-10 2.83171e-10 4.13118e-10 6.01372e-10 8.73382e-10 1.26534e-09 1.82853e-09 2.63541e-09 3.78797e-09 5.42935e-09 7.75981e-09 1.10588e-08 1.57156e-08 2.22711e-08 3.14774e-08 4.4379e-08 6.24303e-08 8.76609e-08 1.22916e-07 1.72207e-07 2.41232e-07 3.38156e-07 4.74796e-07 6.68438e-07 9.4465e-07 1.34167e-06 1.91733e-06 2.75994e-06 4.00572e-06 5.86659e-06 8.67484e-06 1.29552e-05 1.95417e-05 2.97668e-05 4.57698e-05 7.09987e-05 0.000111028 0.000174895 0.000277269 0.000441998 0.000707871 0.00113798 0.00183492 0.00296544 0.00480027 0.00777849 0.0126112 0.020448 0.0331428 0.0536767 0.0868219 0.140168 0.225663 0.361798 0.576293 0.907261 1.29667 1.09576 0.915996 0.734845 0.557572 0.416978 0.323456 0.270801 0.248284 0.246157 0.257939 0.282217 0.32434 0.395928 0.506088 0.621691 0.613789 0.495529 0.400797 0.36651 0.3885 0.442062 0.46719 0.414716 0.325892 0.251575 0.205854 0.186547 0.188041 0.203618 0.224279 0.239271 0.241741 0.234247 0.225494 0.222944 0.22978 0.245919 0.270318 0.303329 0.346369 0.393463 0.417188 0.385495 0.313328 0.240316 0.185817 0.151359 0.132312 0.123258 0.119545 0.117514 0.114577 0.109559 0.102969 0.0966541 0.0929866 0.0942862 0.102888 0.121805 0.155821 0.212861 0.305061 0.446088 0.621567 0.665052 0.519189 0.386904 0.308249 0.268646 0.250286 0.242412 0.244461 0.263025 0.305394 0.371643 0.440183 0.458871 0.404019 0.320336 0.24638 0.19154 0.153418 0.128099 0.113302 0.108818 0.116085 0.137506 0.175227 0.228088 0.28548 0.323635 0.323175 0.29473 0.263102 0.242066 0.233383 0.233364 0.237355 0.242419 0.247786 0.251999 0.24962 0.233846 0.204798 0.171362 0.143564 0.126877 0.12214 0.127234 0.138428 0.151686 0.164074 0.174043 0.179828 0.178257 0.166767 0.146674 0.122853 0.100357 0.0822068 0.0694289 0.0619023 0.0590171 0.0599966 0.0640237 0.0702889 0.0779926 0.0863017 0.0943017 0.101039 0.105702 0.107851 0.107512 0.10513 0.101469 0.0974928 0.0941919 0.0923977 0.0926781 0.0953143 0.100269 0.107091 0.114898 0.122777 0.130715 0.140627 0.156772 0.185487 0.234538 0.311119 0.413637 0.508468 0.528595 0.481675 0.43784 0.425808 0.439883 0.463951 0.48385 0.487286 0.462574 0.412828 0.355687 0.302945 0.255823 0.213382 0.177361 0.150587 0.13441 0.128106 0.129418 0.135124 0.14143 0.144495 0.141429 0.131474 0.116401 0.0995687 0.0843716 0.0731943 0.0672143 0.0666872 0.0712851 0.0803006 0.0927399 0.107441 0.123358 0.140019 0.1579 0.178195 0.20147 0.225238 0.242319 0.244437 0.230871 0.21042 0.192791 0.181757 0.175522 0.170705 0.165884 0.16214 0.161201 0.163995 0.170818 0.182125 0.198772 0.221697 0.251806 0.290246 0.338047 0.39401 0.452033 0.501416 0.530253 0.529573 0.501117 0.461054 0.429262 0.416969 0.422994 0.437044 0.451902 0.476579 0.531539 0.63667 0.80668 1.02224 1.14576 1.16417 1.22906 1.33355 1.13241 0.815587 0.582923 0.425924 0.324971 0.264514 0.233271 0.223384 0.229403 0.246571 0.268156 0.283664 0.281834 0.258613 0.22113 0.18171 0.150143 0.13156 0.128314 0.142544 0.178101 0.241362 0.338947 0.462767 0.541708 0.481215 0.360953 0.263345 0.201329 0.169233 0.161001 0.173098 0.202933 0.244553 0.282843 0.295555 0.273766 0.232747 0.191708 0.159278 0.135829 0.118844 0.106027 0.0963487 0.0898478 0.0869651 0.0879506 0.0924631 0.0992949 0.106323 0.111036 0.11171 0.108474 0.1032 0.0983411 0.0957366 0.0959819 0.0982862 0.10077 0.101362 0.0990713 0.0946459 0.0899495 0.086647 0.0853104 0.0853585 0.0855831 0.084842 0.0825499 0.0787937 0.0741569 0.0694555 0.0655067 0.0629422 0.0620569 0.0627111 0.0643387 0.0661108 0.0672496 0.0673679 0.0666339 0.0656545 0.065156 0.0656436 0.0671796 0.0693404 0.0713683 0.0724788 0.0721939 0.0705161 0.0678355 0.0646476 0.0612792 0.0577802 0.0540117 0.0498404 0.045301 0.0406372 0.0362258 0.0324629 0.0296896 0.0281835 0.0282064 0.0300794 0.0342592 0.0413896 0.0523055 0.0679777 0.089404 0.117463 0.15271 0.19495 0.242226 0.288866 0.323383 0.33109 0.306893 0.264153 0.223142 0.197861 0.194598 0.214145 0.250322 0.284187 0.286848 0.248277 0.190138 0.135894 0.0949448 0.0677479 0.0519201 0.0449255 0.04479 0.0500219 0.0592406 0.0707338 0.0821548 0.0906614 0.0937147 0.0902254 0.081118 0.0687225 0.0555468 0.0433942 0.0331591 0.0250399 0.0188443 0.0142247 0.0108167 0.00830245 0.00643102 0.00501631 0.0039267 0.00307234 0.00239342 0.00185029 0.00141597 0.00107096 0.000799935 0.000589984 0.000429818 0.00030952 0.00022052 0.000155598 0.000108846 7.55657e-05 5.21154e-05 3.57378e-05 2.4387e-05 1.65716e-05 1.12204e-05 7.57377e-06 5.09867e-06 3.42447e-06 2.29531e-06 1.53568e-06 1.02577e-06 6.84171e-07 4.55722e-07 3.03191e-07 2.01498e-07 1.3379e-07 8.87639e-08 5.88545e-08 3.90058e-08 2.58444e-08 1.7123e-08 1.13466e-08 7.52183e-09 4.98952e-09 3.31266e-09 2.20184e-09 1.46552e-09 9.7699e-10 6.52497e-10 4.36655e-10 2.92847e-10 1.96852e-10 1.3264e-10 8.9591e-11 6.06613e-11 4.11715e-11 2.80081e-11 1.90949e-11 
9.84913e-12 1.45454e-11 2.14517e-11 3.15909e-11 4.64494e-11 6.81817e-11 9.99021e-11 1.46101e-10 2.13231e-10 3.10543e-10 4.5125e-10 6.54172e-10 9.4603e-10 1.36464e-09 1.96337e-09 2.8173e-09 4.03181e-09 5.75442e-09 8.19137e-09 1.16306e-08 1.6474e-08 2.32828e-08 3.28427e-08 4.62563e-08 6.50787e-08 9.15163e-08 1.28724e-07 1.8125e-07 2.55721e-07 3.61891e-07 5.14275e-07 7.3471e-07 1.05639e-06 1.53029e-06 2.23536e-06 3.29495e-06 4.90313e-06 7.3672e-06 1.11765e-05 1.71141e-05 2.64377e-05 4.11745e-05 6.46004e-05 0.000102019 0.000162031 0.000258588 0.000414339 0.000666039 0.0010733 0.00173273 0.00280066 0.00452973 0.00732733 0.0118488 0.0191448 0.0308933 0.0497585 0.0799363 0.127953 0.203745 0.321811 0.500886 0.750858 0.952062 0.852027 0.693822 0.556825 0.442236 0.356922 0.304706 0.282504 0.282788 0.29637 0.314655 0.332466 0.351493 0.379398 0.418655 0.448916 0.434047 0.378441 0.324531 0.298479 0.302118 0.319835 0.324233 0.298104 0.25381 0.214158 0.192282 0.192321 0.214309 0.254584 0.301289 0.331538 0.326825 0.295465 0.259883 0.23386 0.220605 0.218749 0.226393 0.242393 0.264909 0.287274 0.295681 0.27875 0.242033 0.202009 0.170248 0.149517 0.137427 0.130113 0.124345 0.118246 0.111144 0.1033 0.0957709 0.0901931 0.0883793 0.0920092 0.102642 0.122089 0.153059 0.199737 0.266964 0.354086 0.436873 0.459433 0.411699 0.352141 0.315924 0.30266 0.297978 0.29122 0.285924 0.294797 0.328435 0.387069 0.448776 0.464121 0.410686 0.32845 0.253896 0.19725 0.157372 0.131278 0.117276 0.115691 0.128952 0.161593 0.219856 0.308783 0.419682 0.500255 0.482838 0.408692 0.344873 0.309063 0.296794 0.298747 0.305905 0.313719 0.323958 0.337715 0.34419 0.32382 0.273845 0.214529 0.164819 0.131633 0.11432 0.109548 0.113581 0.123188 0.135876 0.149354 0.16041 0.164745 0.159205 0.144545 0.124979 0.105158 0.0881513 0.0753466 0.0670793 0.0631275 0.0629708 0.0659328 0.0712864 0.0783305 0.086418 0.0949245 0.103186 0.110447 0.115879 0.11873 0.118652 0.116016 0.11192 0.107776 0.104811 0.103803 0.105099 0.108688 0.11416 0.120672 0.127331 0.134177 0.143247 0.158909 0.18744 0.236334 0.312455 0.413992 0.50672 0.521616 0.466731 0.414927 0.397825 0.415476 0.45999 0.520763 0.569637 0.555801 0.477904 0.388694 0.315318 0.257979 0.211961 0.175922 0.15071 0.136606 0.132323 0.135201 0.141613 0.147385 0.148596 0.142883 0.130507 0.114105 0.0972738 0.0831495 0.0737661 0.0700966 0.0723385 0.0801235 0.0925404 0.108046 0.124493 0.139576 0.151713 0.160818 0.168132 0.174895 0.18068 0.182889 0.178661 0.168052 0.154738 0.143234 0.136101 0.133536 0.134672 0.138849 0.145821 0.155185 0.166173 0.178347 0.192315 0.209338 0.230211 0.254995 0.284188 0.319761 0.364003 0.416522 0.4711 0.513717 0.527529 0.509813 0.479244 0.459795 0.465784 0.49489 0.523544 0.527611 0.524785 0.55874 0.666318 0.883675 1.25555 1.43751 1.34049 1.36502 1.43814 1.18034 0.827566 0.583469 0.426138 0.329796 0.275451 0.249233 0.240993 0.243867 0.253386 0.264872 0.270997 0.263574 0.239685 0.204943 0.169295 0.1411 0.125251 0.124642 0.142555 0.185004 0.263099 0.395632 0.608772 0.848521 0.645116 0.423698 0.287024 0.209997 0.17412 0.169726 0.193717 0.246651 0.326311 0.410654 0.440679 0.385714 0.299031 0.224795 0.17201 0.136659 0.113097 0.0972245 0.0868731 0.0813222 0.0805884 0.0847671 0.0934398 0.10511 0.116906 0.125202 0.127453 0.123982 0.117778 0.112526 0.110823 0.113399 0.118978 0.124613 0.126984 0.124531 0.118657 0.112536 0.108788 0.108076 0.109161 0.10988 0.108376 0.103918 0.0969443 0.0885758 0.0800846 0.0725622 0.066761 0.0630226 0.0612652 0.0610436 0.0617007 0.0625953 0.0633381 0.0639301 0.0647259 0.0662283 0.0687965 0.0723864 0.0764416 0.0800302 0.0822234 0.0825387 0.0811551 0.0787314 0.0759551 0.07313 0.0700514 0.0662209 0.0612522 0.0551914 0.0485457 0.0420568 0.03643 0.0321879 0.0296761 0.02916 0.030944 0.0354688 0.0433573 0.0553815 0.0723288 0.0947694 0.122764 0.155572 0.191332 0.226584 0.255825 0.272158 0.27035 0.251342 0.223575 0.198824 0.187297 0.195973 0.228254 0.280285 0.330589 0.338322 0.288445 0.21505 0.149723 0.102062 0.0708693 0.0524124 0.0432794 0.0409216 0.0434559 0.0492835 0.0567426 0.06395 0.0689661 0.07028 0.0673499 0.0607832 0.0519789 0.0424931 0.0335388 0.0258066 0.0195314 0.0146538 0.0109704 0.00823652 0.00622235 0.0047367 0.00363187 0.00279947 0.00216291 0.00166946 0.00128323 0.000979616 0.000741247 0.000555214 0.000411395 0.000301506 0.000218616 0.000156909 0.000111559 7.86322e-05 5.49934e-05 3.81946e-05 2.6365e-05 1.81015e-05 1.23697e-05 8.41836e-06 5.70882e-06 3.85935e-06 2.60193e-06 1.74997e-06 1.17446e-06 7.86706e-07 5.26064e-07 3.51229e-07 2.3417e-07 1.55928e-07 1.03713e-07 6.89153e-08 4.57552e-08 3.03583e-08 2.01326e-08 1.33472e-08 8.8478e-09 5.86576e-09 3.89005e-09 2.58123e-09 1.71411e-09 1.13945e-09 7.58401e-10 5.05523e-10 3.3753e-10 2.25785e-10 1.51341e-10 1.01661e-10 6.84424e-11 4.61844e-11 3.1237e-11 2.11755e-11 1.43867e-11 
7.48345e-12 1.10386e-11 1.62592e-11 2.39117e-11 3.51079e-11 5.1456e-11 7.52761e-11 1.09907e-10 1.60137e-10 2.32819e-10 3.37725e-10 4.88755e-10 7.0562e-10 1.0162e-09 1.45982e-09 2.09184e-09 2.99003e-09 4.26349e-09 6.06519e-09 8.60959e-09 1.21978e-08 1.72532e-08 2.43737e-08 3.44075e-08 4.85649e-08 6.8587e-08 9.69998e-08 1.37504e-07 1.95577e-07 2.79412e-07 4.01392e-07 5.80425e-07 8.45644e-07 1.24233e-06 1.84139e-06 2.7546e-06 4.15923e-06 6.33772e-06 9.74199e-06 1.50977e-05 2.35729e-05 3.70524e-05 5.85809e-05 9.30828e-05 0.000148525 0.000237793 0.000381723 0.000613966 0.000988792 0.00159356 0.00256856 0.00413835 0.0066611 0.0107051 0.0171665 0.0274449 0.0436991 0.06919 0.108676 0.168639 0.256512 0.376039 0.510635 0.595468 0.574291 0.496366 0.415856 0.351854 0.311832 0.29874 0.310605 0.340278 0.376479 0.405728 0.415788 0.404616 0.384463 0.367066 0.349828 0.322639 0.285913 0.252228 0.232262 0.227151 0.229204 0.226869 0.213736 0.194264 0.179041 0.177724 0.197429 0.243957 0.320503 0.416747 0.483766 0.460334 0.379314 0.302318 0.248682 0.216474 0.199903 0.194391 0.196926 0.204586 0.212682 0.214855 0.207036 0.191592 0.175332 0.163706 0.157658 0.154251 0.149353 0.140571 0.128362 0.114874 0.102359 0.0926032 0.087031 0.0868458 0.0929942 0.106069 0.126294 0.153752 0.188772 0.231455 0.278388 0.31758 0.332928 0.324844 0.313906 0.317125 0.333129 0.344835 0.33842 0.322256 0.316266 0.332726 0.369797 0.408135 0.415184 0.376647 0.313213 0.249686 0.197279 0.158345 0.132439 0.119265 0.11997 0.137957 0.179815 0.256608 0.384874 0.580856 0.781921 0.697111 0.533471 0.434259 0.389115 0.37898 0.387654 0.399381 0.405837 0.415383 0.439267 0.462188 0.437174 0.354382 0.26025 0.186142 0.137367 0.109684 0.0975336 0.0963083 0.102626 0.113926 0.12767 0.140527 0.148488 0.148554 0.140607 0.127201 0.111682 0.0967982 0.0844021 0.0755617 0.070666 0.0695417 0.0716416 0.076285 0.0828763 0.0910223 0.100484 0.110951 0.121704 0.131388 0.138229 0.140869 0.13932 0.135077 0.130197 0.126225 0.123822 0.123067 0.123887 0.126142 0.12948 0.133493 0.138487 0.14635 0.160717 0.18634 0.228098 0.288906 0.363201 0.424643 0.435136 0.400415 0.364638 0.356127 0.383839 0.451749 0.562068 0.683349 0.680459 0.542197 0.408409 0.313152 0.247345 0.200354 0.167085 0.146063 0.136531 0.136991 0.144827 0.156172 0.165923 0.168697 0.161277 0.144777 0.123844 0.103717 0.0881498 0.0791126 0.0773511 0.0829256 0.0953998 0.11364 0.135354 0.156786 0.173314 0.181411 0.180733 0.174082 0.165077 0.155864 0.146583 0.13653 0.125767 0.115689 0.108265 0.105 0.106577 0.113115 0.124414 0.139753 0.157546 0.175686 0.192964 0.210176 0.229131 0.250376 0.272644 0.295533 0.322666 0.361119 0.41708 0.489328 0.559367 0.590877 0.57061 0.531761 0.510883 0.52743 0.581061 0.630489 0.6136 0.564859 0.560987 0.641264 0.82782 1.1119 1.29782 1.33747 1.33167 1.21421 0.990467 0.736443 0.538181 0.406922 0.329524 0.29069 0.275997 0.272221 0.269927 0.265865 0.260138 0.251092 0.234898 0.209832 0.179177 0.149334 0.126265 0.114027 0.115576 0.134536 0.177161 0.254453 0.384146 0.587368 0.792315 0.621386 0.412349 0.279926 0.205772 0.173558 0.175447 0.211379 0.288336 0.417998 0.596648 0.68298 0.532909 0.369509 0.25703 0.185134 0.139637 0.110614 0.0921149 0.0810259 0.0760508 0.0768845 0.0835071 0.0954674 0.111089 0.12692 0.138355 0.142067 0.138531 0.131728 0.126398 0.125753 0.130653 0.139448 0.148217 0.152375 0.149808 0.142767 0.135969 0.13304 0.134561 0.138261 0.140556 0.138572 0.1315 0.120482 0.107563 0.0947303 0.0834639 0.0746563 0.0686571 0.0653493 0.0642466 0.0646341 0.0657689 0.0671122 0.0685118 0.0702347 0.0727936 0.0766133 0.0816721 0.0873056 0.0923447 0.095628 0.0966392 0.0958032 0.0941662 0.0926659 0.0914793 0.0898408 0.0864833 0.0804901 0.0719661 0.062005 0.0520778 0.043425 0.0368165 0.0326339 0.0310801 0.0323771 0.0368965 0.0452017 0.0579794 0.075835 0.0989501 0.126684 0.157302 0.18797 0.214912 0.233746 0.240551 0.233927 0.216694 0.195507 0.17862 0.173712 0.186859 0.221469 0.273991 0.323699 0.331549 0.283367 0.211823 0.147654 0.100496 0.0693123 0.0504516 0.0404952 0.0368414 0.0375555 0.0410539 0.0458379 0.0503954 0.05333 0.0536618 0.0511045 0.0461023 0.0395792 0.0325597 0.0258691 0.0200093 0.0151821 0.0113786 0.00847557 0.00630666 0.00470635 0.00353103 0.00266599 0.00202448 0.00154351 0.0011786 0.000898854 0.000682876 0.000515669 0.000386417 0.000287028 0.000211212 0.000153947 0.000111161 7.95487e-05 5.64489e-05 3.97467e-05 2.77887e-05 1.93046e-05 1.33344e-05 9.16381e-06 6.26941e-06 4.27219e-06 2.90102e-06 1.96381e-06 1.32572e-06 8.92758e-07 5.99872e-07 4.02274e-07 2.69281e-07 1.79964e-07 1.20096e-07 8.0039e-08 5.32803e-08 3.54314e-08 2.35414e-08 1.56304e-08 1.03723e-08 6.88065e-09 4.56365e-09 3.02702e-09 2.0083e-09 1.33305e-09 8.85463e-10 5.887e-10 3.91844e-10 2.61168e-10 1.74342e-10 1.16583e-10 7.81071e-11 5.24349e-11 3.52751e-11 2.37825e-11 1.60694e-11 1.08815e-11 
5.67337e-12 8.35798e-12 1.22942e-11 1.80549e-11 2.64694e-11 3.8735e-11 5.65763e-11 8.24701e-11 1.19964e-10 1.74126e-10 2.52177e-10 3.64376e-10 5.25269e-10 7.55426e-10 1.08389e-09 1.55158e-09 2.21614e-09 3.15869e-09 4.49351e-09 6.38172e-09 9.05119e-09 1.28253e-08 1.81653e-08 2.57335e-08 3.64874e-08 5.1824e-08 7.38008e-08 1.05477e-07 1.51449e-07 2.18689e-07 3.17878e-07 4.65517e-07 6.873e-07 1.02353e-06 1.53778e-06 2.33091e-06 3.56355e-06 5.49254e-06 8.52966e-06 1.33365e-05 2.09781e-05 3.317e-05 5.26776e-05 8.39582e-05 0.000134192 0.000214935 0.000344755 0.000553427 0.00088857 0.00142609 0.00228651 0.00366014 0.00584558 0.00930721 0.0147587 0.0232789 0.0364577 0.056546 0.0865078 0.129688 0.188394 0.260077 0.330754 0.374243 0.374284 0.344539 0.309546 0.286308 0.284616 0.309624 0.36082 0.429068 0.496828 0.543131 0.544507 0.492842 0.41774 0.350513 0.298801 0.257709 0.223444 0.196871 0.179822 0.171471 0.167844 0.164036 0.157738 0.151327 0.150804 0.163719 0.198744 0.267014 0.383347 0.559788 0.732296 0.645547 0.465887 0.338183 0.259113 0.212225 0.185363 0.171078 0.165 0.164062 0.165286 0.165862 0.164591 0.163047 0.164573 0.171422 0.18203 0.190254 0.18857 0.174262 0.151685 0.12783 0.107783 0.094006 0.0874879 0.0887071 0.0978822 0.114664 0.137581 0.163829 0.190158 0.214407 0.235435 0.251337 0.260604 0.267178 0.280833 0.308923 0.346051 0.37085 0.365695 0.342199 0.32498 0.326659 0.344673 0.364623 0.367083 0.342147 0.296835 0.245072 0.197462 0.159468 0.133283 0.120008 0.12135 0.141 0.186053 0.268948 0.410177 0.640397 0.95102 0.797801 0.606262 0.510185 0.473761 0.473304 0.493002 0.509705 0.505308 0.498798 0.520225 0.555717 0.525948 0.410659 0.28829 0.197377 0.138815 0.104855 0.0881933 0.0835289 0.0872776 0.0968653 0.109924 0.123665 0.134908 0.140966 0.140637 0.134343 0.123654 0.110862 0.098531 0.0888157 0.0829202 0.0810061 0.0825061 0.0866235 0.0928052 0.100996 0.111533 0.124665 0.139828 0.155024 0.167042 0.173072 0.172791 0.168621 0.16367 0.159606 0.15628 0.152844 0.149041 0.145484 0.143065 0.142523 0.144764 0.151436 0.164894 0.187407 0.220103 0.261583 0.305133 0.336123 0.340194 0.322245 0.304455 0.306752 0.341366 0.418402 0.547089 0.702237 0.705723 0.539727 0.391446 0.290699 0.224578 0.180777 0.152635 0.137402 0.133838 0.14071 0.155957 0.175788 0.1937 0.201202 0.192539 0.169874 0.141538 0.115724 0.0972205 0.0879205 0.0882829 0.0982924 0.117675 0.145414 0.178608 0.211114 0.233767 0.238651 0.225255 0.200681 0.173464 0.148863 0.128527 0.1122 0.0993696 0.0900536 0.084785 0.0842701 0.089146 0.0998677 0.116477 0.138095 0.16247 0.186559 0.208555 0.229501 0.251767 0.27551 0.297692 0.316497 0.337124 0.371456 0.432162 0.524495 0.628512 0.680734 0.649933 0.594166 0.560958 0.570625 0.626393 0.680716 0.64376 0.56109 0.525254 0.566467 0.686013 0.858122 1.02304 1.14899 1.15268 0.99222 0.794274 0.611717 0.47007 0.377282 0.329053 0.315771 0.322844 0.330149 0.32104 0.295526 0.264618 0.235263 0.207453 0.179473 0.151828 0.127281 0.109116 0.100068 0.102545 0.119547 0.155645 0.217267 0.309936 0.423619 0.493261 0.441008 0.332582 0.242801 0.187735 0.165314 0.173681 0.216244 0.304081 0.458931 0.717078 0.943461 0.613537 0.401432 0.271844 0.19195 0.141853 0.10997 0.0898256 0.0780484 0.0731378 0.0746391 0.0824626 0.0961399 0.113937 0.132178 0.145835 0.151197 0.148725 0.142717 0.138264 0.138793 0.145261 0.155931 0.16647 0.171667 0.169236 0.162216 0.156537 0.156533 0.162513 0.170923 0.176348 0.174567 0.164732 0.149057 0.13092 0.113295 0.0981792 0.0866214 0.078943 0.0749207 0.0739059 0.0749392 0.0769459 0.0790396 0.0808456 0.0826461 0.0851966 0.089248 0.0949928 0.101728 0.107999 0.11232 0.114114 0.114162 0.114095 0.115245 0.117567 0.119245 0.117445 0.110128 0.0975832 0.0821948 0.0668499 0.0536455 0.0436082 0.0370321 0.0339195 0.0342979 0.0383863 0.0466272 0.059583 0.0776736 0.100755 0.127659 0.155986 0.182426 0.203428 0.215815 0.217504 0.208636 0.192331 0.1741 0.160296 0.156715 0.167733 0.195024 0.233995 0.26802 0.271674 0.236488 0.182132 0.130426 0.0905745 0.0632378 0.0461247 0.0366107 0.0325126 0.032128 0.034057 0.0370306 0.0398535 0.0414977 0.0412921 0.0390735 0.0351732 0.0302329 0.0249551 0.0199116 0.0154614 0.0117602 0.00881533 0.00654824 0.00484378 0.00358241 0.00265709 0.00198003 0.00148324 0.00111623 0.000842618 0.000636688 0.000480453 0.000361301 0.000270264 0.000200819 0.000148086 0.000108313 7.85653e-05 5.65195e-05 4.03375e-05 2.85725e-05 2.00974e-05 1.40451e-05 9.75773e-06 6.74308e-06 4.63752e-06 3.17574e-06 2.16638e-06 1.47275e-06 9.98132e-07 6.74599e-07 4.54804e-07 3.05933e-07 2.05375e-07 1.37615e-07 9.20578e-08 6.1489e-08 4.10151e-08 2.73252e-08 1.81854e-08 1.20918e-08 8.03401e-09 5.33488e-09 3.54115e-09 2.35003e-09 1.55953e-09 1.03514e-09 6.87347e-10 4.56688e-10 3.03685e-10 2.02151e-10 1.34731e-10 8.99257e-11 6.01168e-11 4.02599e-11 2.70127e-11 1.81604e-11 1.22341e-11 8.25892e-12 
4.29141e-12 6.31365e-12 9.27408e-12 1.35998e-11 1.99081e-11 2.90886e-11 4.24204e-11 6.17385e-11 8.96676e-11 1.29954e-10 1.87931e-10 2.71177e-10 3.90437e-10 5.60923e-10 8.04147e-10 1.15051e-09 1.64296e-09 2.34227e-09 3.33452e-09 4.74203e-09 6.7393e-09 9.57653e-09 1.36147e-08 1.93788e-08 2.76379e-08 3.95303e-08 5.67552e-08 8.18745e-08 1.18787e-07 1.73476e-07 2.55206e-07 3.78416e-07 5.65766e-07 8.53011e-07 1.29683e-06 1.98741e-06 3.06874e-06 4.77117e-06 7.46398e-06 1.17398e-05 1.855e-05 2.94228e-05 4.68107e-05 7.46469e-05 0.000119229 0.00019062 0.00030486 0.000487426 0.000778629 0.00124193 0.00197658 0.00313665 0.00495879 0.00780166 0.0121988 0.0189231 0.0290499 0.04398 0.0653268 0.0944739 0.131503 0.173348 0.212234 0.237866 0.245224 0.240031 0.23461 0.241596 0.272006 0.334892 0.433606 0.554712 0.660737 0.718954 0.703574 0.596593 0.460612 0.350027 0.272584 0.219892 0.183604 0.158863 0.143017 0.133744 0.128397 0.124679 0.121924 0.121942 0.128932 0.149135 0.191259 0.268172 0.399978 0.618166 0.945529 0.738414 0.492755 0.344373 0.256056 0.203543 0.172245 0.15378 0.14347 0.13856 0.137221 0.138434 0.142499 0.151389 0.16805 0.194216 0.226585 0.252984 0.256258 0.230936 0.190036 0.149779 0.118722 0.0991232 0.09081 0.0932749 0.106098 0.128269 0.156814 0.185738 0.207604 0.218423 0.220522 0.219426 0.220359 0.228497 0.249255 0.28482 0.327421 0.356654 0.356508 0.33709 0.320286 0.317631 0.328024 0.342044 0.346581 0.331715 0.296862 0.250352 0.203179 0.163433 0.135199 0.120252 0.120152 0.137858 0.178942 0.252355 0.369083 0.52975 0.670481 0.667914 0.60237 0.565547 0.556423 0.564275 0.58777 0.603043 0.577305 0.538944 0.532649 0.546626 0.508228 0.397279 0.279517 0.190573 0.132236 0.0975253 0.0795914 0.0734469 0.0757774 0.0843289 0.0972534 0.11259 0.128051 0.141122 0.149299 0.150545 0.144343 0.132654 0.119317 0.108122 0.10127 0.0990789 0.100567 0.104415 0.109911 0.117461 0.128343 0.143793 0.163715 0.185498 0.204046 0.214478 0.216201 0.213402 0.210806 0.209664 0.207503 0.201148 0.190063 0.176815 0.164954 0.157265 0.155638 0.161576 0.17607 0.198557 0.225877 0.252537 0.272319 0.279941 0.273804 0.259814 0.249983 0.256397 0.288335 0.352584 0.448646 0.542508 0.542854 0.442443 0.33232 0.249286 0.192961 0.156502 0.134945 0.125857 0.128275 0.141668 0.164972 0.194964 0.223758 0.238408 0.228784 0.198469 0.161261 0.129071 0.107585 0.0983936 0.101655 0.117497 0.146309 0.188064 0.240277 0.294235 0.332099 0.334787 0.301341 0.249972 0.198681 0.15602 0.123619 0.100225 0.0841024 0.0740175 0.0694406 0.0704064 0.0772995 0.0905918 0.110404 0.135832 0.164416 0.192764 0.218822 0.243686 0.26982 0.296816 0.320087 0.336425 0.35168 0.380295 0.437951 0.532824 0.646622 0.710947 0.687834 0.633324 0.588313 0.571715 0.589582 0.606827 0.566548 0.494658 0.453815 0.468422 0.536718 0.641888 0.757237 0.847599 0.849613 0.748255 0.613629 0.491635 0.400065 0.346076 0.331402 0.353302 0.398519 0.431659 0.412322 0.349973 0.282669 0.228301 0.187063 0.154673 0.128298 0.10742 0.0928654 0.0859057 0.088027 0.101125 0.127595 0.16949 0.225189 0.281955 0.31144 0.293141 0.244357 0.195541 0.162975 0.151715 0.164177 0.204886 0.282241 0.406192 0.566281 0.638349 0.51598 0.368282 0.26076 0.188956 0.141474 0.110002 0.0895044 0.0772283 0.0718945 0.0730911 0.08071 0.0942756 0.112128 0.130819 0.14568 0.153204 0.153555 0.150331 0.147944 0.149482 0.155934 0.165882 0.175507 0.180191 0.178196 0.172962 0.170692 0.175817 0.188277 0.203318 0.213615 0.213344 0.201461 0.18134 0.15795 0.135524 0.116728 0.102822 0.0941114 0.0902625 0.0904163 0.0932169 0.0969834 0.100169 0.101993 0.102824 0.103958 0.10683 0.112111 0.119168 0.126238 0.131425 0.134064 0.135401 0.137904 0.143587 0.152238 0.160354 0.162078 0.152988 0.133866 0.10987 0.0864708 0.0669384 0.0523837 0.0427409 0.0375944 0.0366325 0.0398231 0.0474141 0.0597884 0.0771628 0.0991366 0.12423 0.149765 0.172392 0.189017 0.197426 0.196578 0.187116 0.171827 0.155215 0.142276 0.13729 0.142971 0.159394 0.181984 0.199795 0.199503 0.176974 0.141457 0.105318 0.0756316 0.0541893 0.0401637 0.031971 0.0280615 0.0271169 0.0280129 0.0297409 0.0313874 0.0322023 0.031719 0.0298367 0.0267954 0.0230422 0.0190648 0.0152628 0.0118922 0.00906949 0.00680628 0.00505111 0.00372351 0.00273717 0.0020129 0.0014843 0.00109895 0.000817177 0.000609906 0.000456283 0.000341557 0.000255344 0.000190303 0.000141177 0.000104127 7.62935e-05 5.55044e-05 4.00861e-05 2.87407e-05 2.04609e-05 1.44683e-05 1.01659e-05 7.10078e-06 4.9329e-06 3.40986e-06 2.34641e-06 1.60801e-06 1.0979e-06 7.47097e-07 5.06845e-07 3.4291e-07 2.31422e-07 1.55828e-07 1.0471e-07 7.02295e-08 4.70227e-08 3.14357e-08 2.09862e-08 1.39927e-08 9.3196e-09 6.2013e-09 4.12315e-09 2.73974e-09 1.81969e-09 1.20829e-09 8.02264e-10 5.32743e-10 3.53883e-10 2.35198e-10 1.56433e-10 1.04143e-10 6.94104e-11 4.63225e-11 3.09603e-11 2.07267e-11 1.39002e-11 9.33943e-12 6.28722e-12 
3.2388e-12 4.75847e-12 6.97977e-12 1.02205e-11 1.4939e-11 2.17954e-11 3.17374e-11 4.61229e-11 6.68932e-11 9.68178e-11 1.3984e-10 2.01566e-10 2.89953e-10 4.16291e-10 5.96589e-10 8.53556e-10 1.21945e-09 1.74015e-09 2.4812e-09 3.53649e-09 5.04132e-09 7.19187e-09 1.02746e-08 1.47114e-08 2.11286e-08 3.04646e-08 4.41387e-08 6.43147e-08 9.43205e-08 1.39312e-07 2.07331e-07 3.10996e-07 4.70204e-07 7.16464e-07 1.09984e-06 1.70008e-06 2.64448e-06 4.13653e-06 6.50171e-06 1.02608e-05 1.62466e-05 2.57904e-05 4.10165e-05 6.5309e-05 0.000104045 0.000165743 0.000263844 0.000419459 0.000665557 0.00105326 0.00166116 0.00260872 0.00407495 0.00632305 0.00973002 0.0148159 0.0222585 0.0328606 0.0474112 0.0663554 0.0892156 0.113927 0.136761 0.153844 0.164123 0.171346 0.183383 0.210596 0.265419 0.362702 0.516782 0.718941 0.868065 0.877545 0.806092 0.648629 0.475393 0.342727 0.253329 0.195449 0.158268 0.134475 0.11948 0.11021 0.104476 0.100987 0.0997237 0.102237 0.111723 0.133089 0.173286 0.241822 0.349818 0.498845 0.621822 0.566694 0.425487 0.311818 0.236468 0.188852 0.15902 0.140409 0.129202 0.123305 0.12171 0.124431 0.132826 0.149886 0.179929 0.226794 0.288359 0.344985 0.357083 0.310229 0.239191 0.176298 0.131876 0.105659 0.0952089 0.0987522 0.115387 0.143899 0.180358 0.215537 0.236631 0.236989 0.222962 0.206706 0.197349 0.199944 0.216963 0.247377 0.283365 0.310241 0.317607 0.311217 0.305158 0.308464 0.322309 0.341506 0.355146 0.349677 0.318427 0.268945 0.216036 0.170908 0.138588 0.120524 0.11735 0.130567 0.163281 0.21981 0.302676 0.403751 0.493413 0.54395 0.574749 0.609088 0.629739 0.627929 0.627838 0.621219 0.575278 0.513592 0.475493 0.453771 0.408541 0.327011 0.238674 0.167294 0.117922 0.0873597 0.0710274 0.0652053 0.0673655 0.0759051 0.0897282 0.107807 0.12871 0.150004 0.167714 0.176901 0.174519 0.162506 0.146943 0.133997 0.127014 0.126095 0.129089 0.133277 0.137314 0.142318 0.151234 0.166982 0.190399 0.218485 0.244167 0.260198 0.265951 0.268304 0.274152 0.283321 0.287888 0.278958 0.255788 0.226165 0.199124 0.180536 0.173437 0.179365 0.198385 0.227298 0.257465 0.276639 0.277346 0.262433 0.240353 0.219663 0.207786 0.210737 0.23264 0.274468 0.329195 0.372778 0.370921 0.321171 0.25588 0.19923 0.157865 0.130852 0.116125 0.112467 0.119626 0.137879 0.167179 0.205119 0.243113 0.26441 0.254504 0.218333 0.174793 0.138705 0.116173 0.108497 0.115768 0.138602 0.178642 0.238059 0.317171 0.407376 0.477511 0.479342 0.410266 0.317818 0.235262 0.171903 0.126682 0.0958716 0.075913 0.0642504 0.0594075 0.0608003 0.068468 0.0827272 0.103662 0.130441 0.160824 0.191724 0.221185 0.249887 0.279504 0.308932 0.333168 0.348625 0.360388 0.381595 0.426037 0.499749 0.587986 0.648328 0.655433 0.626751 0.579164 0.533551 0.506249 0.484539 0.445364 0.396656 0.366109 0.36949 0.406983 0.468542 0.536762 0.58623 0.58787 0.537111 0.461674 0.389855 0.338228 0.316631 0.33285 0.393777 0.49661 0.587068 0.54731 0.419734 0.30607 0.226447 0.173168 0.136693 0.110713 0.0920957 0.079773 0.0737703 0.0746688 0.0833494 0.100654 0.126479 0.157893 0.186979 0.202209 0.197094 0.177363 0.155238 0.140374 0.138005 0.151396 0.184011 0.239344 0.31597 0.393508 0.422702 0.378866 0.3029 0.232663 0.17837 0.13867 0.110286 0.0906193 0.0780873 0.0719534 0.072035 0.0783022 0.090345 0.106748 0.124686 0.140411 0.150959 0.155885 0.157173 0.157637 0.159525 0.163879 0.170098 0.17581 0.178128 0.176451 0.174154 0.176719 0.188016 0.207619 0.230059 0.246604 0.249829 0.237948 0.214979 0.187432 0.161007 0.139211 0.123609 0.114581 0.111808 0.114307 0.120247 0.127001 0.131861 0.133276 0.131761 0.129596 0.129419 0.132723 0.139056 0.146305 0.152067 0.15551 0.158381 0.164226 0.176226 0.194462 0.213303 0.221605 0.21007 0.180634 0.144009 0.109804 0.0824444 0.0626215 0.0494976 0.0420017 0.0393568 0.0412058 0.0475445 0.0585289 0.0741558 0.0938349 0.115997 0.13806 0.157009 0.17029 0.176319 0.174526 0.165581 0.151742 0.136592 0.12402 0.117136 0.117522 0.124585 0.13483 0.141922 0.13937 0.125175 0.103305 0.0799716 0.0596611 0.0441933 0.0335914 0.0270899 0.0237277 0.0225842 0.022827 0.0237024 0.0245423 0.0248156 0.024202 0.0226367 0.0202851 0.0174528 0.014474 0.0116264 0.00909161 0.00695574 0.00523125 0.00388456 0.00285964 0.00209458 0.00153134 0.0011203 0.000821613 0.000604632 0.000446544 0.000330771 0.000245459 0.000182212 0.000135095 9.9888e-05 7.35605e-05 5.39003e-05 3.9268e-05 2.84308e-05 2.04526e-05 1.46186e-05 1.03828e-05 7.32963e-06 5.14445e-06 3.59121e-06 2.49433e-06 1.72443e-06 1.18708e-06 8.13982e-07 5.56158e-07 3.78761e-07 2.57183e-07 1.74156e-07 1.17641e-07 7.92861e-08 5.33253e-08 3.5797e-08 2.39888e-08 1.60504e-08 1.07237e-08 7.15574e-09 4.76953e-09 3.17596e-09 2.1131e-09 1.40503e-09 9.3377e-10 6.20387e-10 4.12128e-10 2.73799e-10 1.81946e-10 1.20964e-10 8.04727e-11 5.3581e-11 3.57127e-11 2.3832e-11 1.59256e-11 1.06584e-11 7.14501e-12 4.79814e-12 
2.43901e-12 3.57847e-12 5.24153e-12 7.66423e-12 1.11867e-11 1.62979e-11 2.36997e-11 3.4397e-11 4.9826e-11 7.20365e-11 1.03949e-10 1.49723e-10 2.15274e-10 3.0902e-10 4.42947e-10 6.34143e-10 9.07029e-10 1.29662e-09 1.8533e-09 2.65004e-09 3.79304e-09 5.43809e-09 7.81539e-09 1.1268e-08 1.63113e-08 2.37264e-08 3.47067e-08 5.1089e-08 7.57206e-08 1.13043e-07 1.7002e-07 2.57622e-07 3.93194e-07 6.04244e-07 9.34488e-07 1.45352e-06 2.27225e-06 3.56745e-06 5.62094e-06 8.88159e-06 1.40636e-05 2.23014e-05 3.53927e-05 5.61787e-05 8.9133e-05 0.000141271 0.000223536 0.000352893 0.000555449 0.000870999 0.00135952 0.00211011 0.00325267 0.00497194 0.007522 0.0112357 0.0165179 0.0238035 0.0334518 0.0455559 0.0596925 0.0747553 0.0891711 0.101759 0.113016 0.126096 0.147074 0.185054 0.253062 0.370184 0.564775 0.874302 1.13838 0.932694 0.768509 0.600337 0.439702 0.316018 0.231445 0.176641 0.141932 0.120098 0.106295 0.0974099 0.0915712 0.0879623 0.0868156 0.0894418 0.0982259 0.116609 0.148987 0.199962 0.271135 0.351438 0.403387 0.387859 0.324964 0.258226 0.206173 0.169826 0.145449 0.129478 0.119558 0.114404 0.113613 0.117813 0.129094 0.151471 0.191061 0.255142 0.34666 0.443491 0.469471 0.389557 0.282258 0.197462 0.141812 0.11046 0.0984047 0.102726 0.122222 0.15577 0.199118 0.240691 0.262657 0.25543 0.22901 0.200805 0.182019 0.176948 0.186056 0.206851 0.233107 0.255998 0.269804 0.276816 0.28421 0.298111 0.321366 0.352118 0.37988 0.384771 0.352958 0.294715 0.232135 0.179765 0.142581 0.120933 0.114143 0.122152 0.145922 0.18683 0.244709 0.314884 0.388396 0.461612 0.54243 0.625771 0.664269 0.638157 0.59749 0.557581 0.501448 0.437899 0.387369 0.348285 0.303839 0.24693 0.187299 0.136615 0.0995873 0.0757314 0.0627842 0.0585443 0.0614897 0.0708199 0.0862588 0.107689 0.134493 0.164385 0.192004 0.209263 0.210193 0.197062 0.179147 0.165635 0.161142 0.165186 0.173253 0.179352 0.180336 0.178756 0.180921 0.19256 0.215751 0.247295 0.27875 0.301371 0.31508 0.329818 0.355333 0.389699 0.413716 0.403032 0.357303 0.299134 0.24812 0.213399 0.198395 0.204659 0.23241 0.277313 0.323703 0.34418 0.323897 0.279116 0.233222 0.198261 0.177999 0.173185 0.183221 0.205371 0.232398 0.251143 0.248392 0.22307 0.186856 0.151993 0.124705 0.106658 0.0978407 0.0981745 0.108037 0.128178 0.159001 0.198477 0.238182 0.261138 0.252473 0.217263 0.174907 0.140574 0.120579 0.116477 0.128792 0.158911 0.209883 0.286519 0.393926 0.529845 0.654381 0.657138 0.530592 0.387011 0.271994 0.189137 0.132417 0.0950355 0.0715378 0.0581506 0.0525908 0.0537385 0.061288 0.0753565 0.0959886 0.122566 0.153419 0.1862 0.219168 0.252064 0.285008 0.316189 0.34147 0.358043 0.369 0.382899 0.409112 0.45228 0.505886 0.552038 0.575528 0.56775 0.524884 0.466006 0.414954 0.374484 0.336962 0.303327 0.283037 0.283292 0.304301 0.339933 0.379049 0.406946 0.41049 0.387712 0.349824 0.312184 0.287817 0.287636 0.323081 0.408227 0.55534 0.717059 0.648249 0.457026 0.313387 0.220637 0.162041 0.124372 0.0993305 0.0823467 0.0712734 0.0653672 0.0646102 0.0692569 0.0794071 0.0944004 0.11204 0.128236 0.138285 0.139928 0.135319 0.129371 0.126693 0.130344 0.142475 0.165054 0.199035 0.241031 0.278828 0.293894 0.278008 0.242116 0.201657 0.165068 0.134829 0.110973 0.0929524 0.0803737 0.0731996 0.0716531 0.0759393 0.0858712 0.100477 0.117787 0.135138 0.150068 0.161164 0.168151 0.171549 0.172503 0.172442 0.17225 0.17168 0.170019 0.167868 0.168213 0.175279 0.191968 0.217547 0.246531 0.269788 0.278658 0.269857 0.24704 0.217815 0.189316 0.165923 0.149562 0.140863 0.139829 0.145674 0.156182 0.167431 0.17481 0.175371 0.169829 0.162124 0.156856 0.156746 0.16156 0.16864 0.174788 0.178731 0.182604 0.191226 0.209533 0.238826 0.271789 0.289828 0.27514 0.231841 0.179805 0.133716 0.0984064 0.0734629 0.0569601 0.0470736 0.0425452 0.0426947 0.0472628 0.0561707 0.0692054 0.0856573 0.104037 0.122114 0.137415 0.147926 0.152436 0.150541 0.142769 0.13085 0.117526 0.105744 0.0977517 0.0945162 0.0954296 0.098225 0.099452 0.0959427 0.0866659 0.073259 0.0586718 0.0454304 0.0348774 0.0273189 0.022461 0.0197632 0.0186292 0.0184821 0.0187894 0.019085 0.0190074 0.0183438 0.0170531 0.015245 0.0131222 0.0109086 0.0087935 0.00690365 0.00530179 0.00399959 0.00297558 0.0021912 0.00160253 0.00116748 0.000849429 0.00061848 0.000451289 0.000330239 0.000242363 0.000178293 0.000131343 9.67732e-05 7.12202e-05 5.2289e-05 3.82561e-05 2.78673e-05 2.01981e-05 1.45601e-05 1.04366e-05 7.4381e-06 5.27116e-06 3.71504e-06 2.60456e-06 1.81695e-06 1.26161e-06 8.72196e-07 6.00553e-07 4.11975e-07 2.81643e-07 1.91936e-07 1.30423e-07 8.83876e-08 5.97536e-08 4.03049e-08 2.71301e-08 1.82272e-08 1.22245e-08 8.18561e-09 5.47327e-09 3.65494e-09 2.43791e-09 1.62451e-09 1.08159e-09 7.19622e-10 4.78545e-10 3.1812e-10 2.11439e-10 1.40535e-10 9.34262e-11 6.21328e-11 4.1345e-11 2.75331e-11 1.83525e-11 1.22467e-11 8.18264e-12 5.47497e-12 3.66891e-12 
1.83287e-12 2.68549e-12 3.92819e-12 5.73607e-12 8.36124e-12 1.2166e-11 1.76699e-11 2.56173e-11 3.70722e-11 5.35549e-11 7.72355e-11 1.1121e-10 1.599e-10 2.2962e-10 3.29407e-10 4.72227e-10 6.76745e-10 9.6994e-10 1.39102e-09 1.99729e-09 2.87312e-09 4.1436e-09 5.99565e-09 8.71083e-09 1.27165e-08 1.86665e-08 2.75678e-08 4.09814e-08 6.1341e-08 9.24593e-08 1.40334e-07 2.14431e-07 3.29729e-07 5.09973e-07 7.92857e-07 1.23825e-06 1.94128e-06 3.05296e-06 4.81291e-06 7.60068e-06 1.20163e-05 1.90061e-05 3.00575e-05 4.74998e-05 7.4964e-05 0.000118079 0.000185516 0.000290523 0.000453161 0.000703449 0.00108568 0.00166406 0.00252953 0.0038071 0.00566175 0.00829888 0.0119527 0.0168529 0.0231612 0.0308801 0.039768 0.0493431 0.0590964 0.0689738 0.0800253 0.0949954 0.11877 0.158901 0.226532 0.337761 0.513798 0.765301 0.928613 0.790156 0.633016 0.493497 0.370891 0.274706 0.206626 0.161449 0.132439 0.113878 0.101661 0.093172 0.0870074 0.0827382 0.0807486 0.0821195 0.0885279 0.102105 0.125086 0.158812 0.201364 0.24383 0.269764 0.266674 0.239936 0.205327 0.173999 0.149634 0.132021 0.119964 0.112435 0.108837 0.109133 0.114215 0.126451 0.150223 0.192222 0.260813 0.361009 0.471732 0.503319 0.410916 0.292317 0.201665 0.143312 0.110868 0.0985969 0.103252 0.123499 0.158159 0.202838 0.245399 0.266847 0.25684 0.226065 0.192933 0.168897 0.157818 0.159508 0.171524 0.189639 0.208943 0.226339 0.242314 0.259986 0.283212 0.315396 0.356566 0.39638 0.409937 0.37757 0.312589 0.243177 0.185941 0.145477 0.121217 0.111489 0.115112 0.131736 0.161466 0.204022 0.258116 0.322557 0.398956 0.489334 0.57797 0.615077 0.580737 0.521528 0.4639 0.405774 0.348934 0.300309 0.259815 0.221174 0.180774 0.14121 0.1072 0.0815445 0.064636 0.055636 0.0535374 0.0577187 0.0681199 0.0851754 0.109495 0.141101 0.1779 0.213621 0.237777 0.242029 0.22911 0.211322 0.200823 0.203956 0.220058 0.240825 0.25268 0.247356 0.231224 0.218455 0.219407 0.237011 0.267426 0.301724 0.331465 0.357745 0.393105 0.452008 0.535626 0.607373 0.595433 0.502816 0.396514 0.310746 0.253959 0.227669 0.232896 0.271311 0.341276 0.42261 0.456751 0.404645 0.316355 0.240129 0.187851 0.15737 0.144262 0.144328 0.153055 0.164551 0.171636 0.168553 0.154657 0.134472 0.113867 0.0969837 0.0858624 0.0813575 0.0840015 0.0944335 0.113379 0.140995 0.1751 0.208285 0.227239 0.221213 0.194103 0.160762 0.13398 0.120082 0.121415 0.139315 0.175857 0.234782 0.3219 0.444164 0.602658 0.757206 0.75974 0.598883 0.42766 0.294398 0.199885 0.135991 0.094378 0.068502 0.0538353 0.0475716 0.048227 0.0552533 0.0686555 0.0885686 0.114807 0.146542 0.18236 0.22066 0.259814 0.297784 0.331956 0.359884 0.380401 0.393861 0.40184 0.408283 0.419261 0.437703 0.459427 0.474571 0.468883 0.433287 0.379645 0.327736 0.285694 0.252707 0.228403 0.215271 0.215629 0.229004 0.251528 0.276451 0.295536 0.302031 0.294361 0.277184 0.258941 0.249172 0.257719 0.295223 0.372757 0.492905 0.601639 0.556051 0.411817 0.288613 0.204874 0.151161 0.116821 0.0942657 0.0789296 0.068482 0.0620083 0.0593308 0.0605101 0.065474 0.0736946 0.083947 0.0943868 0.103227 0.109775 0.114884 0.12017 0.126782 0.135001 0.14503 0.157817 0.174413 0.193727 0.210765 0.218462 0.213065 0.196922 0.175317 0.15261 0.131246 0.112328 0.0963714 0.0838745 0.0755388 0.0721527 0.0743365 0.082308 0.0957114 0.113539 0.134181 0.155504 0.174754 0.188641 0.194559 0.192498 0.185221 0.176166 0.16762 0.16078 0.157001 0.158642 0.168567 0.188606 0.217816 0.251286 0.280494 0.296245 0.293519 0.274722 0.247688 0.220354 0.197602 0.181611 0.173472 0.174042 0.183376 0.199288 0.216363 0.227203 0.226556 0.215335 0.200073 0.188305 0.184425 0.188319 0.196235 0.203297 0.206995 0.209629 0.217619 0.23811 0.274225 0.318164 0.344883 0.327412 0.27218 0.208095 0.153439 0.112599 0.0840072 0.0648794 0.0528696 0.0464104 0.0446116 0.0470308 0.0534036 0.0633559 0.0761264 0.0903948 0.10436 0.116117 0.124125 0.127438 0.12572 0.119355 0.109612 0.0984928 0.088136 0.0801467 0.0751856 0.0728553 0.0718261 0.0702603 0.0665687 0.0601779 0.0517388 0.0426141 0.0341325 0.0271369 0.0219306 0.018431 0.0163497 0.0153173 0.0149521 0.0148951 0.0148352 0.0145368 0.013865 0.0127957 0.0114005 0.00981052 0.00817162 0.00660934 0.0052099 0.00401755 0.003042 0.0022696 0.00167404 0.00122445 0.000890617 0.000645805 0.000467833 0.000339138 0.000246287 0.000179279 0.00013081 9.56246e-05 6.99787e-05 5.12135e-05 3.74411e-05 2.7315e-05 1.98672e-05 1.43955e-05 1.03852e-05 7.45639e-06 5.32683e-06 3.78611e-06 2.67739e-06 1.88395e-06 1.3193e-06 9.19665e-07 6.38313e-07 4.41234e-07 3.03845e-07 2.08495e-07 1.42597e-07 9.72301e-08 6.61097e-08 4.48327e-08 3.03303e-08 2.04734e-08 1.37913e-08 9.27257e-09 6.22352e-09 4.17041e-09 2.79056e-09 1.86482e-09 1.24473e-09 8.29997e-10 5.52968e-10 3.68142e-10 2.44958e-10 1.6293e-10 1.08347e-10 7.20468e-11 4.79152e-11 3.18765e-11 2.12171e-11 1.41317e-11 9.42052e-12 6.28632e-12 4.19978e-12 2.80947e-12 
1.37466e-12 2.01151e-12 2.93856e-12 4.28564e-12 6.23961e-12 9.06893e-12 1.31588e-11 1.90611e-11 2.75662e-11 3.98052e-11 5.73966e-11 8.26582e-11 1.18912e-10 1.70929e-10 2.4558e-10 3.52789e-10 5.06961e-10 7.29101e-10 1.05003e-09 1.51525e-09 2.19244e-09 3.18298e-09 4.63984e-09 6.79558e-09 1.00062e-08 1.48202e-08 2.20876e-08 3.31327e-08 5.00275e-08 7.60263e-08 1.16255e-07 1.78805e-07 2.7647e-07 4.29501e-07 6.69956e-07 1.04859e-06 1.64568e-06 2.5881e-06 4.07595e-06 6.42415e-06 1.0127e-05 1.59576e-05 2.51203e-05 3.94824e-05 6.19224e-05 9.68484e-05 0.000150957 0.000234328 0.00036196 0.000555872 0.000847844 0.0012828 0.00192258 0.00284941 0.00416765 0.00600147 0.008485 0.0117416 0.0158516 0.0208172 0.0265474 0.0329068 0.0398722 0.0478132 0.0578523 0.0722308 0.0946446 0.13056 0.187374 0.273532 0.393098 0.525571 0.596173 0.557695 0.470268 0.378792 0.297194 0.231888 0.18437 0.15206 0.130695 0.11619 0.105525 0.0969418 0.0897666 0.0840925 0.0805044 0.0798986 0.0833666 0.0920485 0.106813 0.127567 0.152121 0.175236 0.189722 0.19082 0.180021 0.163189 0.145825 0.130885 0.119314 0.111163 0.106233 0.104335 0.105554 0.110727 0.122011 0.143263 0.179921 0.237596 0.316376 0.394185 0.413411 0.350523 0.260504 0.185597 0.13502 0.106241 0.0953998 0.0999686 0.118664 0.149991 0.189433 0.226199 0.244852 0.237162 0.210891 0.180622 0.156461 0.142453 0.138994 0.144589 0.156728 0.172722 0.190763 0.210585 0.233355 0.261374 0.297364 0.341175 0.382721 0.398388 0.369744 0.308794 0.242065 0.186066 0.145857 0.121096 0.109967 0.110864 0.122895 0.145796 0.179596 0.224414 0.280645 0.348608 0.424532 0.490961 0.516357 0.4897 0.436 0.378032 0.322766 0.272569 0.22959 0.193534 0.161823 0.132519 0.10592 0.0835784 0.0667357 0.0557554 0.0504188 0.0504326 0.0558065 0.0670248 0.0850066 0.110779 0.144655 0.184613 0.224183 0.252458 0.260726 0.251843 0.239084 0.236653 0.253942 0.292835 0.341378 0.368445 0.349401 0.303079 0.263432 0.246899 0.254908 0.281437 0.317076 0.354346 0.395128 0.453401 0.550198 0.702632 0.876874 0.861277 0.676952 0.5069 0.380285 0.297215 0.255814 0.255611 0.29911 0.389329 0.510422 0.567947 0.47549 0.344028 0.243765 0.179094 0.141365 0.122378 0.115862 0.116696 0.120126 0.121787 0.118687 0.110322 0.0985654 0.0862995 0.0760486 0.0694856 0.0676098 0.0710964 0.0805135 0.0962498 0.117971 0.143415 0.166933 0.180058 0.176808 0.15977 0.138323 0.121723 0.115731 0.123388 0.14676 0.188148 0.250676 0.33825 0.453641 0.589563 0.701956 0.69876 0.574076 0.421706 0.293369 0.19899 0.134161 0.09166 0.0651595 0.0500722 0.0434652 0.0437346 0.050266 0.063123 0.0827464 0.109657 0.144173 0.186078 0.234006 0.28448 0.331943 0.371868 0.404613 0.433243 0.455469 0.460682 0.443569 0.416396 0.395189 0.38467 0.378285 0.363934 0.333675 0.292125 0.250448 0.215737 0.189737 0.172565 0.164723 0.166629 0.177535 0.194967 0.214812 0.232061 0.242273 0.243371 0.236785 0.227309 0.222017 0.228891 0.255439 0.305827 0.372056 0.417706 0.395582 0.320815 0.242551 0.182681 0.141978 0.115097 0.0966966 0.0831632 0.0727236 0.0649089 0.0598647 0.0578308 0.0588708 0.0627777 0.0690965 0.0772902 0.0870598 0.0986157 0.112485 0.128619 0.145279 0.159042 0.167001 0.169565 0.170136 0.171685 0.174213 0.175336 0.172711 0.165693 0.155132 0.142364 0.128508 0.114322 0.100515 0.0881418 0.0786254 0.0734301 0.0737245 0.0802565 0.0933888 0.113138 0.139004 0.169247 0.199542 0.222377 0.230297 0.222099 0.203893 0.183404 0.165636 0.152921 0.146599 0.148124 0.159065 0.180266 0.210646 0.246127 0.279418 0.301768 0.307187 0.296544 0.276618 0.254828 0.235675 0.221134 0.212854 0.213274 0.22432 0.244656 0.26759 0.282332 0.280368 0.262668 0.239234 0.221457 0.215854 0.222361 0.235168 0.245575 0.247759 0.24414 0.244174 0.257885 0.289572 0.331292 0.357272 0.339721 0.284511 0.220281 0.165182 0.123564 0.0938701 0.0733438 0.0596733 0.0513197 0.047395 0.0474109 0.0510128 0.0577376 0.066824 0.077133 0.0872453 0.0957289 0.101431 0.103629 0.102066 0.0970255 0.0894063 0.0805978 0.0720772 0.064959 0.0597229 0.0561718 0.0535739 0.0509555 0.0474932 0.0428533 0.0372826 0.0314063 0.025901 0.0212528 0.0176793 0.0151704 0.0135702 0.0126519 0.0121685 0.0118852 0.0116017 0.011171 0.0105119 0.00961311 0.00852158 0.00732048 0.00610256 0.00494848 0.00391466 0.00303077 0.00230373 0.00172455 0.00127515 0.000933891 0.000679197 0.000491682 0.000355032 0.000256157 0.000184922 0.000133692 9.68392e-05 7.02775e-05 5.10779e-05 3.71542e-05 2.70254e-05 1.96394e-05 1.42459e-05 1.03065e-05 7.43185e-06 5.33856e-06 3.81883e-06 2.71964e-06 1.92805e-06 1.36063e-06 9.55889e-07 6.68609e-07 4.65699e-07 3.23068e-07 2.23269e-07 1.53746e-07 1.05516e-07 7.21883e-08 4.92424e-08 3.34983e-08 2.273e-08 1.53868e-08 1.0393e-08 7.0057e-09 4.71348e-09 3.16575e-09 2.12285e-09 1.42145e-09 9.50541e-10 6.34894e-10 4.23627e-10 2.82411e-10 1.88131e-10 1.25253e-10 8.3355e-11 5.54581e-11 3.68944e-11 2.45467e-11 1.63357e-11 1.0876e-11 7.24539e-12 4.83047e-12 3.22344e-12 2.15337e-12 
1.02917e-12 1.50414e-12 2.1948e-12 3.19744e-12 4.65062e-12 6.75351e-12 9.79211e-12 1.41768e-11 2.04966e-11 2.95962e-11 4.26893e-11 6.15207e-11 8.86044e-11 1.27573e-10 1.83693e-10 2.64632e-10 3.81613e-10 5.51149e-10 7.97697e-10 1.15772e-09 1.68593e-09 2.46504e-09 3.62093e-09 5.34633e-09 7.93824e-09 1.18567e-08 1.78175e-08 2.69394e-08 4.09759e-08 6.26835e-08 9.64027e-08 1.48978e-07 2.3121e-07 3.60143e-07 5.62666e-07 8.81161e-07 1.38233e-06 2.17096e-06 3.41126e-06 5.3598e-06 8.41603e-06 1.31992e-05 2.06647e-05 3.22779e-05 5.02712e-05 7.80192e-05 0.000120576 0.000185428 0.000283522 0.000430616 0.000648962 0.000969255 0.00143261 0.00209204 0.00301264 0.00426915 0.0059396 0.00809454 0.0107837 0.0140274 0.0178267 0.0222127 0.0273524 0.0337128 0.0422639 0.0546804 0.073498 0.102126 0.144419 0.203015 0.274863 0.343768 0.381109 0.372176 0.332276 0.282814 0.236408 0.198865 0.171623 0.153094 0.14018 0.129782 0.119883 0.109904 0.100341 0.0921247 0.0861691 0.0832104 0.0838173 0.0883867 0.0969975 0.109069 0.122931 0.135699 0.144052 0.145899 0.141585 0.133375 0.123876 0.114982 0.107748 0.102669 0.0998968 0.0993832 0.10115 0.105774 0.114879 0.131262 0.158319 0.198169 0.247198 0.289099 0.297357 0.263281 0.208832 0.157877 0.120588 0.0984046 0.0900952 0.0943559 0.110176 0.135892 0.167321 0.196178 0.211965 0.208984 0.191137 0.167635 0.146374 0.131697 0.125082 0.126229 0.133891 0.146554 0.163015 0.182736 0.206018 0.234058 0.268222 0.307093 0.341567 0.354235 0.332698 0.28455 0.228832 0.179861 0.143557 0.120667 0.109956 0.10999 0.11989 0.139476 0.169076 0.209173 0.259816 0.319202 0.380498 0.428493 0.444216 0.421507 0.373477 0.317579 0.264224 0.217627 0.178937 0.147465 0.121542 0.0997223 0.0814766 0.0669754 0.0565073 0.050153 0.0478413 0.0495964 0.0557797 0.0672073 0.0850681 0.110546 0.143976 0.183382 0.222859 0.253049 0.266675 0.265868 0.262189 0.27057 0.305161 0.376286 0.477132 0.543569 0.491691 0.387447 0.309332 0.272908 0.272365 0.297499 0.337299 0.383405 0.436166 0.508655 0.624367 0.808967 1.04566 1.03863 0.813859 0.607592 0.446182 0.336236 0.276783 0.264814 0.299796 0.381803 0.492351 0.542167 0.45446 0.327799 0.229331 0.164852 0.126285 0.105429 0.0959558 0.0930285 0.0927722 0.0921599 0.0892962 0.083717 0.0762588 0.0684644 0.0619241 0.0579013 0.0572718 0.0606118 0.0682608 0.080227 0.095827 0.113062 0.128173 0.136488 0.135241 0.126212 0.114978 0.107763 0.109366 0.123068 0.151313 0.196117 0.258908 0.339737 0.435181 0.532076 0.59694 0.586191 0.49831 0.379746 0.27064 0.186004 0.126028 0.0859692 0.0606997 0.0461932 0.039773 0.0399633 0.0462704 0.0589948 0.0790938 0.108078 0.147842 0.200091 0.264602 0.335796 0.400817 0.448418 0.48447 0.52581 0.572242 0.585325 0.531752 0.448236 0.378495 0.332619 0.302961 0.277976 0.249912 0.218427 0.187921 0.162472 0.143941 0.132855 0.129412 0.133609 0.144869 0.161682 0.181446 0.200616 0.215268 0.222234 0.22069 0.213328 0.205908 0.205194 0.216408 0.240359 0.269502 0.286263 0.274732 0.239216 0.197879 0.163559 0.139252 0.122455 0.109386 0.0974277 0.0858859 0.0754273 0.0670647 0.0615118 0.0590738 0.0598247 0.063847 0.0714658 0.083446 0.101003 0.125272 0.155781 0.187968 0.212073 0.21839 0.206972 0.187681 0.170244 0.15858 0.151988 0.148069 0.14463 0.140302 0.134383 0.126474 0.116393 0.104548 0.0922972 0.0817146 0.0749447 0.0737238 0.0793417 0.0928749 0.115376 0.147618 0.188731 0.23316 0.26784 0.277418 0.25922 0.226097 0.192194 0.16487 0.146433 0.137377 0.138006 0.148716 0.169523 0.199249 0.234645 0.269942 0.297803 0.312507 0.313563 0.305564 0.29402 0.281805 0.269528 0.259025 0.255256 0.263445 0.284174 0.310186 0.327641 0.324536 0.301568 0.272218 0.251938 0.249865 0.266675 0.293791 0.314165 0.312937 0.293546 0.27402 0.269628 0.284693 0.310695 0.326484 0.311737 0.268799 0.216589 0.169362 0.13184 0.103642 0.0829371 0.0680231 0.0577644 0.0515265 0.0489442 0.0496835 0.05326 0.0589366 0.0657199 0.0724708 0.0780991 0.0817499 0.0828993 0.0813818 0.0774202 0.0716406 0.0649676 0.0583725 0.0525946 0.0479701 0.044414 0.0415264 0.0387789 0.0357279 0.032179 0.0282307 0.0241868 0.0204035 0.017159 0.0145934 0.0127124 0.011424 0.0105828 0.0100267 0.00960232 0.00918244 0.00867763 0.00804193 0.0072722 0.00639987 0.00547716 0.00456153 0.003703 0.00293669 0.00228104 0.00173997 0.00130689 0.000969048 0.000711104 0.000517626 0.000374574 0.000269997 0.000194196 0.000139578 0.000100363 7.22502e-05 5.2091e-05 3.76135e-05 2.7192e-05 1.96705e-05 1.42285e-05 1.02835e-05 7.42048e-06 5.34238e-06 3.83524e-06 2.7441e-06 1.95616e-06 1.38901e-06 9.82297e-07 6.91825e-07 4.85263e-07 3.39015e-07 2.35926e-07 1.63574e-07 1.13007e-07 7.78087e-08 5.3403e-08 3.65425e-08 2.49348e-08 1.69692e-08 1.15198e-08 7.8023e-09 5.27307e-09 3.55657e-09 2.39437e-09 1.60916e-09 1.07974e-09 7.23453e-10 4.84092e-10 3.23543e-10 2.16015e-10 1.44094e-10 9.60457e-11 6.39805e-11 4.26011e-11 2.83575e-11 1.88737e-11 1.25621e-11 8.36281e-12 5.56933e-12 3.71094e-12 2.47438e-12 1.65126e-12 
7.69307e-13 1.12314e-12 1.63722e-12 2.383e-12 3.46338e-12 5.02641e-12 7.28501e-12 1.05454e-11 1.52481e-11 2.20276e-11 3.17988e-11 4.58843e-11 6.62006e-11 9.55356e-11 1.37961e-10 1.99455e-10 2.88835e-10 4.19198e-10 6.10105e-10 8.90967e-10 1.30629e-09 1.92386e-09 2.84748e-09 4.23706e-09 6.34013e-09 9.54141e-09 1.44412e-08 2.19786e-08 3.36267e-08 5.16994e-08 7.98352e-08 1.23759e-07 1.92475e-07 3.00144e-07 4.69e-07 7.33912e-07 1.14944e-06 1.80073e-06 2.82028e-06 4.41345e-06 6.89724e-06 1.07585e-05 1.67405e-05 2.59706e-05 4.01455e-05 6.17958e-05 9.46562e-05 0.000144171 0.000218163 0.000327676 0.000487985 0.000719682 0.00104968 0.0015118 0.00214654 0.00299943 0.00411769 0.00554579 0.00732177 0.0094795 0.0120644 0.0151716 0.0190135 0.0240137 0.0309141 0.0408655 0.0554521 0.0765449 0.105771 0.14326 0.185514 0.223748 0.246681 0.248951 0.23541 0.215439 0.196611 0.182893 0.17493 0.170749 0.166888 0.160092 0.149066 0.135023 0.12054 0.107978 0.0987069 0.0931829 0.0913329 0.0928479 0.0972529 0.10378 0.111193 0.117816 0.121957 0.122595 0.119822 0.114665 0.108499 0.102544 0.0976775 0.0944285 0.0929918 0.0932884 0.0951969 0.0989745 0.105631 0.116889 0.134479 0.158605 0.185585 0.206181 0.209221 0.191491 0.161397 0.130458 0.105952 0.090645 0.0850496 0.0889629 0.101843 0.122281 0.146978 0.170139 0.184852 0.186722 0.176605 0.15949 0.141298 0.126581 0.117819 0.115706 0.119798 0.129152 0.142808 0.160122 0.18099 0.205863 0.234963 0.26609 0.291984 0.301302 0.286564 0.251812 0.209167 0.169795 0.139704 0.120568 0.111896 0.112724 0.122526 0.141521 0.170505 0.210325 0.260946 0.319853 0.379383 0.424367 0.4363 0.408101 0.352465 0.289232 0.231432 0.183777 0.146407 0.117721 0.0957601 0.0789115 0.066171 0.0570275 0.0511884 0.048403 0.0484889 0.0515085 0.0579603 0.0688529 0.0855613 0.109395 0.140801 0.178204 0.216987 0.250055 0.271414 0.280953 0.286333 0.301728 0.345926 0.440356 0.599627 0.744073 0.625208 0.449185 0.339854 0.292252 0.291327 0.323777 0.376269 0.435441 0.495221 0.565725 0.668684 0.817891 0.975829 1.01204 0.88639 0.685444 0.497444 0.36335 0.286032 0.258337 0.273594 0.32356 0.384955 0.405872 0.354455 0.270632 0.196505 0.143955 0.11086 0.0920847 0.0828183 0.0791373 0.0779325 0.0768698 0.074498 0.0703551 0.0648806 0.0590927 0.0541774 0.0511733 0.0508223 0.0535406 0.0594151 0.0681408 0.0788607 0.0899712 0.0991616 0.104105 0.103822 0.099743 0.0953865 0.0950042 0.102485 0.121044 0.153241 0.200623 0.262595 0.33484 0.408476 0.469799 0.49946 0.479301 0.411525 0.321271 0.234501 0.164237 0.112778 0.0775864 0.055031 0.041978 0.0362593 0.0367077 0.043084 0.0560363 0.0771487 0.109089 0.155754 0.221945 0.311113 0.417855 0.515108 0.567716 0.592194 0.643193 0.745279 0.808334 0.674543 0.499906 0.375829 0.298096 0.249678 0.21619 0.188645 0.163671 0.141657 0.124101 0.112091 0.106146 0.106508 0.113263 0.126203 0.144552 0.166631 0.189536 0.209075 0.220608 0.221275 0.212411 0.199496 0.189239 0.186317 0.19132 0.199912 0.204294 0.198576 0.184158 0.167906 0.155655 0.148572 0.143686 0.136704 0.12529 0.110437 0.0950305 0.081654 0.0716689 0.0655084 0.06333 0.0655335 0.0730944 0.087794 0.112298 0.149686 0.201351 0.261366 0.308437 0.313764 0.276806 0.2263 0.184137 0.156279 0.140732 0.133466 0.13075 0.129715 0.128207 0.12453 0.117548 0.107254 0.0951528 0.0838046 0.0758838 0.0735714 0.0785794 0.0925406 0.117356 0.155004 0.205878 0.264191 0.311536 0.322404 0.292329 0.243708 0.197624 0.162589 0.139918 0.128863 0.128612 0.138624 0.158306 0.186451 0.2206 0.256605 0.289081 0.313339 0.327881 0.334879 0.337422 0.335527 0.326163 0.310106 0.29618 0.294749 0.309129 0.332254 0.348811 0.344762 0.320258 0.290538 0.273831 0.282472 0.320559 0.379136 0.425343 0.417301 0.363807 0.308976 0.276949 0.269524 0.276452 0.281275 0.270262 0.242226 0.206059 0.170547 0.139886 0.114806 0.0946429 0.0786097 0.0662574 0.0574352 0.0520611 0.0499151 0.0505311 0.0531866 0.056972 0.0609213 0.0641691 0.0660747 0.0662781 0.0647007 0.0615355 0.0572219 0.0523618 0.0475673 0.0432959 0.0397481 0.0368579 0.0343676 0.0319513 0.0293467 0.0264478 0.0233256 0.0201753 0.0172279 0.0146689 0.012596 0.011015 0.00986155 0.00903156 0.00840943 0.00788873 0.00738517 0.00684294 0.006236 0.00556515 0.00485134 0.00412688 0.00342632 0.00277928 0.00220617 0.00171715 0.00131334 0.000989274 0.000735503 0.0005409 0.000394289 0.00028545 0.000205618 0.000147616 0.000105777 7.57465e-05 5.42572e-05 3.88996e-05 2.79226e-05 2.00675e-05 1.44358e-05 1.03897e-05 7.47699e-06 5.37691e-06 3.86138e-06 2.76756e-06 1.97866e-06 1.41051e-06 1.00225e-06 7.09675e-07 5.00692e-07 3.51946e-07 2.46476e-07 1.71982e-07 1.19575e-07 8.28506e-08 5.72145e-08 3.93856e-08 2.70305e-08 1.84982e-08 1.26249e-08 8.59443e-09 5.83667e-09 3.9549e-09 2.67417e-09 1.80462e-09 1.21559e-09 8.17421e-10 5.48809e-10 3.67934e-10 2.46347e-10 1.64744e-10 1.10057e-10 7.34562e-11 4.89896e-11 3.26518e-11 2.17521e-11 1.44862e-11 9.6457e-12 6.42255e-12 4.27705e-12 2.84915e-12 1.89884e-12 1.26628e-12 
5.74317e-13 8.37704e-13 1.22016e-12 1.7748e-12 2.57818e-12 3.74066e-12 5.42129e-12 7.8495e-12 1.13565e-11 1.64214e-11 2.37386e-11 3.43173e-11 4.96301e-11 7.18335e-11 1.04102e-10 1.5113e-10 2.19906e-10 3.20884e-10 4.69806e-10 6.90515e-10 1.01934e-09 1.51192e-09 2.25391e-09 3.3778e-09 5.08924e-09 7.70856e-09 1.1736e-08 1.79543e-08 2.75901e-08 4.25669e-08 6.5902e-08 1.02328e-07 1.59259e-07 2.48303e-07 3.87592e-07 6.05396e-07 9.45668e-07 1.47652e-06 2.30313e-06 3.58715e-06 5.57584e-06 8.64522e-06 1.33633e-05 2.05818e-05 3.15664e-05 4.81796e-05 7.31304e-05 0.000110306 0.000165196 0.000245414 0.000361283 0.000526445 0.000758364 0.00107858 0.0015125 0.00208858 0.00283704 0.0037887 0.00497568 0.00643682 0.00823163 0.0104669 0.0133373 0.0171767 0.0225088 0.0300752 0.0408009 0.0556307 0.0751414 0.0988695 0.124546 0.148014 0.164875 0.173395 0.175838 0.176764 0.180315 0.18851 0.20059 0.212964 0.219892 0.215947 0.200046 0.176822 0.153027 0.133429 0.119761 0.111696 0.108073 0.107661 0.109434 0.112477 0.115767 0.118123 0.118476 0.116297 0.111828 0.105921 0.0996439 0.0939493 0.089523 0.0867471 0.085692 0.0861621 0.0878859 0.090842 0.0955177 0.102819 0.113502 0.127214 0.141505 0.15174 0.153167 0.144411 0.128665 0.111145 0.0961693 0.0863003 0.0828299 0.0863462 0.0968758 0.113583 0.134226 0.154841 0.170383 0.176571 0.172035 0.159133 0.142672 0.127523 0.116929 0.112221 0.113367 0.119639 0.130133 0.144119 0.161264 0.181572 0.204679 0.22838 0.247344 0.25425 0.2444 0.219966 0.188747 0.159041 0.136119 0.12194 0.116516 0.119362 0.130474 0.150726 0.181725 0.22521 0.282134 0.351422 0.427132 0.491271 0.509588 0.462386 0.377227 0.291043 0.220184 0.16673 0.127881 0.100128 0.080536 0.0669846 0.0580672 0.0528521 0.0506333 0.0507945 0.052862 0.0567244 0.0628739 0.0724799 0.087187 0.108646 0.137833 0.174249 0.215232 0.255886 0.289972 0.312159 0.322911 0.334044 0.367394 0.446659 0.581946 0.693214 0.595204 0.438695 0.338648 0.299358 0.311016 0.364187 0.445188 0.528785 0.590459 0.639429 0.706901 0.806291 0.917579 0.98636 0.925398 0.724654 0.518563 0.370374 0.281263 0.239833 0.234739 0.253613 0.277498 0.281258 0.252481 0.204458 0.157073 0.120451 0.0961526 0.0821165 0.075409 0.0731946 0.0729914 0.0727879 0.0712237 0.0677785 0.062801 0.0572735 0.0524085 0.0492768 0.048592 0.050638 0.0552604 0.0618648 0.0694276 0.0765825 0.0818834 0.0843074 0.0838695 0.0819737 0.0812009 0.0847138 0.0957403 0.117323 0.152047 0.201149 0.262429 0.327642 0.382979 0.415381 0.417451 0.387037 0.329936 0.260525 0.193765 0.138372 0.096693 0.0675316 0.0485428 0.0375111 0.0328606 0.0338078 0.0404123 0.0536666 0.0757101 0.110228 0.16303 0.242552 0.358897 0.515151 0.670064 0.716651 0.692373 0.72461 0.875325 1.11064 0.778078 0.521709 0.36476 0.269742 0.211449 0.173698 0.146865 0.126198 0.110112 0.0985166 0.0917196 0.0900114 0.0936458 0.102873 0.117859 0.138417 0.163509 0.190533 0.214765 0.230009 0.231522 0.219683 0.200323 0.180953 0.166847 0.159504 0.157107 0.156297 0.154835 0.153501 0.155331 0.162686 0.174284 0.184089 0.184135 0.170975 0.148749 0.124699 0.103886 0.0881579 0.0776176 0.0721406 0.0722077 0.0792872 0.0961337 0.12718 0.178803 0.258196 0.365862 0.467557 0.473098 0.379728 0.278289 0.205214 0.160378 0.136119 0.125198 0.122056 0.12255 0.123457 0.12219 0.117012 0.107682 0.0957791 0.0840955 0.0755526 0.0725384 0.0769585 0.0906878 0.115981 0.155328 0.209743 0.273599 0.326311 0.337229 0.301001 0.24516 0.193908 0.155928 0.131866 0.12027 0.119699 0.129074 0.147468 0.173758 0.206237 0.242282 0.278404 0.311058 0.338126 0.360031 0.378106 0.389025 0.383299 0.358608 0.329347 0.312669 0.314534 0.328342 0.339409 0.334413 0.313045 0.289331 0.281634 0.305399 0.371975 0.482324 0.58837 0.565411 0.445197 0.341416 0.279698 0.252141 0.244633 0.242778 0.235833 0.220171 0.198236 0.174159 0.150749 0.129113 0.109484 0.0920277 0.0771552 0.0653798 0.0570234 0.0520295 0.0499434 0.0500098 0.0513241 0.0529965 0.0542942 0.0547289 0.0540731 0.0523303 0.0496903 0.0464807 0.0430993 0.0399191 0.0371896 0.0349737 0.0331434 0.03144 0.029579 0.0273603 0.0247408 0.0218375 0.0188679 0.0160653 0.0136088 0.0115894 0.0100117 0.00881768 0.00791568 0.00720743 0.00660616 0.00604659 0.00548786 0.00491199 0.00431932 0.00372266 0.00314105 0.00259422 0.00209843 0.00166426 0.00129605 0.000992734 0.000749268 0.000558259 0.000411365 0.000300325 0.000217613 0.000156757 0.000112433 8.04075e-05 5.74089e-05 4.09628e-05 2.92329e-05 2.08764e-05 1.49229e-05 1.06775e-05 7.64571e-06 5.4769e-06 3.92294e-06 2.80811e-06 2.00772e-06 1.43303e-06 1.02063e-06 7.25066e-07 5.13624e-07 3.62722e-07 2.55327e-07 1.79132e-07 1.25254e-07 8.72888e-08 6.06313e-08 4.198e-08 2.89761e-08 1.99407e-08 1.36836e-08 9.3643e-09 6.39184e-09 4.35222e-09 2.95658e-09 2.00409e-09 1.35566e-09 9.1527e-10 6.16827e-10 4.14999e-10 2.78776e-10 1.87e-10 1.25274e-10 8.38237e-11 5.60293e-11 3.74166e-11 2.49673e-11 1.66494e-11 1.1097e-11 7.39365e-12 4.92518e-12 3.28066e-12 2.18546e-12 1.45625e-12 9.70737e-13 
4.28327e-13 6.24323e-13 9.08854e-13 1.32148e-12 1.91934e-12 2.78496e-12 4.03767e-12 5.85017e-12 8.47291e-12 1.22698e-11 1.77715e-11 2.57537e-11 3.7356e-11 5.42592e-11 7.89557e-11 1.1516e-10 1.68441e-10 2.47189e-10 3.64126e-10 5.38635e-10 8.00402e-10 1.1951e-09 1.79329e-09 2.70436e-09 4.09841e-09 6.24054e-09 9.54464e-09 1.46576e-08 2.25914e-08 3.49287e-08 5.4144e-08 8.41031e-08 1.30836e-07 2.03733e-07 3.1738e-07 4.94374e-07 7.69609e-07 1.19676e-06 1.85801e-06 2.87864e-06 4.44842e-06 6.85306e-06 1.05195e-05 1.60804e-05 2.44645e-05 3.702e-05 5.56802e-05 8.31773e-05 0.000123309 0.000181254 0.000263917 0.000380269 0.000541623 0.000761777 0.00105695 0.00144557 0.00194807 0.00258729 0.00339063 0.00439539 0.00565934 0.00727784 0.00940731 0.0122917 0.0162834 0.0218446 0.0295042 0.0397407 0.0527669 0.0682448 0.0850933 0.101705 0.116795 0.130506 0.144846 0.16292 0.187386 0.218898 0.255035 0.289622 0.312095 0.310419 0.282236 0.24023 0.200111 0.170145 0.151438 0.141607 0.137465 0.136403 0.136792 0.137671 0.138124 0.136968 0.133106 0.126208 0.117023 0.106978 0.0974991 0.0895916 0.0837703 0.0801573 0.0785795 0.078663 0.0799909 0.0823291 0.0857862 0.0907355 0.0974556 0.105622 0.113925 0.120192 0.12229 0.119358 0.112308 0.103216 0.0944159 0.0879908 0.085617 0.0884909 0.0972098 0.111558 0.130181 0.150253 0.16751 0.177214 0.176349 0.16577 0.149907 0.134041 0.121908 0.115146 0.113877 0.117442 0.124934 0.135552 0.148803 0.164422 0.181813 0.199091 0.212473 0.217189 0.210288 0.193201 0.171227 0.150412 0.134907 0.126411 0.125045 0.130612 0.143614 0.165733 0.199692 0.248613 0.315356 0.402568 0.512171 0.631903 0.684535 0.587031 0.43658 0.311524 0.22183 0.160249 0.118624 0.0908024 0.0726266 0.0614108 0.0554249 0.0534534 0.0544534 0.0573837 0.0613004 0.0657169 0.0710183 0.0785978 0.0905776 0.109284 0.136734 0.17425 0.222067 0.278274 0.335698 0.378173 0.389606 0.378797 0.376649 0.406622 0.464333 0.498299 0.452398 0.368588 0.308141 0.292591 0.32687 0.413299 0.546499 0.68313 0.738929 0.735187 0.750684 0.801142 0.867448 0.913005 0.859093 0.682284 0.493349 0.35233 0.262892 0.214595 0.195784 0.194753 0.198495 0.194435 0.17679 0.149775 0.121892 0.0992565 0.0840565 0.0759225 0.0733322 0.0743352 0.076826 0.0787441 0.0784445 0.0751968 0.0694582 0.0626208 0.0563807 0.0521511 0.0507668 0.0524242 0.056709 0.0626495 0.0688558 0.0738363 0.0764733 0.0764736 0.0745763 0.0724521 0.0724008 0.0770377 0.0891056 0.11137 0.146302 0.19493 0.254158 0.313189 0.354629 0.366043 0.348707 0.310657 0.26013 0.205627 0.15483 0.112488 0.0800934 0.0570248 0.0418247 0.0330351 0.0296208 0.0311604 0.0379695 0.051269 0.0734882 0.108783 0.163831 0.248837 0.37791 0.563267 0.76702 0.79857 0.717983 0.70344 0.77533 0.824536 0.665578 0.469669 0.329428 0.238663 0.181099 0.144047 0.119287 0.102189 0.0905619 0.0835856 0.0810428 0.0829449 0.0894471 0.100877 0.117696 0.140227 0.167985 0.1986 0.226811 0.244988 0.246703 0.231575 0.206022 0.178776 0.156218 0.140917 0.132584 0.129875 0.13214 0.140415 0.157025 0.183571 0.217285 0.24707 0.256058 0.23698 0.200893 0.163432 0.13275 0.110209 0.0946801 0.0852846 0.0823833 0.087766 0.104871 0.139473 0.200956 0.303946 0.467916 0.687801 0.697159 0.481882 0.32028 0.220777 0.163718 0.13381 0.120699 0.117317 0.118538 0.120403 0.119872 0.115108 0.105982 0.094179 0.0824858 0.0737569 0.0703067 0.0739593 0.0864514 0.10976 0.145858 0.195009 0.25126 0.296358 0.30547 0.274417 0.225208 0.178812 0.143863 0.12164 0.11108 0.110833 0.119744 0.136821 0.161106 0.191523 0.226632 0.264385 0.30215 0.337564 0.370129 0.400341 0.42237 0.420196 0.387633 0.344344 0.313136 0.301505 0.303575 0.306979 0.301146 0.285555 0.270914 0.272984 0.307913 0.392344 0.541037 0.718407 0.674078 0.486715 0.350392 0.271997 0.23385 0.219656 0.216306 0.214365 0.208776 0.198338 0.183917 0.16677 0.147865 0.128054 0.108448 0.090439 0.075327 0.0638924 0.0562257 0.0518201 0.0497974 0.0491588 0.0490001 0.0486586 0.0477692 0.0462368 0.0441638 0.0417733 0.0393475 0.0371714 0.0354698 0.0343386 0.0336941 0.0332666 0.0326639 0.0314997 0.0295417 0.0268025 0.0235225 0.0200601 0.0167612 0.0138686 0.0114944 0.00963886 0.00822988 0.00716289 0.00633146 0.00564571 0.00504028 0.00447475 0.00392972 0.00340107 0.00289403 0.00241811 0.00198313 0.00159672 0.00126303 0.000982573 0.000752719 0.000568638 0.000424251 0.000313081 0.000228877 0.000166001 0.000119625 8.57702e-05 6.12676e-05 4.36541e-05 3.10582e-05 2.20834e-05 1.57032e-05 1.11721e-05 7.95451e-06 5.66797e-06 4.04119e-06 2.88223e-06 2.05547e-06 1.46507e-06 1.0432e-06 7.4173e-07 5.26394e-07 3.72744e-07 2.63281e-07 1.85457e-07 1.30259e-07 9.12168e-08 6.36822e-08 4.43236e-08 3.07566e-08 2.1279e-08 1.46793e-08 1.00982e-08 6.92804e-09 4.74081e-09 3.23609e-09 2.20377e-09 1.49741e-09 1.0153e-09 6.87037e-10 4.64033e-10 3.12861e-10 2.10589e-10 1.41533e-10 9.49864e-11 6.36654e-11 4.26221e-11 2.85042e-11 1.9045e-11 1.27148e-11 8.48299e-12 5.65667e-12 3.77056e-12 2.51274e-12 1.67436e-12 1.11576e-12 7.43675e-13 
3.19241e-13 4.65108e-13 6.76889e-13 9.84137e-13 1.42963e-12 2.07537e-12 3.01127e-12 4.36806e-12 6.33619e-12 9.19394e-12 1.33493e-11 1.94028e-11 2.82423e-11 4.11867e-11 6.02047e-11 8.82513e-11 1.29784e-10 1.91562e-10 2.83887e-10 4.22529e-10 6.31734e-10 9.48919e-10 1.43201e-09 2.17091e-09 3.30548e-09 5.05358e-09 7.7549e-09 1.19394e-08 1.84336e-08 2.85261e-08 4.42238e-08 6.86476e-08 1.06641e-07 1.65703e-07 2.57414e-07 3.99592e-07 6.1955e-07 9.58979e-07 1.48119e-06 2.28181e-06 3.50434e-06 5.36261e-06 8.1727e-06 1.23976e-05 1.87086e-05 2.80679e-05 4.18361e-05 6.19095e-05 9.08855e-05 0.000132255 0.000190606 0.000271827 0.000383278 0.000533906 0.000734318 0.00099688 0.00133605 0.00176931 0.00231946 0.00301892 0.00391705 0.00509078 0.00665785 0.00879008 0.0117215 0.0157432 0.0211739 0.0282983 0.0372767 0.0480666 0.060447 0.0742643 0.0899252 0.108936 0.134089 0.168927 0.216303 0.276198 0.344031 0.410609 0.458956 0.460136 0.404427 0.326652 0.261131 0.218548 0.196184 0.187261 0.185086 0.184988 0.184895 0.184372 0.182838 0.178542 0.169388 0.154884 0.136946 0.118652 0.102525 0.089839 0.0808369 0.0751894 0.0723202 0.0715826 0.0723865 0.0743257 0.0772541 0.0812306 0.0863329 0.0924238 0.0989837 0.105109 0.109719 0.111875 0.111082 0.107553 0.102396 0.0975032 0.0950352 0.0968089 0.103918 0.116577 0.133943 0.153783 0.172175 0.184051 0.185476 0.176507 0.161349 0.145381 0.132441 0.124237 0.120991 0.122176 0.126992 0.134664 0.144604 0.156325 0.169032 0.181052 0.189661 0.191881 0.186215 0.174078 0.159381 0.146496 0.138398 0.136118 0.139397 0.1479 0.162391 0.185338 0.220662 0.272873 0.346466 0.447544 0.58975 0.798695 0.996163 0.735347 0.490261 0.328912 0.224767 0.157541 0.114142 0.0864261 0.0694267 0.0601419 0.0566998 0.0577424 0.0619549 0.0678077 0.0736901 0.0785153 0.082471 0.0872926 0.0958288 0.111362 0.137273 0.177227 0.23555 0.316359 0.416504 0.503241 0.511318 0.448581 0.387814 0.360685 0.359046 0.355161 0.328341 0.289525 0.264814 0.273578 0.32942 0.447497 0.644972 0.892767 0.920896 0.817977 0.779179 0.787623 0.80226 0.788878 0.713944 0.577175 0.430885 0.314139 0.234789 0.187101 0.162239 0.151234 0.145583 0.138403 0.126482 0.110988 0.0954748 0.0832012 0.0758902 0.0738394 0.0763886 0.0821803 0.0891814 0.0947918 0.0964839 0.0929681 0.0850154 0.0750477 0.0658611 0.0595793 0.0573018 0.059163 0.0644319 0.0715609 0.0783799 0.0826909 0.0831816 0.080073 0.0749905 0.0702813 0.0683995 0.0716748 0.0823652 0.102727 0.134746 0.178978 0.231829 0.282042 0.312266 0.311822 0.285939 0.246543 0.202537 0.159438 0.120934 0.0891466 0.0646818 0.0470861 0.0354403 0.028832 0.0266482 0.0287498 0.0356122 0.0485103 0.0698067 0.103388 0.155229 0.233797 0.348906 0.502723 0.652017 0.686032 0.633085 0.599541 0.59859 0.578239 0.492397 0.376701 0.27669 0.204132 0.155031 0.12265 0.101525 0.0881306 0.0805064 0.0776684 0.079106 0.0845161 0.0937858 0.107139 0.125236 0.148949 0.178519 0.212057 0.243936 0.264962 0.266648 0.247739 0.215715 0.181158 0.151833 0.131134 0.119496 0.1164 0.121943 0.137694 0.166625 0.211537 0.270356 0.326769 0.347673 0.316884 0.259978 0.206 0.165017 0.135966 0.115488 0.101689 0.0948176 0.0968634 0.111413 0.144269 0.20483 0.307998 0.474611 0.705662 0.714866 0.486183 0.320044 0.218587 0.160714 0.130797 0.118316 0.1159 0.117943 0.120025 0.118995 0.113363 0.10351 0.0913768 0.0796496 0.0708887 0.0670909 0.0697533 0.0801753 0.0996325 0.129011 0.167335 0.2088 0.240337 0.24703 0.226454 0.191342 0.155975 0.128024 0.10981 0.101281 0.101669 0.110073 0.125618 0.147517 0.175094 0.207606 0.243839 0.281771 0.319079 0.3547 0.38824 0.412959 0.412057 0.378764 0.332366 0.295448 0.27582 0.269247 0.266624 0.260534 0.250384 0.243281 0.250799 0.285862 0.361033 0.480847 0.598406 0.570621 0.435548 0.320608 0.249443 0.213311 0.200312 0.200186 0.204872 0.208639 0.208038 0.201557 0.189088 0.17144 0.150131 0.127337 0.105544 0.086877 0.0725339 0.0626587 0.0565673 0.0531189 0.0510865 0.0494568 0.0476046 0.0453151 0.0426838 0.0399731 0.0374963 0.0355509 0.0343792 0.0341252 0.0347725 0.0360751 0.0375287 0.0384441 0.0381534 0.0362795 0.0329054 0.0285199 0.0237842 0.0192835 0.0153896 0.0122481 0.00983685 0.00804075 0.00671273 0.00571277 0.00492734 0.00427518 0.00370483 0.00318816 0.00271312 0.00227713 0.00188202 0.00153067 0.001225 0.00096506 0.000748937 0.00057308 0.00043285 0.000323092 0.000238627 0.00017461 0.000126744 9.13786e-05 6.55169e-05 4.67703e-05 3.32796e-05 2.36277e-05 1.67528e-05 1.18715e-05 8.41241e-06 5.96358e-06 4.23012e-06 3.00243e-06 2.13212e-06 1.51449e-06 1.0757e-06 7.63695e-07 5.41722e-07 3.83787e-07 2.71458e-07 1.91635e-07 1.34986e-07 9.48533e-08 6.64805e-08 4.64693e-08 3.23921e-08 2.25165e-08 1.56083e-08 1.07898e-08 7.43881e-09 5.11506e-09 3.50827e-09 2.40032e-09 1.63841e-09 1.11583e-09 7.58291e-10 5.14266e-10 3.48094e-10 2.35186e-10 1.58627e-10 1.06817e-10 7.18207e-11 4.82229e-11 3.23371e-11 2.16592e-11 1.4492e-11 9.68747e-12 6.4706e-12 4.31904e-12 2.88133e-12 1.92143e-12 1.28096e-12 8.53874e-13 5.69189e-13 
2.37871e-13 3.46495e-13 5.04284e-13 7.33389e-13 1.06598e-12 1.54881e-12 2.25003e-12 3.26912e-12 4.75179e-12 6.91212e-12 1.00659e-11 1.46808e-11 2.14528e-11 3.14223e-11 4.61521e-11 6.80017e-11 1.0055e-10 1.4925e-10 2.22448e-10 3.32962e-10 5.00553e-10 7.55767e-10 1.14594e-09 1.74453e-09 2.66576e-09 4.08728e-09 6.28551e-09 9.69049e-09 1.49707e-08 2.31643e-08 3.58807e-08 5.56103e-08 8.6197e-08 1.33557e-07 2.06765e-07 3.19689e-07 4.9343e-07 7.59933e-07 1.16731e-06 1.78755e-06 2.72767e-06 4.14552e-06 6.27194e-06 9.44124e-06 1.41325e-05 2.10238e-05 3.10623e-05 4.55508e-05 6.62517e-05 9.55046e-05 0.000136353 0.000192674 0.000269295 0.000372119 0.000508262 0.000686301 0.000916771 0.00121319 0.00159396 0.00208559 0.00272761 0.00357906 0.00472624 0.00628984 0.00842908 0.0113394 0.015241 0.0203602 0.0269157 0.0351428 0.0454063 0.0584547 0.0758196 0.100269 0.136094 0.188832 0.263581 0.360708 0.470489 0.577261 0.664992 0.673122 0.559847 0.424298 0.328706 0.276861 0.257062 0.255552 0.260115 0.262966 0.262374 0.260364 0.257814 0.251334 0.235347 0.208219 0.174829 0.142239 0.115078 0.0947818 0.0808643 0.0721427 0.0673756 0.0654953 0.0656719 0.067335 0.07017 0.0740746 0.0790836 0.0852876 0.0927299 0.101229 0.110115 0.118022 0.123086 0.123897 0.120718 0.115764 0.112118 0.112376 0.117986 0.129225 0.14527 0.164031 0.181881 0.194064 0.196745 0.189688 0.176473 0.161805 0.149087 0.139952 0.134865 0.133705 0.136075 0.141464 0.149303 0.158836 0.168811 0.17729 0.181986 0.181211 0.174955 0.165317 0.155778 0.149693 0.148967 0.153594 0.162227 0.173598 0.188198 0.209138 0.241498 0.290699 0.361251 0.458038 0.592033 0.781028 0.92966 0.711528 0.479239 0.321677 0.219303 0.153296 0.110997 0.0844754 0.0689289 0.061503 0.0604408 0.0644084 0.0719113 0.0809084 0.0889554 0.0941416 0.0963654 0.0978179 0.102253 0.113976 0.137618 0.178943 0.246484 0.353326 0.515122 0.711533 0.710726 0.531702 0.397686 0.322972 0.285602 0.263176 0.242495 0.224805 0.221055 0.244442 0.308997 0.432234 0.634327 0.890795 0.914701 0.801944 0.753451 0.743092 0.72292 0.668618 0.57951 0.468289 0.358253 0.267978 0.203109 0.160862 0.135464 0.120805 0.111471 0.103457 0.0948259 0.085785 0.0778684 0.0728184 0.0718828 0.0756432 0.0840252 0.0961261 0.109767 0.121206 0.126036 0.121695 0.109573 0.0941504 0.0801921 0.0709028 0.0677151 0.0707012 0.0787782 0.0895876 0.0995323 0.10474 0.103007 0.0951805 0.0844748 0.0745963 0.0685019 0.0682785 0.0755369 0.0917138 0.117898 0.1538 0.19556 0.233435 0.253897 0.249409 0.224878 0.190788 0.155025 0.121736 0.0929209 0.0694373 0.0513832 0.0383701 0.0298072 0.0251507 0.024086 0.0266612 0.0334105 0.045505 0.0649561 0.0948471 0.13945 0.203719 0.290702 0.393562 0.482207 0.515838 0.500732 0.475304 0.452402 0.418198 0.360773 0.289941 0.223515 0.170855 0.132911 0.107181 0.090792 0.0815964 0.0782582 0.0799465 0.0859736 0.0955885 0.10808 0.12321 0.141693 0.165159 0.195143 0.230983 0.267159 0.292267 0.293988 0.269567 0.229103 0.186514 0.151096 0.126459 0.11296 0.110127 0.118221 0.139082 0.176321 0.234211 0.312747 0.393435 0.426167 0.382892 0.307783 0.242157 0.195133 0.16225 0.137968 0.119792 0.108245 0.105552 0.114938 0.140862 0.189569 0.26839 0.378589 0.48528 0.488344 0.38461 0.275149 0.197291 0.150197 0.125984 0.117159 0.117352 0.120947 0.123195 0.12097 0.113437 0.101861 0.0886929 0.0765633 0.0676424 0.0634532 0.0650103 0.0730457 0.0880694 0.110008 0.137199 0.164937 0.185157 0.190032 0.178232 0.156053 0.131865 0.111504 0.0977106 0.0912958 0.0921364 0.0996928 0.11327 0.132207 0.155991 0.184135 0.215772 0.249263 0.282509 0.314013 0.342302 0.361423 0.359841 0.333758 0.296527 0.264706 0.245181 0.23587 0.230939 0.225553 0.219087 0.215774 0.222999 0.248742 0.298096 0.364816 0.415396 0.402174 0.335522 0.265207 0.216155 0.191002 0.18493 0.191651 0.204863 0.218504 0.2272 0.227265 0.217504 0.199022 0.174463 0.14735 0.121336 0.0992895 0.0826792 0.0715376 0.0648226 0.0609237 0.0581842 0.0553559 0.051858 0.0477466 0.0434661 0.0395674 0.0365342 0.0347309 0.0344053 0.0356745 0.0384501 0.0423137 0.0464134 0.0495294 0.0504272 0.0484065 0.0436682 0.0371813 0.0301696 0.0236252 0.0181045 0.0137698 0.010532 0.00818745 0.00650925 0.00529651 0.00439286 0.00368793 0.00311036 0.00261794 0.00218807 0.00180985 0.00147845 0.00119146 0.000946879 0.000742152 0.000573929 0.000438203 0.000330595 0.000246673 0.000182214 0.00013339 9.68738e-05 6.98709e-05 5.01019e-05 3.57547e-05 2.54196e-05 1.80209e-05 1.27507e-05 9.01097e-06 6.36458e-06 4.49515e-06 3.17573e-06 2.24465e-06 1.58737e-06 1.12303e-06 7.94704e-07 5.62337e-07 3.97764e-07 2.81152e-07 1.98516e-07 1.39973e-07 9.85285e-08 6.92213e-08 4.85274e-08 3.39417e-08 2.36826e-08 1.64831e-08 1.14431e-08 7.92388e-09 5.47303e-09 3.77076e-09 2.59155e-09 1.77685e-09 1.21544e-09 8.29552e-10 5.64959e-10 3.83967e-10 2.60444e-10 1.76328e-10 1.19167e-10 8.04007e-11 5.41601e-11 3.643e-11 2.44705e-11 1.64164e-11 1.10005e-11 7.36365e-12 4.92462e-12 3.29081e-12 2.19754e-12 1.46665e-12 9.78439e-13 6.52547e-13 4.35131e-13 
1.77261e-13 2.58239e-13 3.75975e-13 5.47141e-13 7.96026e-13 1.15809e-12 1.68522e-12 2.45357e-12 3.57525e-12 5.21592e-12 7.62137e-12 1.11579e-11 1.63735e-11 2.40924e-11 3.55594e-11 5.26628e-11 7.82796e-11 1.16809e-10 1.75006e-10 2.63264e-10 3.97633e-10 6.02934e-10 9.17625e-10 1.40135e-09 2.14669e-09 3.29733e-09 5.07621e-09 7.82899e-09 1.2091e-08 1.86896e-08 2.89017e-08 4.46922e-08 6.90762e-08 1.06665e-07 1.64486e-07 2.53198e-07 3.88899e-07 5.9576e-07 9.09873e-07 1.38476e-06 2.09924e-06 3.16838e-06 4.75873e-06 7.10892e-06 1.0557e-05 1.55763e-05 2.28201e-05 3.31773e-05 4.78375e-05 6.8366e-05 9.67855e-05 0.000135664 0.000188212 0.000258397 0.000351113 0.000472463 0.000630262 0.000834935 0.001101 0.0014494 0.00191076 0.00252962 0.00336935 0.00451702 0.00608754 0.00822655 0.0111137 0.0149721 0.0200976 0.0269343 0.0362311 0.049321 0.0685495 0.0978542 0.143429 0.214169 0.320649 0.46824 0.635805 0.769439 0.865725 0.870492 0.682207 0.498128 0.388298 0.341823 0.338651 0.357635 0.377762 0.385341 0.381182 0.375249 0.3735 0.368844 0.344779 0.295348 0.234312 0.178231 0.134609 0.103826 0.0835133 0.0709473 0.0638708 0.060624 0.0600599 0.0614361 0.0643286 0.0685805 0.0742887 0.0818046 0.0916447 0.104161 0.118897 0.133861 0.145527 0.150548 0.14845 0.142417 0.137101 0.136072 0.140905 0.151468 0.166384 0.183268 0.198855 0.209475 0.212446 0.207694 0.197688 0.185577 0.173721 0.16358 0.156147 0.152154 0.15207 0.156023 0.163672 0.173891 0.184421 0.192057 0.19391 0.189137 0.179662 0.16932 0.162279 0.16163 0.168428 0.181246 0.196606 0.21091 0.223451 0.238021 0.261248 0.299227 0.355132 0.42908 0.519037 0.610622 0.639779 0.546527 0.406674 0.2884 0.203303 0.145456 0.107366 0.0833573 0.0697095 0.0641486 0.0652576 0.0718719 0.0824306 0.0944485 0.104625 0.110129 0.110503 0.108403 0.10845 0.115728 0.135511 0.174375 0.24237 0.356198 0.543386 0.840198 0.826352 0.548305 0.380626 0.285606 0.233256 0.203464 0.185277 0.176567 0.181726 0.208615 0.266859 0.366118 0.506977 0.64772 0.696769 0.674722 0.658785 0.650456 0.619244 0.553803 0.467192 0.375835 0.29225 0.224108 0.173521 0.138552 0.115514 0.10052 0.0902625 0.0824141 0.0758452 0.0705614 0.0673376 0.06724 0.0712891 0.0803136 0.0947983 0.114388 0.136799 0.156617 0.166142 0.160295 0.14158 0.118116 0.0976536 0.0846556 0.0807979 0.086103 0.0992634 0.117037 0.133583 0.141708 0.137103 0.12179 0.102141 0.0842664 0.0718365 0.0664998 0.0689475 0.0795496 0.0983155 0.124111 0.153248 0.178506 0.191157 0.186697 0.168202 0.142681 0.116016 0.0914785 0.0704964 0.0535245 0.0405198 0.0311914 0.0251766 0.0221811 0.0220913 0.025066 0.0316258 0.0427526 0.0599942 0.0855121 0.12189 0.171284 0.233171 0.300379 0.356762 0.385906 0.387 0.371743 0.347885 0.315123 0.272688 0.225285 0.180433 0.143343 0.115636 0.0967691 0.085603 0.081205 0.0829923 0.0904778 0.102844 0.118605 0.135766 0.152816 0.170144 0.190558 0.217877 0.253855 0.294021 0.324283 0.325972 0.293792 0.242765 0.191715 0.151097 0.123877 0.109658 0.107492 0.117308 0.14057 0.18039 0.24048 0.320359 0.401558 0.435353 0.394975 0.323541 0.261417 0.216982 0.184812 0.158876 0.137161 0.121078 0.113249 0.116297 0.132825 0.165361 0.214647 0.273938 0.319954 0.320566 0.275168 0.215913 0.166961 0.135373 0.1199 0.116627 0.12068 0.126625 0.129341 0.125689 0.115637 0.101613 0.0867995 0.0738685 0.0645943 0.0599749 0.0604993 0.0663571 0.0774627 0.0931969 0.111852 0.130079 0.143172 0.147032 0.140783 0.127353 0.111392 0.0969676 0.086666 0.0817333 0.0824957 0.088715 0.0998617 0.115351 0.134692 0.157412 0.182752 0.209369 0.235522 0.259616 0.279803 0.292048 0.290614 0.274492 0.251209 0.230485 0.217169 0.210514 0.206992 0.203402 0.199005 0.196098 0.199034 0.212156 0.236712 0.266439 0.285135 0.276939 0.245154 0.208289 0.181164 0.169327 0.172592 0.188122 0.211323 0.235734 0.253705 0.259043 0.249784 0.22815 0.198616 0.166373 0.136225 0.111593 0.0940073 0.0832048 0.0775724 0.0747226 0.0722166 0.0683537 0.0626632 0.0557701 0.0487995 0.0428091 0.0385418 0.0364492 0.0367993 0.039721 0.0451122 0.0524032 0.0602834 0.066674 0.0693048 0.0668383 0.0596961 0.0497492 0.0391951 0.0296381 0.0218377 0.0159062 0.0116077 0.0085857 0.00649037 0.00503274 0.00399699 0.00323359 0.00264529 0.00217249 0.00178051 0.00144992 0.00116982 0.00093356 0.000736294 0.000573769 0.000441837 0.000336356 0.000253279 0.000188784 0.00013939 0.000102038 7.41188e-05 5.34713e-05 3.83469e-05 2.7362e-05 1.94429e-05 1.37702e-05 9.72835e-06 6.86093e-06 4.83345e-06 3.40331e-06 2.3961e-06 1.68732e-06 1.18865e-06 8.37715e-07 5.906e-07 4.16465e-07 2.93664e-07 2.0701e-07 1.45838e-07 1.02649e-07 7.21646e-08 5.0659e-08 3.5502e-08 2.48328e-08 1.73343e-08 1.20738e-08 8.39069e-09 5.81761e-09 4.02413e-09 2.77702e-09 1.91194e-09 1.31332e-09 9.00091e-10 6.15532e-10 4.2004e-10 2.86047e-10 1.94413e-10 1.31883e-10 8.93035e-11 6.0367e-11 4.07401e-11 2.74522e-11 1.84717e-11 1.24123e-11 8.33022e-12 5.58428e-12 3.73964e-12 2.50203e-12 1.67265e-12 1.11743e-12 7.4608e-13 4.97919e-13 3.32196e-13 
1.32162e-13 1.92623e-13 2.80646e-13 4.0883e-13 5.95605e-13 8.67989e-13 1.26571e-12 1.84736e-12 2.69967e-12 3.95151e-12 5.7951e-12 8.51846e-12 1.25549e-11 1.85591e-11 2.75243e-11 4.09631e-11 6.11875e-11 9.17425e-11 1.38079e-10 2.08599e-10 3.16276e-10 4.81169e-10 7.3433e-10 1.12384e-09 1.72414e-09 2.65047e-09 4.08103e-09 6.29103e-09 9.70481e-09 1.49753e-08 2.31044e-08 3.56257e-08 5.4878e-08 8.44153e-08 1.29615e-07 1.98578e-07 3.03437e-07 4.62272e-07 7.01843e-07 1.06149e-06 1.59858e-06 2.3961e-06 3.57295e-06 5.29776e-06 7.80701e-06 1.14283e-05 1.66095e-05 2.39543e-05 3.42643e-05 4.85878e-05 6.82762e-05 9.5048e-05 0.000131069 0.00017906 0.000242462 0.000325699 0.000434627 0.000577259 0.00076489 0.00101377 0.00134742 0.00179957 0.00241787 0.00326813 0.00443967 0.00605271 0.0082713 0.0113287 0.0155785 0.0215934 0.0303427 0.0434928 0.0638846 0.0962682 0.148397 0.232561 0.367208 0.575133 0.847557 0.969315 0.924267 0.8446 0.672438 0.51419 0.428082 0.411239 0.447248 0.510557 0.563192 0.575039 0.555317 0.536293 0.538239 0.549139 0.519301 0.426161 0.315277 0.223664 0.158503 0.115294 0.08786 0.0711577 0.0616243 0.0568996 0.0554804 0.0564546 0.0593318 0.0639718 0.0705973 0.0798347 0.0926303 0.109818 0.131164 0.15408 0.173202 0.182872 0.181892 0.175027 0.169034 0.168519 0.174911 0.18717 0.202664 0.218064 0.230365 0.237672 0.239482 0.236509 0.229926 0.220572 0.209104 0.196757 0.185505 0.177536 0.174726 0.178319 0.18855 0.203917 0.220318 0.231377 0.231527 0.22031 0.203057 0.187283 0.179167 0.182219 0.196908 0.220104 0.244847 0.262843 0.270624 0.273425 0.281054 0.301003 0.335186 0.380094 0.427567 0.462135 0.458864 0.405364 0.324199 0.245094 0.181521 0.135003 0.102949 0.0823546 0.0709122 0.0671105 0.0699642 0.0785391 0.0913011 0.105494 0.117204 0.122882 0.12174 0.116686 0.11282 0.115489 0.129816 0.161574 0.218521 0.310786 0.444895 0.584955 0.583034 0.448048 0.324226 0.241837 0.191946 0.162862 0.146988 0.141726 0.14859 0.171653 0.2158 0.283791 0.369671 0.450457 0.498242 0.515818 0.523477 0.521036 0.493728 0.438681 0.36912 0.29933 0.237707 0.187747 0.149716 0.122 0.102267 0.0882432 0.0781032 0.070638 0.0653085 0.0621914 0.061822 0.0650109 0.0727287 0.0860629 0.10607 0.133108 0.1651 0.194929 0.21041 0.202503 0.175399 0.142459 0.114963 0.0983865 0.0944318 0.103186 0.123542 0.151771 0.179193 0.192872 0.184226 0.157671 0.125427 0.0971531 0.077033 0.0658169 0.0629855 0.0677579 0.0791719 0.0955611 0.113793 0.12905 0.136256 0.132913 0.1206 0.103329 0.0849155 0.0677759 0.0530617 0.0411598 0.0320716 0.0256371 0.0216712 0.0200573 0.0208193 0.0241806 0.030619 0.0409206 0.0562158 0.0779385 0.107567 0.145902 0.19167 0.239832 0.281468 0.307584 0.314548 0.304818 0.283004 0.253024 0.218325 0.182815 0.150385 0.123722 0.103948 0.0911823 0.0852823 0.0862928 0.0944776 0.109952 0.131936 0.157841 0.183044 0.202811 0.216188 0.228006 0.246036 0.27564 0.314208 0.345896 0.346115 0.306893 0.247845 0.191541 0.148594 0.120979 0.107498 0.106664 0.117833 0.141503 0.17908 0.231597 0.295671 0.355181 0.379613 0.355171 0.306597 0.261141 0.226609 0.199162 0.17404 0.150582 0.131396 0.11953 0.117042 0.124993 0.143445 0.170413 0.199605 0.219345 0.218357 0.196725 0.166083 0.138582 0.120613 0.113569 0.115857 0.123835 0.132257 0.135612 0.130679 0.118205 0.10178 0.0853203 0.0715713 0.0619593 0.0570108 0.0567563 0.0609606 0.0691633 0.0805393 0.0936338 0.106175 0.115348 0.118765 0.115657 0.107306 0.0963525 0.0856521 0.0774582 0.0731385 0.0732453 0.0777297 0.0861865 0.0980857 0.11292 0.130182 0.149174 0.168842 0.187878 0.204969 0.218663 0.226827 0.227304 0.220447 0.210275 0.201804 0.197678 0.197292 0.198061 0.197354 0.194088 0.189394 0.186089 0.187082 0.193174 0.201166 0.204305 0.197053 0.180757 0.162847 0.151119 0.150344 0.162296 0.186421 0.219505 0.25457 0.2813 0.290604 0.280087 0.253858 0.218696 0.181564 0.148299 0.122677 0.106151 0.0980879 0.0961294 0.0966565 0.0957745 0.0908729 0.0817636 0.0702979 0.0589142 0.0494902 0.0430709 0.0401311 0.0409059 0.045548 0.0540185 0.0656861 0.0787347 0.0898446 0.0950078 0.0917267 0.0808297 0.0657775 0.0503054 0.0368108 0.0261913 0.018378 0.0128796 0.00911763 0.00658014 0.00486947 0.00369993 0.00287764 0.00227705 0.0018201 0.0014599 0.00116885 0.000930587 0.000734955 0.000574979 0.000445278 0.000341284 0.000258919 0.000194503 0.000144751 0.000106783 7.8136e-05 5.67515e-05 4.09446e-05 2.93655e-05 2.09524e-05 1.4884e-05 1.05347e-05 7.43481e-06 5.23552e-06 3.68106e-06 2.58558e-06 1.81519e-06 1.27418e-06 8.94541e-07 6.28204e-07 4.4132e-07 3.10127e-07 2.17974e-07 1.53202e-07 1.07652e-07 7.56066e-08 5.30599e-08 3.71987e-08 2.60459e-08 1.82098e-08 1.271e-08 8.85505e-09 6.15727e-09 4.27264e-09 2.95861e-09 2.0443e-09 1.40948e-09 9.69688e-10 6.65692e-10 4.56033e-10 3.11759e-10 2.127e-10 1.44832e-10 9.84327e-11 6.67767e-11 4.52224e-11 3.05745e-11 2.06385e-11 1.39107e-11 9.36286e-12 6.29357e-12 4.22528e-12 2.83353e-12 1.89827e-12 1.27055e-12 8.49716e-13 5.67879e-13 3.79304e-13 2.53233e-13 
9.86263e-14 1.43859e-13 2.09824e-13 3.06086e-13 4.46694e-13 6.52338e-13 9.53585e-13 1.39574e-12 2.04622e-12 3.00567e-12 4.42504e-12 6.53152e-12 9.66846e-12 1.43567e-11 2.13891e-11 3.19768e-11 4.79749e-11 7.22325e-11 1.09134e-10 1.65439e-10 2.51579e-10 3.83668e-10 5.86603e-10 8.98849e-10 1.3798e-09 2.12108e-09 3.26383e-09 5.02514e-09 7.73814e-09 1.19128e-08 1.83274e-08 2.81663e-08 4.32243e-08 6.62109e-08 1.01198e-07 1.54271e-07 2.34482e-07 3.55203e-07 5.36067e-07 8.0568e-07 1.2054e-06 1.79448e-06 2.65705e-06 3.91131e-06 5.72148e-06 8.31304e-06 1.19918e-05 1.71669e-05 2.4379e-05 3.43333e-05 4.79395e-05 6.63621e-05 9.10862e-05 0.000124013 0.000167606 0.00022512 0.000300973 0.000401313 0.000534884 0.000714264 0.000957595 0.00129091 0.00175124 0.00239091 0.00328382 0.00453568 0.00630186 0.00881973 0.0124674 0.0178675 0.0260639 0.0388141 0.0590597 0.0916758 0.144655 0.23097 0.371432 0.598732 0.958681 1.04819 0.838671 0.702899 0.579085 0.484475 0.449278 0.483655 0.585623 0.734298 0.857531 0.86446 0.795279 0.738861 0.741873 0.803446 0.788302 0.595105 0.403262 0.268634 0.181365 0.126442 0.0925385 0.072093 0.0602823 0.0541084 0.0517545 0.0521714 0.054838 0.0596661 0.0670151 0.0777421 0.0931172 0.114345 0.141426 0.171432 0.1976 0.212338 0.213945 0.208813 0.205652 0.209931 0.222845 0.242106 0.262748 0.278939 0.287215 0.288397 0.285898 0.28245 0.278029 0.270266 0.257242 0.240065 0.222475 0.208824 0.202865 0.207409 0.223849 0.250769 0.281528 0.303184 0.302755 0.279557 0.246474 0.218299 0.204368 0.208683 0.231235 0.267305 0.305321 0.32882 0.328953 0.31444 0.301509 0.300242 0.311819 0.331214 0.349974 0.35778 0.34486 0.308676 0.257926 0.205424 0.159765 0.12407 0.098316 0.0814088 0.0722195 0.0699139 0.0738832 0.0833889 0.0969682 0.111831 0.123931 0.129526 0.127624 0.12096 0.114434 0.113069 0.121282 0.143251 0.183131 0.243382 0.317814 0.377547 0.378246 0.321688 0.252266 0.19644 0.158475 0.134895 0.121904 0.117732 0.122835 0.139123 0.168616 0.211353 0.262612 0.312033 0.349579 0.373779 0.387637 0.388484 0.369998 0.332607 0.285205 0.237577 0.195522 0.160981 0.133638 0.11227 0.0955893 0.0825897 0.0725922 0.0652187 0.0603888 0.0583172 0.0594828 0.0645935 0.0745958 0.0907236 0.114412 0.146599 0.185597 0.223275 0.243706 0.23406 0.200153 0.160073 0.127732 0.109097 0.105852 0.118404 0.146391 0.186469 0.227512 0.24891 0.235198 0.194792 0.148431 0.109533 0.0820599 0.0654252 0.0578277 0.057485 0.0627485 0.0717527 0.0820177 0.0904649 0.094222 0.091901 0.0842096 0.0732514 0.061274 0.0498975 0.0400098 0.0319772 0.0258804 0.021684 0.0193437 0.0188772 0.0204115 0.024218 0.0307401 0.0406134 0.0546739 0.0739177 0.0993344 0.131473 0.169628 0.210802 0.249137 0.276866 0.287298 0.278594 0.254913 0.223313 0.190001 0.159054 0.132795 0.112355 0.0981585 0.0904193 0.0895718 0.0965156 0.112573 0.139003 0.175748 0.219147 0.259709 0.284687 0.288942 0.281976 0.279356 0.291065 0.315866 0.338119 0.333359 0.29309 0.23541 0.181496 0.14122 0.116287 0.105447 0.107127 0.120264 0.144251 0.17837 0.220653 0.265743 0.302419 0.3164 0.303442 0.27558 0.247283 0.223679 0.202266 0.179923 0.157243 0.137587 0.124155 0.118567 0.120944 0.130165 0.14365 0.156973 0.164456 0.161875 0.149701 0.133001 0.117951 0.108921 0.107715 0.113768 0.124217 0.134077 0.13774 0.132019 0.118169 0.100473 0.0832554 0.0692556 0.0596519 0.05465 0.0539725 0.0571143 0.0634201 0.0720393 0.081811 0.0911788 0.0983135 0.101567 0.10013 0.0944667 0.0861968 0.0774671 0.0702403 0.0658571 0.0649462 0.0675587 0.0733809 0.0819417 0.0927456 0.105286 0.118954 0.132973 0.146455 0.158546 0.168443 0.175351 0.17889 0.179929 0.180751 0.183789 0.189981 0.198095 0.205309 0.208555 0.206033 0.198205 0.187644 0.177583 0.169979 0.164345 0.158328 0.149954 0.139831 0.131214 0.128271 0.134546 0.152367 0.182419 0.222451 0.265194 0.298246 0.310125 0.298252 0.268462 0.229429 0.189548 0.155483 0.131307 0.118518 0.116337 0.121694 0.129137 0.13202 0.125794 0.110947 0.0919497 0.0736492 0.0590685 0.0494246 0.0449889 0.045806 0.0520035 0.0636713 0.0802669 0.0995662 0.116748 0.125284 0.120825 0.104865 0.083315 0.0619803 0.0440795 0.0304751 0.0207595 0.0140932 0.00963303 0.00668901 0.00475091 0.00346373 0.00259103 0.00198077 0.00153807 0.0012051 0.000947142 0.000743265 0.000580481 0.000450224 0.000346362 0.000264138 0.000199643 0.00014957 0.000111105 8.18646e-05 5.98623e-05 4.34656e-05 3.13567e-05 2.24896e-05 1.60464e-05 1.13974e-05 8.06408e-06 5.68735e-06 4.00081e-06 2.80887e-06 1.96926e-06 1.37937e-06 9.65703e-07 6.75989e-07 4.73232e-07 3.31367e-07 2.32098e-07 1.6261e-07 1.13944e-07 7.98441e-08 5.59385e-08 3.91741e-08 2.74163e-08 1.91706e-08 1.33902e-08 9.34062e-09 6.50612e-09 4.5244e-09 3.14079e-09 2.17628e-09 1.50506e-09 1.03881e-09 7.15569e-10 4.91919e-10 3.37494e-10 2.31088e-10 1.57921e-10 1.07715e-10 7.33333e-11 4.98361e-11 3.38088e-11 2.28974e-11 1.54827e-11 1.04531e-11 7.0471e-12 4.74441e-12 3.19005e-12 2.14237e-12 1.43718e-12 9.63151e-13 6.44887e-13 4.31445e-13 2.88447e-13 1.92731e-13 
7.36951e-14 1.07614e-13 1.57183e-13 2.29696e-13 3.3591e-13 4.91741e-13 7.20813e-13 1.05831e-12 1.55682e-12 2.29525e-12 3.39242e-12 5.02791e-12 7.47408e-12 1.11454e-11 1.66743e-11 2.50289e-11 3.76939e-11 5.69508e-11 8.6311e-11 1.31184e-10 1.9991e-10 3.05346e-10 4.67314e-10 7.16351e-10 1.09945e-09 1.68885e-09 2.59536e-09 3.98861e-09 6.12767e-09 9.40698e-09 1.44253e-08 2.20879e-08 3.37584e-08 5.14817e-08 7.83088e-08 1.18768e-07 1.79541e-07 2.70425e-07 4.05682e-07 6.05926e-07 9.00701e-07 1.33198e-06 1.95885e-06 2.86361e-06 4.15972e-06 6.00182e-06 8.59829e-06 1.22267e-05 1.72529e-05 2.41544e-05 3.35502e-05 4.62398e-05 6.32586e-05 8.59584e-05 0.000116131 0.0001562 0.000209518 0.000280815 0.000376871 0.000507478 0.000686825 0.000935451 0.00128308 0.00177288 0.00246818 0.00346365 0.00490443 0.00701916 0.0101766 0.0149805 0.022425 0.034142 0.0527839 0.082595 0.130205 0.205517 0.321741 0.489408 0.677925 0.734298 0.646157 0.549995 0.47675 0.439982 0.458963 0.551891 0.73615 1.02194 1.32433 1.27683 1.09237 0.958322 0.926669 1.03398 1.09105 0.717938 0.45957 0.297356 0.196614 0.134397 0.0962256 0.0731017 0.0594909 0.0520312 0.048726 0.0484528 0.0506902 0.0554042 0.063049 0.0745993 0.0914481 0.114919 0.145104 0.179072 0.209862 0.229612 0.236749 0.238365 0.244009 0.259849 0.287456 0.323534 0.358884 0.380906 0.383131 0.37152 0.357598 0.348499 0.343133 0.334436 0.31654 0.290776 0.263827 0.242797 0.233397 0.240209 0.266554 0.312573 0.369965 0.414631 0.414898 0.368632 0.307159 0.257962 0.232928 0.235136 0.263614 0.312574 0.366112 0.396899 0.387698 0.353398 0.319485 0.298642 0.291226 0.291687 0.292768 0.287736 0.272011 0.244961 0.21039 0.174201 0.141315 0.114403 0.0943019 0.0809034 0.0738163 0.0726708 0.0771137 0.0865312 0.0995523 0.113574 0.124908 0.130162 0.128297 0.121455 0.113721 0.109359 0.111956 0.124311 0.14812 0.182478 0.220697 0.248158 0.249819 0.225896 0.191089 0.15873 0.13416 0.117538 0.107544 0.103389 0.105369 0.114526 0.131765 0.156694 0.186638 0.21692 0.243089 0.262952 0.275345 0.277787 0.267782 0.246467 0.21897 0.190968 0.165856 0.144421 0.125979 0.109658 0.0951029 0.0824608 0.0720594 0.0641951 0.0591341 0.0572003 0.0588407 0.0646646 0.0755027 0.0924864 0.116984 0.149918 0.189625 0.227956 0.248809 0.239161 0.204984 0.164714 0.132499 0.114476 0.112612 0.127827 0.160572 0.208255 0.258749 0.285901 0.268358 0.218051 0.16236 0.116787 0.0846838 0.0644327 0.0534088 0.0492564 0.0500085 0.0538408 0.0588368 0.0630121 0.0646974 0.0630748 0.0584089 0.0517413 0.0443101 0.0371155 0.030783 0.0256275 0.0217787 0.019293 0.0182347 0.0187281 0.0209903 0.0253473 0.0322385 0.0422135 0.0559342 0.0741889 0.0978982 0.12801 0.165069 0.208156 0.25297 0.289857 0.305698 0.293646 0.260638 0.220167 0.182035 0.150396 0.12612 0.108909 0.0983859 0.094618 0.0984128 0.111503 0.136577 0.176909 0.234849 0.307566 0.378726 0.415887 0.400706 0.357133 0.318488 0.299832 0.299182 0.302077 0.28931 0.253646 0.206154 0.161847 0.128947 0.109597 0.103328 0.109114 0.125935 0.152406 0.185885 0.221679 0.253123 0.273038 0.276734 0.265624 0.246997 0.228163 0.211417 0.194728 0.176094 0.156563 0.139361 0.127391 0.121927 0.122617 0.127806 0.134819 0.140402 0.141606 0.137012 0.127575 0.116263 0.10668 0.101733 0.102916 0.109936 0.120383 0.129768 0.132966 0.127123 0.11356 0.0964389 0.079922 0.0666093 0.0575553 0.0528451 0.0520774 0.0546301 0.0597744 0.0667017 0.0744874 0.0820203 0.0879949 0.0911067 0.090494 0.0862098 0.0793428 0.0716221 0.0647751 0.0600522 0.0580827 0.0589727 0.0624914 0.0682464 0.0757969 0.0846869 0.0944206 0.104452 0.114244 0.123375 0.131616 0.13901 0.146041 0.153833 0.16395 0.177586 0.19454 0.21262 0.227938 0.23614 0.234241 0.222289 0.203597 0.182953 0.164122 0.14855 0.135817 0.125101 0.1165 0.111438 0.112223 0.121391 0.141145 0.17253 0.213767 0.25785 0.292265 0.305203 0.293936 0.264481 0.225976 0.187429 0.156006 0.136178 0.129922 0.136955 0.153997 0.173261 0.18311 0.174852 0.150492 0.119847 0.0917159 0.0703002 0.0565121 0.0499996 0.0503583 0.0575616 0.0718049 0.0927335 0.117932 0.141218 0.15329 0.147549 0.126316 0.0983685 0.0716119 0.049863 0.0337735 0.0225334 0.0149594 0.00996971 0.00672428 0.00462176 0.00325281 0.00234836 0.00173631 0.0013091 0.00100067 0.000770943 0.000595577 0.000459521 0.0003531 0.000269722 0.000204592 0.00015402 0.000115055 8.52905e-05 6.27583e-05 4.58527e-05 3.32787e-05 2.40038e-05 1.72159e-05 1.22842e-05 8.72519e-06 6.17252e-06 4.35171e-06 3.05925e-06 2.1457e-06 1.50228e-06 1.05045e-06 7.3389e-07 5.12481e-07 3.57805e-07 2.49822e-07 1.74459e-07 1.21859e-07 8.51374e-08 5.94903e-08 4.15701e-08 2.90437e-08 2.02851e-08 1.416e-08 9.87707e-09 6.88302e-09 4.79112e-09 3.33066e-09 2.31203e-09 1.60241e-09 1.10874e-09 7.65813e-10 5.28e-10 3.63366e-10 2.49601e-10 1.71135e-10 1.17118e-10 8.00041e-11 5.45527e-11 3.71324e-11 2.52315e-11 1.71163e-11 1.15925e-11 7.83925e-12 5.29334e-12 3.56923e-12 2.40349e-12 1.61647e-12 1.08589e-12 7.28678e-13 4.88491e-13 3.27182e-13 2.18966e-13 1.46442e-13 
5.51562e-14 8.06592e-14 1.18018e-13 1.72819e-13 2.53334e-13 3.71857e-13 5.46715e-13 8.05323e-13 1.18884e-12 1.75924e-12 2.61023e-12 3.88385e-12 5.79617e-12 8.67667e-12 1.3029e-11 1.96249e-11 2.96484e-11 4.49189e-11 6.82342e-11 1.039e-10 1.58539e-10 2.42344e-10 3.70978e-10 5.68497e-10 8.71788e-10 1.33731e-09 2.0513e-09 3.14515e-09 4.81846e-09 7.37354e-09 1.12665e-08 1.71831e-08 2.61494e-08 3.96939e-08 6.00815e-08 9.06497e-08 1.36287e-07 2.04105e-07 3.0438e-07 4.51844e-07 6.67445e-07 9.80715e-07 1.4329e-06 2.08104e-06 3.00327e-06 4.30547e-06 6.12971e-06 8.66485e-06 1.21599e-05 1.6941e-05 2.34342e-05 3.21969e-05 4.39622e-05 5.97068e-05 8.07521e-05 0.000108921 0.000146776 0.000197976 0.000267809 0.000363976 0.000497732 0.000685598 0.000951935 0.00133299 0.00188339 0.0026869 0.00387422 0.00565266 0.00835452 0.0125145 0.0189896 0.0291377 0.0450668 0.0699407 0.108229 0.165472 0.246204 0.346572 0.43902 0.476188 0.453562 0.413283 0.387453 0.396254 0.459662 0.601233 0.850454 1.24097 1.74199 1.68187 1.40599 1.16718 1.03406 1.00067 0.920076 0.677959 0.454767 0.300584 0.200864 0.137769 0.0982843 0.0738482 0.0590451 0.0505348 0.0463188 0.0452793 0.0469157 0.0512278 0.0586957 0.0702749 0.0872633 0.110827 0.14097 0.175083 0.207359 0.23164 0.247219 0.260718 0.281343 0.31629 0.369354 0.438275 0.507348 0.545782 0.535496 0.495749 0.456211 0.431433 0.418866 0.404959 0.378265 0.340647 0.302554 0.27368 0.261105 0.270885 0.308697 0.378129 0.473166 0.557714 0.560316 0.474662 0.372634 0.296848 0.2574 0.253868 0.283162 0.338383 0.401199 0.436961 0.421885 0.375361 0.328671 0.295315 0.275093 0.262865 0.25299 0.24103 0.224369 0.202552 0.177204 0.151158 0.127169 0.107092 0.09181 0.0815664 0.0763431 0.0760552 0.0805247 0.089233 0.100927 0.113315 0.123293 0.128057 0.126597 0.120321 0.112271 0.105847 0.103959 0.108634 0.120594 0.138464 0.157872 0.171896 0.174648 0.165835 0.150546 0.134555 0.121059 0.110734 0.103205 0.0983135 0.0966066 0.0991016 0.106623 0.119113 0.135273 0.152846 0.169454 0.183235 0.192622 0.19603 0.192606 0.18341 0.171248 0.158969 0.14786 0.137365 0.126122 0.113401 0.099747 0.0864988 0.0749525 0.0659644 0.0600295 0.0575059 0.0587689 0.0642791 0.0746322 0.0906053 0.113059 0.142295 0.176274 0.207832 0.224452 0.216774 0.189314 0.156163 0.129171 0.114288 0.11393 0.129389 0.161243 0.206894 0.25458 0.279771 0.262863 0.21472 0.160767 0.115897 0.0835664 0.0623262 0.0496345 0.04316 0.0409912 0.0415068 0.0432352 0.044849 0.0453209 0.0441282 0.0413269 0.037404 0.0330061 0.0287081 0.0249112 0.0218538 0.0196747 0.0184854 0.0184288 0.0197197 0.0226658 0.0276688 0.0352052 0.0457976 0.0600089 0.0785191 0.10234 0.133099 0.173061 0.224111 0.284311 0.341 0.367811 0.346868 0.2941 0.236762 0.188959 0.153459 0.128807 0.113018 0.104843 0.104119 0.111916 0.130734 0.164764 0.220021 0.303518 0.418704 0.547879 0.615919 0.558207 0.450194 0.361009 0.304958 0.275054 0.256895 0.235824 0.205372 0.169832 0.137435 0.113945 0.101751 0.101404 0.112876 0.135801 0.168687 0.207348 0.243807 0.268347 0.275225 0.266244 0.248184 0.228144 0.210391 0.195355 0.181036 0.165907 0.150761 0.138064 0.130125 0.127939 0.130893 0.136877 0.142741 0.145354 0.142886 0.135475 0.124895 0.11375 0.104686 0.0997932 0.100155 0.105435 0.113527 0.120657 0.122641 0.117175 0.105272 0.0902826 0.0757095 0.0638714 0.0557903 0.0515963 0.0509203 0.0531408 0.0575271 0.0633237 0.0697677 0.0760255 0.0811109 0.0839474 0.0836975 0.0802228 0.0742967 0.0673287 0.0608053 0.0558426 0.0530384 0.0525475 0.0542359 0.0578192 0.0629506 0.0692581 0.0763562 0.0838738 0.0915258 0.0992169 0.10714 0.115857 0.126349 0.139972 0.158116 0.181488 0.209171 0.237917 0.262285 0.276042 0.274644 0.257862 0.230462 0.19957 0.170956 0.147346 0.12903 0.115332 0.105834 0.100945 0.101895 0.110414 0.128209 0.156076 0.192317 0.230825 0.261142 0.273452 0.26498 0.24027 0.207299 0.174571 0.149212 0.136126 0.138222 0.156526 0.188604 0.224601 0.245236 0.233899 0.19561 0.149612 0.109845 0.0809737 0.062831 0.0540033 0.0534054 0.0606876 0.075987 0.0990263 0.127332 0.154016 0.168123 0.161614 0.137342 0.105858 0.076233 0.0525244 0.0352069 0.0232307 0.0152262 0.00999008 0.00660823 0.00443566 0.00303728 0.00212845 0.00152723 0.00111951 0.000834793 0.000629922 0.000478546 0.0003644 0.000277187 0.000210111 0.000158457 0.000118779 8.84529e-05 6.54265e-05 4.80706e-05 3.5089e-05 2.54538e-05 1.83561e-05 1.31653e-05 9.39493e-06 6.6738e-06 4.72151e-06 3.32838e-06 2.33911e-06 1.63964e-06 1.14694e-06 8.00992e-07 5.58726e-07 3.89422e-07 2.71291e-07 1.88956e-07 1.31609e-07 9.16777e-08 6.38739e-08 4.45108e-08 3.10215e-08 2.16209e-08 1.50672e-08 1.04972e-08 7.30998e-09 5.08722e-09 3.53743e-09 2.45734e-09 1.70507e-09 1.18157e-09 8.17649e-10 5.64959e-10 3.89741e-10 2.68422e-10 1.84554e-10 1.26672e-10 8.67927e-11 5.93651e-11 4.0535e-11 2.76305e-11 1.88027e-11 1.27744e-11 8.66505e-12 5.86856e-12 3.96869e-12 2.68006e-12 1.80739e-12 1.2173e-12 8.18877e-13 5.50231e-13 3.69328e-13 2.47662e-13 1.65929e-13 1.11083e-13 
4.13611e-14 6.0591e-14 8.88357e-14 1.30389e-13 1.91635e-13 2.82104e-13 4.16057e-13 6.14911e-13 9.10933e-13 1.35288e-12 2.01468e-12 3.00867e-12 4.50606e-12 6.76829e-12 1.01954e-11 1.54004e-11 2.33236e-11 3.54089e-11 5.38734e-11 8.21224e-11 1.25384e-10 1.91677e-10 2.93291e-10 4.49029e-10 6.8761e-10 1.0528e-09 1.61115e-09 2.46354e-09 3.76243e-09 5.73743e-09 8.73302e-09 1.32638e-08 2.00952e-08 3.03595e-08 4.57236e-08 6.86265e-08 1.02615e-07 1.52812e-07 2.26564e-07 3.34328e-07 4.90867e-07 7.16845e-07 1.04093e-06 1.50255e-06 2.15542e-06 3.07205e-06 4.34959e-06 6.11715e-06 8.54549e-06 1.18598e-05 1.63572e-05 2.24317e-05 3.06108e-05 4.16099e-05 5.64157e-05 7.64123e-05 0.000103572 0.000140745 0.000192086 0.000263703 0.000364624 0.000508274 0.000714764 0.00101451 0.00145404 0.00210537 0.00308114 0.00455864 0.00681738 0.0102957 0.0156721 0.023974 0.0367022 0.05592 0.0841584 0.123774 0.175071 0.232669 0.282613 0.309258 0.312018 0.307468 0.316081 0.357037 0.450905 0.622441 0.900168 1.30251 1.77491 2.04224 1.70509 1.36195 1.10645 0.927348 0.765614 0.583635 0.414777 0.285982 0.196763 0.13757 0.0991076 0.0744628 0.0589643 0.0496075 0.0445427 0.0427167 0.0436584 0.0473726 0.0543026 0.0652902 0.0814162 0.103572 0.131662 0.163674 0.195628 0.223842 0.248745 0.27619 0.314909 0.374089 0.462724 0.585553 0.724118 0.803664 0.762422 0.664765 0.577589 0.521361 0.490315 0.464244 0.425931 0.376824 0.32953 0.294825 0.280142 0.29224 0.338335 0.424639 0.548422 0.668532 0.673489 0.551772 0.417815 0.321763 0.270032 0.25876 0.282328 0.332074 0.389468 0.422933 0.411418 0.370299 0.325987 0.290472 0.264191 0.243931 0.226551 0.209802 0.192296 0.173539 0.154007 0.134899 0.117579 0.103079 0.0919654 0.0844986 0.0808434 0.0811495 0.0854408 0.0933402 0.103733 0.114594 0.123288 0.127472 0.12617 0.12023 0.111876 0.103839 0.0986146 0.0979426 0.102407 0.111099 0.121543 0.130349 0.134794 0.134336 0.130525 0.125418 0.120146 0.114703 0.108687 0.102223 0.0963265 0.0925244 0.0920959 0.0954995 0.102227 0.111061 0.120529 0.129252 0.136058 0.140115 0.141302 0.140521 0.139341 0.138915 0.138888 0.137247 0.131604 0.121134 0.107286 0.0926458 0.0794292 0.0689218 0.0617209 0.0581404 0.0584425 0.0629047 0.0718289 0.0855321 0.104217 0.127452 0.153003 0.175443 0.186861 0.18201 0.16369 0.140667 0.121323 0.110744 0.111453 0.124704 0.150553 0.185924 0.220866 0.238075 0.225102 0.188566 0.14551 0.10774 0.0791416 0.0593443 0.0466265 0.0391652 0.0353814 0.0339516 0.0337567 0.0338756 0.033639 0.0326943 0.0310129 0.0288072 0.026395 0.0240787 0.0220845 0.0205633 0.01963 0.0194164 0.0201187 0.0220318 0.0255623 0.0312148 0.0395462 0.0510977 0.0663548 0.0858517 0.110577 0.142695 0.18617 0.246231 0.325311 0.41039 0.455401 0.419789 0.339158 0.262158 0.2045 0.165167 0.13974 0.124663 0.118043 0.11959 0.130542 0.153875 0.194857 0.261795 0.366384 0.521559 0.725207 0.856204 0.720436 0.534004 0.395952 0.306428 0.251741 0.216791 0.189083 0.162085 0.135799 0.113615 0.0989036 0.0938405 0.099801 0.117945 0.149179 0.192931 0.244247 0.29048 0.314283 0.307968 0.281174 0.248818 0.220092 0.197756 0.180762 0.166757 0.154179 0.143302 0.135775 0.133381 0.136985 0.145819 0.157057 0.166198 0.168986 0.163861 0.152469 0.137998 0.123537 0.111539 0.103728 0.100907 0.102639 0.107055 0.111091 0.111529 0.106561 0.096735 0.0843657 0.0721059 0.061919 0.0548276 0.0510908 0.0504575 0.0523713 0.056131 0.0610208 0.066375 0.0715377 0.0757588 0.0781878 0.0781079 0.0753214 0.0703639 0.0643185 0.0583777 0.0534783 0.0501733 0.0486821 0.0489994 0.0509848 0.0544181 0.0590281 0.0645232 0.0706463 0.0772695 0.0845113 0.0928471 0.103177 0.11682 0.135364 0.160268 0.192108 0.229511 0.26822 0.301115 0.319962 0.318718 0.297133 0.261733 0.222059 0.185585 0.155745 0.132911 0.116146 0.104528 0.0978115 0.096545 0.101825 0.114788 0.135777 0.163145 0.192101 0.215133 0.225282 0.220073 0.202216 0.177666 0.153467 0.136051 0.130466 0.140526 0.168782 0.214407 0.266858 0.299173 0.284541 0.232049 0.172089 0.122775 0.08818 0.0667283 0.0559489 0.0540962 0.0604111 0.0747532 0.0966454 0.123537 0.148761 0.161994 0.155763 0.132691 0.102601 0.0740978 0.0511478 0.0343004 0.0226028 0.0147605 0.00961969 0.0062966 0.00416408 0.00279701 0.00191586 0.00134092 0.000958632 0.000698257 0.00051612 0.000385361 0.000289374 0.000217722 0.000163659 0.000122649 9.15101e-05 6.7917e-05 5.01176e-05 3.67641e-05 2.68091e-05 1.9437e-05 1.40143e-05 1.00516e-05 7.17419e-06 5.09747e-06 3.60708e-06 2.54309e-06 1.78717e-06 1.25245e-06 8.75659e-07 6.11056e-07 4.25771e-07 2.96338e-07 2.06092e-07 1.43262e-07 9.95633e-08 6.91906e-08 4.80871e-08 3.34251e-08 2.32371e-08 1.61562e-08 1.12334e-08 7.80986e-09 5.42846e-09 3.77175e-09 2.61922e-09 1.81757e-09 1.26018e-09 8.72843e-10 6.03866e-10 4.17249e-10 2.87911e-10 1.98378e-10 1.36481e-10 9.37505e-11 6.42957e-11 4.40239e-11 3.00947e-11 2.05395e-11 1.39955e-11 9.52142e-12 6.46754e-12 4.38649e-12 2.97067e-12 2.00897e-12 1.35674e-12 9.15065e-13 6.16402e-13 4.14729e-13 2.7873e-13 1.87135e-13 1.2552e-13 8.41198e-14 
3.10838e-14 4.56267e-14 6.70477e-14 9.86583e-14 1.45403e-13 2.14686e-13 3.17631e-13 4.70997e-13 7.00107e-13 1.04333e-12 1.55896e-12 2.33575e-12 3.50908e-12 5.28586e-12 7.98273e-12 1.20847e-11 1.8335e-11 2.78733e-11 4.24465e-11 6.47314e-11 9.88259e-11 1.50997e-10 2.30814e-10 3.52863e-10 5.39328e-10 8.23869e-10 1.25741e-09 1.91678e-09 2.91745e-09 4.43236e-09 6.71947e-09 1.01618e-08 1.53255e-08 2.30427e-08 3.45305e-08 5.15573e-08 7.66779e-08 1.13557e-07 1.67414e-07 2.45629e-07 3.58554e-07 5.20592e-07 7.51621e-07 1.07885e-06 1.53921e-06 2.1825e-06 3.07542e-06 4.30686e-06 5.99503e-06 8.29718e-06 1.14233e-05 1.5656e-05 2.138e-05 2.91263e-05 3.96393e-05 5.39786e-05 7.36732e-05 0.000100954 0.000139105 0.000192998 0.000269901 0.000380733 0.000542016 0.000778937 0.00113019 0.0016556 0.00244792 0.00365093 0.00548597 0.00828936 0.012561 0.0190191 0.0286408 0.0426393 0.0622704 0.0882947 0.119948 0.15373 0.183566 0.204404 0.217566 0.232043 0.261457 0.322064 0.433406 0.619296 0.905472 1.30694 1.79139 2.12497 1.93436 1.55405 1.19072 0.908132 0.693353 0.518743 0.376804 0.268427 0.190467 0.136473 0.0998873 0.0754718 0.0594729 0.0493528 0.0434785 0.0408831 0.041114 0.0441522 0.0503693 0.0604686 0.0753239 0.0956234 0.121308 0.151059 0.182523 0.213956 0.246655 0.286117 0.34133 0.424316 0.550998 0.739433 0.989675 1.16576 1.05392 0.867204 0.712332 0.606985 0.542564 0.495473 0.445119 0.389597 0.3389 0.302401 0.286981 0.299233 0.346052 0.432125 0.5503 0.656146 0.658779 0.549906 0.420746 0.322723 0.266327 0.248498 0.262692 0.299364 0.342543 0.370364 0.36936 0.34671 0.317184 0.288236 0.260828 0.234836 0.210866 0.189461 0.170513 0.153556 0.138288 0.124763 0.113201 0.103738 0.0963993 0.091288 0.0887365 0.0892489 0.0932191 0.100531 0.110195 0.120234 0.128085 0.131518 0.129586 0.122973 0.113604 0.103927 0.0962595 0.0922815 0.0926986 0.0971087 0.10414 0.111933 0.118885 0.124236 0.128021 0.130419 0.131069 0.128994 0.123308 0.114244 0.103489 0.0934517 0.0861437 0.0825269 0.0825001 0.0852524 0.0896871 0.0947498 0.0996416 0.103995 0.10804 0.112598 0.118643 0.126407 0.134414 0.139369 0.137796 0.128651 0.114182 0.0980798 0.0832951 0.0713776 0.0629297 0.0581831 0.0572853 0.0603484 0.0674161 0.0784163 0.0930462 0.110446 0.128607 0.143911 0.151933 0.150059 0.139823 0.126075 0.114064 0.107568 0.10873 0.118453 0.136259 0.159154 0.180103 0.189107 0.179746 0.155225 0.124822 0.096327 0.0733289 0.0564103 0.0448049 0.0373587 0.0329265 0.0304991 0.0292374 0.0284914 0.0278191 0.0269931 0.0259761 0.0248601 0.0237877 0.0228876 0.0222451 0.0219122 0.0219467 0.0224645 0.0236895 0.025988 0.0298762 0.0359892 0.0450024 0.0575076 0.0739003 0.0944447 0.119789 0.152049 0.195962 0.258776 0.346207 0.447368 0.505254 0.461404 0.366988 0.282892 0.223124 0.183718 0.158783 0.144417 0.138889 0.142128 0.155425 0.18162 0.225875 0.296799 0.406729 0.567771 0.770291 0.890359 0.762281 0.565981 0.408705 0.300472 0.230482 0.185134 0.153336 0.128458 0.108292 0.0934557 0.0856023 0.0865253 0.0981351 0.122718 0.162829 0.219906 0.28989 0.35502 0.383614 0.361387 0.311353 0.260536 0.220149 0.191062 0.17057 0.155658 0.144493 0.136912 0.134063 0.137542 0.148394 0.165913 0.186324 0.202662 0.208011 0.200517 0.183996 0.163767 0.143773 0.126595 0.113963 0.106651 0.104183 0.104812 0.105938 0.104956 0.100311 0.092087 0.0817223 0.071149 0.0620346 0.0554323 0.0517544 0.0508877 0.0523503 0.0554645 0.0595246 0.0639079 0.0680724 0.0714652 0.0734783 0.0735828 0.0715927 0.067829 0.0630138 0.0579846 0.0534534 0.0499204 0.047698 0.0469555 0.0477425 0.049996 0.0535531 0.0581914 0.0637111 0.0700586 0.0774717 0.0866024 0.0985722 0.11492 0.137393 0.167508 0.205745 0.250379 0.296325 0.33511 0.357057 0.355387 0.330334 0.28985 0.244935 0.203871 0.170281 0.144386 0.12495 0.110684 0.100959 0.0959501 0.0963736 0.102958 0.115745 0.133297 0.152178 0.167455 0.174616 0.171742 0.160238 0.144079 0.128486 0.118703 0.119378 0.134544 0.167337 0.217644 0.275147 0.311156 0.296033 0.240137 0.176938 0.125443 0.0894446 0.0669641 0.055209 0.0521526 0.0567279 0.068425 0.0864107 0.108134 0.127982 0.138058 0.13294 0.114466 0.0898441 0.0658691 0.0460661 0.031215 0.0207243 0.0135937 0.00886856 0.00578882 0.00380138 0.00252414 0.00170204 0.00116894 0.000818583 0.000583989 0.000423357 0.000310742 0.000230021 0.000171077 0.00012744 9.48512e-05 7.04087e-05 5.20626e-05 3.83184e-05 2.80597e-05 2.04395e-05 1.48104e-05 1.06763e-05 7.65795e-06 5.46712e-06 3.88588e-06 2.75074e-06 1.93998e-06 1.36363e-06 9.55693e-07 6.68086e-07 4.66026e-07 3.24504e-07 2.25642e-07 1.56733e-07 1.08787e-07 7.54713e-08 5.23449e-08 3.63019e-08 2.51767e-08 1.74626e-08 1.21136e-08 8.40376e-09 5.83024e-09 4.04454e-09 2.80523e-09 1.94503e-09 1.34797e-09 9.33609e-10 6.4613e-10 4.46771e-10 3.08608e-10 2.1293e-10 1.46734e-10 1.00985e-10 6.9403e-11 4.76297e-11 3.26391e-11 2.23329e-11 1.52579e-11 1.04084e-11 7.0895e-12 4.82166e-12 3.27444e-12 2.2205e-12 1.50367e-12 1.01686e-12 6.86744e-13 4.63214e-13 3.12065e-13 2.09996e-13 1.4116e-13 9.47926e-14 6.35967e-14 
2.3415e-14 3.44459e-14 5.07414e-14 7.48627e-14 1.10647e-13 1.63861e-13 2.4319e-13 3.61759e-13 5.39445e-13 8.06424e-13 1.2086e-12 1.81594e-12 2.73524e-12 4.12969e-12 6.24889e-12 9.4748e-12 1.4392e-11 2.1895e-11 3.33519e-11 5.08534e-11 7.75902e-11 1.18425e-10 1.80757e-10 2.75814e-10 4.20605e-10 6.40812e-10 9.75107e-10 1.48153e-09 2.24684e-09 3.40028e-09 5.1335e-09 7.72938e-09 1.16035e-08 1.73629e-08 2.58897e-08 3.84578e-08 5.68954e-08 8.38085e-08 1.22886e-07 1.79314e-07 2.60324e-07 3.75932e-07 5.39901e-07 7.71013e-07 1.09473e-06 1.54537e-06 2.16901e-06 3.02737e-06 4.20314e-06 5.80747e-06 7.99072e-06 1.09583e-05 1.49944e-05 2.04974e-05 2.80337e-05 3.842e-05 5.2847e-05 7.30676e-05 0.000101683 0.000142577 0.000201587 0.00028753 0.000413797 0.000600822 0.000879888 0.00129893 0.00193119 0.00288784 0.00433534 0.00651791 0.00978295 0.0146023 0.0215725 0.0313598 0.0445398 0.0612821 0.0809207 0.101705 0.121345 0.138733 0.156033 0.179585 0.219567 0.289789 0.408371 0.598401 0.885936 1.28948 1.79109 2.27353 2.17217 1.73772 1.26945 0.914438 0.665111 0.486142 0.354424 0.257542 0.187347 0.13728 0.10204 0.0775734 0.0609134 0.0499565 0.0432668 0.0399375 0.0395033 0.0418902 0.047384 0.0565742 0.0702141 0.0889395 0.112862 0.141241 0.172699 0.206414 0.244011 0.291033 0.357395 0.457811 0.612775 0.846415 1.16392 1.41474 1.32075 1.08079 0.851327 0.683203 0.57384 0.499638 0.438282 0.381807 0.333326 0.298489 0.282819 0.29208 0.331581 0.402498 0.492636 0.563387 0.562323 0.485653 0.384176 0.299775 0.247196 0.226519 0.232381 0.256494 0.287366 0.312197 0.323402 0.32225 0.312579 0.294589 0.267783 0.235688 0.204161 0.177286 0.156271 0.14059 0.129226 0.121198 0.11555 0.111279 0.107561 0.104202 0.101852 0.101718 0.104911 0.111772 0.121387 0.131484 0.139004 0.14136 0.137663 0.128961 0.117524 0.105938 0.0965023 0.0908661 0.0898206 0.0932629 0.10034 0.10976 0.120189 0.13055 0.140028 0.147744 0.152328 0.151935 0.145141 0.132316 0.116019 0.0997712 0.086399 0.0772515 0.0723558 0.0709497 0.0719923 0.0745332 0.0779526 0.0821125 0.0874077 0.0946215 0.104454 0.11668 0.129221 0.138048 0.139025 0.130941 0.11646 0.0998496 0.0844092 0.0717873 0.0625655 0.0569243 0.0549458 0.0566442 0.0619102 0.0704581 0.0817578 0.0948858 0.108298 0.119755 0.126844 0.128174 0.124381 0.117909 0.111808 0.108622 0.109892 0.116066 0.126411 0.138625 0.148537 0.151138 0.143496 0.127054 0.106356 0.0858937 0.0683594 0.054703 0.0448094 0.0380615 0.0336779 0.0309004 0.0290988 0.0278237 0.0268163 0.0259823 0.0253404 0.0249584 0.0248926 0.0251497 0.0256795 0.0264048 0.027277 0.0283478 0.0298352 0.0321668 0.0359807 0.0420694 0.0512553 0.0641989 0.0811887 0.102107 0.126939 0.157048 0.196532 0.251911 0.327483 0.411874 0.459984 0.431298 0.360285 0.293503 0.244338 0.210355 0.187411 0.173509 0.168495 0.173137 0.188626 0.216667 0.260456 0.326355 0.423825 0.557863 0.704199 0.775671 0.699012 0.542603 0.394539 0.284141 0.209316 0.160025 0.12694 0.103835 0.0876665 0.0777225 0.0746538 0.0799064 0.095638 0.124878 0.171475 0.238849 0.324952 0.409317 0.444964 0.408472 0.338601 0.273225 0.223733 0.189074 0.165357 0.149136 0.138412 0.132829 0.133393 0.141866 0.159802 0.186919 0.218654 0.244892 0.254651 0.245408 0.223906 0.197821 0.171712 0.14844 0.130248 0.11827 0.112061 0.109803 0.108946 0.107025 0.102432 0.0948465 0.0851431 0.0748634 0.0655937 0.0585161 0.0542171 0.0526996 0.0535155 0.0559598 0.0592795 0.0628349 0.0661476 0.0688381 0.0705504 0.0709759 0.0699731 0.0676564 0.064355 0.0604926 0.056505 0.0528324 0.049923 0.0481907 0.0479386 0.049297 0.052213 0.0565034 0.0619697 0.0685642 0.0765723 0.086752 0.100366 0.119059 0.144569 0.178226 0.220182 0.268292 0.316995 0.357323 0.379375 0.376854 0.350929 0.310029 0.264933 0.223524 0.189176 0.161975 0.140545 0.123449 0.109959 0.100209 0.0948607 0.0945354 0.0992232 0.107818 0.117969 0.126529 0.130645 0.128939 0.122063 0.112473 0.103724 0.0997044 0.10416 0.120466 0.151006 0.194827 0.242233 0.270607 0.258911 0.214272 0.161414 0.116546 0.0841435 0.0632747 0.0517918 0.0479107 0.0505028 0.0588017 0.071734 0.0870035 0.10046 0.106935 0.103113 0.0900466 0.07218 0.054121 0.0386431 0.0266533 0.0179515 0.011904 0.00782346 0.00512489 0.00336365 0.00222271 0.00148519 0.00100693 0.000694155 0.00048681 0.000346905 0.000250584 0.000182897 0.000134432 9.91944e-05 7.32835e-05 5.40949e-05 3.98357e-05 2.92343e-05 2.13658e-05 1.55446e-05 1.12562e-05 8.11234e-06 5.81939e-06 4.15581e-06 2.95513e-06 2.09294e-06 1.4768e-06 1.03852e-06 7.28076e-07 5.09053e-07 3.5508e-07 2.47184e-07 1.71789e-07 1.19232e-07 8.26705e-08 5.72779e-08 3.96652e-08 2.74604e-08 1.90085e-08 1.31578e-08 9.10841e-09 6.30577e-09 4.36578e-09 3.02269e-09 2.09266e-09 1.44855e-09 1.00241e-09 6.934e-10 4.79388e-10 3.31207e-10 2.28648e-10 1.57703e-10 1.0866e-10 7.4785e-11 5.14092e-11 3.52955e-11 2.42004e-11 1.65705e-11 1.13303e-11 7.73631e-12 5.27481e-12 3.59139e-12 2.44176e-12 1.65781e-12 1.12401e-12 7.61067e-13 5.14644e-13 3.4757e-13 2.34449e-13 1.57961e-13 1.06309e-13 7.14724e-14 4.80044e-14 
1.76811e-14 2.60719e-14 3.85036e-14 5.69614e-14 8.44284e-14 1.25399e-13 1.86661e-13 2.78491e-13 4.16479e-13 6.24325e-13 9.38109e-13 1.41284e-12 2.13247e-12 3.22522e-12 4.88699e-12 7.41712e-12 1.12729e-11 1.71524e-11 2.61205e-11 3.97996e-11 6.06577e-11 9.24421e-11 1.40831e-10 2.14409e-10 3.26118e-10 4.95409e-10 7.51429e-10 1.13769e-09 1.71892e-09 2.59096e-09 3.89516e-09 5.83897e-09 8.72529e-09 1.29941e-08 1.92806e-08 2.84971e-08 4.19447e-08 6.14677e-08 8.96628e-08 1.30161e-07 1.88005e-07 2.7015e-07 3.8613e-07 5.48936e-07 7.76179e-07 1.09165e-06 1.52743e-06 2.12675e-06 2.94811e-06 4.07101e-06 5.6045e-06 7.69968e-06 1.05686e-05 1.45127e-05 1.9966e-05 2.75603e-05 3.8225e-05 5.33377e-05 7.49538e-05 0.000106157 0.000151594 0.000218294 0.000316915 0.000463646 0.000683048 0.00101225 0.00150694 0.00224963 0.00336027 0.00500857 0.00742557 0.0109085 0.0158082 0.0224821 0.0311962 0.041979 0.0544889 0.0680595 0.0821355 0.0971501 0.115529 0.142394 0.185975 0.258172 0.37559 0.560733 0.841787 1.24495 1.75385 2.18599 2.13128 1.73883 1.27007 0.908434 0.653084 0.474145 0.347471 0.256488 0.190328 0.141949 0.106713 0.0813984 0.063638 0.0516467 0.0441039 0.0400979 0.0390953 0.040926 0.0457744 0.0541446 0.0667545 0.084309 0.107152 0.13493 0.166625 0.201468 0.240872 0.290532 0.361518 0.470524 0.63955 0.890938 1.22332 1.54723 1.60837 1.30891 0.987282 0.748733 0.592247 0.491813 0.421783 0.367215 0.323316 0.290907 0.273616 0.276269 0.302694 0.35187 0.411695 0.454676 0.450979 0.398643 0.325805 0.260982 0.217768 0.198345 0.199463 0.215415 0.239251 0.264466 0.28728 0.306145 0.316904 0.310895 0.283841 0.243721 0.203309 0.170547 0.147581 0.133583 0.126838 0.125407 0.127013 0.129006 0.129071 0.126451 0.122508 0.119891 0.121034 0.126995 0.136857 0.147656 0.155212 0.156078 0.149459 0.137323 0.122886 0.109203 0.0986209 0.092695 0.0921955 0.0971257 0.106792 0.119951 0.135038 0.150409 0.164472 0.175571 0.181728 0.180676 0.170865 0.15309 0.130904 0.108887 0.0905105 0.0773039 0.0692001 0.0652521 0.0642462 0.0651266 0.0672655 0.0705963 0.0755875 0.0830073 0.0934202 0.106406 0.119759 0.129474 0.131536 0.124745 0.111585 0.09609 0.0814181 0.069177 0.0599613 0.0539749 0.05131 0.0519695 0.0558158 0.0625366 0.0716271 0.0823514 0.0936724 0.104239 0.112597 0.11769 0.119393 0.11869 0.117303 0.116933 0.11853 0.122009 0.126431 0.130309 0.131777 0.128977 0.120979 0.108537 0.0937423 0.0789281 0.0658124 0.0552605 0.0474118 0.0419135 0.0381615 0.0355196 0.0334872 0.0317884 0.03037 0.029333 0.0288354 0.0290011 0.0298556 0.031296 0.0331049 0.0350065 0.0367606 0.0382753 0.0397119 0.0415496 0.0445742 0.0497742 0.0581468 0.0704288 0.0867994 0.106749 0.129523 0.155401 0.187035 0.228835 0.282528 0.338808 0.3734 0.368667 0.338322 0.304734 0.27586 0.250653 0.228901 0.213368 0.207482 0.213684 0.232903 0.264283 0.30617 0.359796 0.431673 0.525939 0.623982 0.668687 0.611029 0.485937 0.358279 0.257715 0.186756 0.138935 0.107115 0.0860491 0.0727279 0.0659849 0.0659786 0.0738703 0.0917642 0.122786 0.170936 0.239745 0.327165 0.412714 0.449747 0.414776 0.345394 0.27901 0.227463 0.190438 0.164698 0.14722 0.136177 0.131221 0.133407 0.144766 0.167418 0.201674 0.242741 0.278153 0.293306 0.284934 0.261964 0.233066 0.202608 0.174106 0.151139 0.135697 0.127388 0.124034 0.1227 0.120612 0.115839 0.107712 0.0968854 0.0849614 0.0738142 0.064957 0.0591998 0.0566144 0.0566925 0.0585883 0.0613872 0.0643372 0.066971 0.069079 0.0705892 0.0714561 0.0716163 0.0709822 0.0694452 0.0669251 0.0634992 0.0595359 0.0556944 0.0527503 0.0513575 0.0518851 0.0543836 0.0586674 0.0644808 0.0717232 0.0806853 0.0922112 0.107686 0.12879 0.157032 0.193155 0.236466 0.28414 0.330584 0.367632 0.386811 0.383421 0.359512 0.322807 0.28234 0.244574 0.212294 0.185484 0.162761 0.14272 0.124812 0.1095 0.0977783 0.0904791 0.0877449 0.0887941 0.0919931 0.0952544 0.0966926 0.0952886 0.0912583 0.0860092 0.0817894 0.0812341 0.0869815 0.101299 0.125302 0.157103 0.188912 0.206693 0.199247 0.170122 0.133156 0.0995494 0.0738592 0.0564735 0.0463006 0.0421199 0.0429764 0.0480596 0.0562978 0.0658662 0.0739928 0.077607 0.0748511 0.0662546 0.054277 0.0417192 0.0305201 0.0215173 0.0147677 0.00994558 0.0066155 0.00437036 0.00288179 0.0019055 0.00126881 0.000853912 0.000582411 0.000403161 0.000283256 0.000201737 0.000145321 0.000105586 7.71591e-05 5.65619e-05 4.15004e-05 3.04232e-05 2.22543e-05 1.62283e-05 1.17902e-05 8.53097e-06 6.14649e-06 4.40951e-06 3.15002e-06 2.24108e-06 1.58819e-06 1.12137e-06 7.89067e-07 5.535e-07 3.87163e-07 2.70132e-07 1.88064e-07 1.30683e-07 9.06677e-08 6.28254e-08 4.349e-08 3.00832e-08 2.07988e-08 1.43752e-08 9.93386e-09 6.86429e-09 4.74329e-09 3.2778e-09 2.26519e-09 1.56541e-09 1.08175e-09 7.47413e-10 5.16287e-10 3.56506e-10 2.46058e-10 1.69727e-10 1.16993e-10 8.05774e-11 5.54459e-11 3.81143e-11 2.61718e-11 1.79505e-11 1.22968e-11 8.41319e-12 5.74866e-12 3.92283e-12 2.67333e-12 1.81938e-12 1.23656e-12 8.39326e-13 5.68957e-13 3.85187e-13 2.60448e-13 1.75891e-13 1.18647e-13 7.99438e-14 5.38081e-14 3.61803e-14 
1.33837e-14 1.97831e-14 2.92914e-14 4.34494e-14 6.4578e-14 9.61819e-14 1.43564e-13 2.14764e-13 3.21994e-13 4.83825e-13 7.28541e-13 1.09925e-12 1.66171e-12 2.51621e-12 3.8158e-12 5.79385e-12 8.80608e-12 1.33941e-11 2.03818e-11 3.10201e-11 4.72051e-11 7.18054e-11 1.0915e-10 1.65753e-10 2.51395e-10 3.80704e-10 5.75491e-10 8.68154e-10 1.30662e-09 1.96151e-09 2.93638e-09 4.38233e-09 6.51882e-09 9.66273e-09 1.42692e-08 2.09879e-08 3.0741e-08 4.48286e-08 6.5073e-08 9.40117e-08 1.35157e-07 1.93341e-07 2.7518e-07 3.89688e-07 5.49111e-07 7.7005e-07 1.07502e-06 1.49464e-06 2.07073e-06 2.86081e-06 3.94484e-06 5.43508e-06 7.49112e-06 1.03425e-05 1.43227e-05 1.99218e-05 2.78642e-05 3.92294e-05 5.56323e-05 7.94995e-05 0.000114486 0.000166103 0.000242668 0.000356695 0.000526943 0.000781303 0.00116076 0.00172454 0.0025562 0.00376998 0.00551518 0.00797523 0.0113555 0.0158541 0.0216145 0.0286739 0.0369529 0.0463631 0.0571083 0.0701789 0.0879358 0.114669 0.15717 0.225499 0.334119 0.503309 0.76007 1.13443 1.62049 1.89638 1.78374 1.52054 1.18997 0.886022 0.647517 0.474744 0.352675 0.26508 0.200261 0.151344 0.114514 0.0873355 0.0679169 0.0546604 0.0462513 0.0416827 0.0402762 0.0417019 0.0460003 0.0535843 0.0651697 0.0815796 0.103389 0.130484 0.161869 0.196401 0.234978 0.283325 0.353443 0.463375 0.636213 0.896223 1.25565 1.68694 1.90033 1.50781 1.09697 0.79511 0.601539 0.483935 0.411157 0.361394 0.322512 0.290664 0.268196 0.260084 0.269864 0.296066 0.329115 0.351239 0.345535 0.310662 0.261769 0.216332 0.184511 0.169158 0.168942 0.180757 0.201218 0.227863 0.259523 0.293918 0.321927 0.326421 0.298251 0.250269 0.202335 0.165456 0.142173 0.131392 0.131069 0.138679 0.15055 0.161446 0.166058 0.162382 0.153426 0.144851 0.141371 0.144944 0.154443 0.165855 0.173418 0.172449 0.162261 0.146079 0.128385 0.112837 0.101836 0.0968185 0.0985011 0.106925 0.12139 0.140393 0.161725 0.182743 0.200719 0.213106 0.217635 0.212473 0.196982 0.173022 0.145092 0.118383 0.0965696 0.081077 0.0715645 0.0667304 0.0649844 0.0649497 0.065822 0.0675349 0.0706605 0.0760476 0.0842554 0.0948668 0.105916 0.114038 0.115958 0.110636 0.0999095 0.0869301 0.0743032 0.063472 0.0550633 0.0493584 0.0465169 0.0466002 0.0495428 0.055146 0.0630989 0.0729861 0.0842467 0.0960858 0.107424 0.117045 0.124054 0.12848 0.131401 0.134156 0.137154 0.139405 0.139354 0.136123 0.12988 0.121243 0.110805 0.0992044 0.0872941 0.0760693 0.066422 0.0588991 0.0535671 0.0500282 0.0475919 0.0455482 0.0434317 0.0411599 0.0389938 0.0373745 0.036733 0.0373449 0.0392451 0.0422 0.0457409 0.0492626 0.0521813 0.0541253 0.0551167 0.0556846 0.0568342 0.059846 0.0659548 0.0759891 0.0900389 0.10731 0.126528 0.147127 0.170474 0.199378 0.23501 0.273004 0.303914 0.322001 0.331317 0.336305 0.332504 0.314413 0.287501 0.264261 0.254467 0.262954 0.290438 0.331995 0.375929 0.41241 0.446724 0.490659 0.537639 0.552611 0.503667 0.408388 0.30771 0.224486 0.16317 0.120526 0.0918291 0.0731926 0.0621437 0.0575437 0.0593604 0.0685068 0.0867917 0.116872 0.16185 0.223656 0.298486 0.368624 0.402365 0.3842 0.334586 0.279676 0.232175 0.195317 0.168417 0.149675 0.137631 0.131947 0.133652 0.144873 0.167944 0.20346 0.246908 0.285975 0.305989 0.303306 0.285687 0.259858 0.229234 0.198647 0.173842 0.157983 0.15063 0.148929 0.14918 0.147958 0.142807 0.13276 0.118625 0.102643 0.0875084 0.0753693 0.0673256 0.0634366 0.0629764 0.0647599 0.0674966 0.0701478 0.0721834 0.073611 0.074763 0.0759825 0.0773669 0.0786352 0.0791499 0.0781513 0.0751956 0.0705537 0.0652314 0.0605638 0.0577014 0.0573021 0.0594955 0.0640295 0.0705193 0.078759 0.0890398 0.102351 0.120307 0.144693 0.176669 0.215861 0.259842 0.30438 0.34415 0.373334 0.386748 0.382192 0.362154 0.332605 0.299923 0.268593 0.240564 0.215598 0.192189 0.168957 0.145789 0.123939 0.105189 0.0908783 0.0814018 0.0761905 0.0739748 0.0731867 0.0724125 0.0707911 0.0682409 0.0654653 0.0637695 0.0647794 0.0701292 0.0810661 0.0977763 0.118269 0.137305 0.147302 0.142929 0.125724 0.102472 0.0797824 0.0612738 0.0479839 0.0396566 0.0356424 0.0352692 0.0378503 0.0424955 0.0478983 0.0523298 0.0540523 0.0520576 0.0465838 0.0389116 0.0306262 0.0229624 0.0165715 0.0116152 0.00796629 0.00537986 0.0035967 0.0023919 0.0015893 0.00105944 0.000711129 0.000482087 0.000330759 0.00022989 0.000161827 0.000115226 8.28229e-05 5.9955e-05 4.36043e-05 3.1791e-05 2.3192e-05 1.69037e-05 1.22954e-05 8.91814e-06 6.44672e-06 4.64295e-06 3.33092e-06 2.38029e-06 1.69438e-06 1.20158e-06 8.49048e-07 5.97909e-07 4.19723e-07 2.93783e-07 2.0509e-07 1.42837e-07 9.92749e-08 6.88756e-08 4.77137e-08 3.30133e-08 2.282e-08 1.57624e-08 1.08818e-08 7.50975e-09 5.18156e-09 3.5748e-09 2.46621e-09 1.70142e-09 1.17381e-09 8.09808e-10 5.58648e-10 3.85334e-10 2.65731e-10 1.83194e-10 1.2624e-10 8.69475e-11 5.9847e-11 4.11634e-11 2.82892e-11 1.94237e-11 1.33234e-11 9.12927e-12 6.24844e-12 4.27171e-12 2.91681e-12 1.98921e-12 1.35491e-12 9.2171e-13 6.26225e-13 4.24934e-13 2.87988e-13 1.94938e-13 1.31795e-13 8.90021e-14 6.00361e-14 4.04534e-14 2.72301e-14 
1.01545e-14 1.50466e-14 2.23347e-14 3.32156e-14 4.94955e-14 7.39062e-14 1.10587e-13 1.65817e-13 2.49142e-13 3.75078e-13 5.65725e-13 8.54744e-13 1.29341e-12 1.95985e-12 2.973e-12 4.51386e-12 6.85759e-12 1.0422e-11 1.58404e-11 2.40715e-11 3.65627e-11 5.54953e-11 8.41471e-11 1.27431e-10 1.92685e-10 2.90838e-10 4.38103e-10 6.58442e-10 9.87126e-10 1.47584e-09 2.19999e-09 3.26902e-09 4.84102e-09 7.14309e-09 1.04997e-08 1.53718e-08 2.24104e-08 3.25297e-08 4.70061e-08 6.76114e-08 9.67926e-08 1.37913e-07 1.95577e-07 2.76069e-07 3.87954e-07 5.42911e-07 7.56889e-07 1.05177e-06 1.45778e-06 2.01697e-06 2.7885e-06 3.85645e-06 5.34161e-06 7.41931e-06 1.03464e-05 1.4502e-05 2.04492e-05 2.90285e-05 4.14982e-05 5.97457e-05 8.66043e-05 0.000126323 0.000185257 0.000272865 0.000403118 0.000596425 0.000882156 0.00130172 0.00191198 0.00278828 0.00402599 0.00573854 0.00804984 0.0110804 0.0149304 0.0196734 0.0253864 0.0322524 0.0407652 0.0520359 0.0681712 0.0927015 0.131085 0.191358 0.28493 0.427263 0.6371 0.928544 1.26818 1.46457 1.44722 1.33965 1.13848 0.878486 0.649885 0.482877 0.36603 0.281328 0.216369 0.165209 0.125393 0.0954416 0.0738919 0.0592339 0.0500599 0.0451758 0.0436619 0.0449261 0.0487734 0.0554634 0.0656858 0.0803715 0.100293 0.125517 0.155039 0.187414 0.22309 0.267583 0.333061 0.437863 0.605716 0.86399 1.23305 1.67364 1.9301 1.61098 1.13906 0.80363 0.597267 0.479894 0.416097 0.377915 0.34532 0.310033 0.275976 0.251637 0.24221 0.246711 0.257973 0.264731 0.25732 0.234432 0.203454 0.174093 0.15299 0.142722 0.143149 0.153028 0.171265 0.197659 0.232467 0.273335 0.309235 0.319413 0.292412 0.243071 0.194135 0.157923 0.137504 0.132306 0.140942 0.161293 0.18869 0.21385 0.225003 0.217003 0.196911 0.176749 0.164724 0.163355 0.170721 0.18148 0.188316 0.185392 0.172064 0.152592 0.1325 0.115944 0.105414 0.102333 0.107488 0.121068 0.142397 0.169611 0.19953 0.227935 0.250158 0.262012 0.261 0.247018 0.222138 0.190328 0.156889 0.126888 0.103565 0.0879093 0.0791452 0.0754434 0.0745561 0.0744511 0.0739309 0.0729642 0.0724769 0.0737061 0.0774568 0.083509 0.0903339 0.0954052 0.0963279 0.0922298 0.0841757 0.0742329 0.0642689 0.0554549 0.0484103 0.0434879 0.0409262 0.0408758 0.0433955 0.0484734 0.0560699 0.0661364 0.0785481 0.0929026 0.108243 0.122981 0.135443 0.145007 0.152694 0.160009 0.16673 0.170053 0.166679 0.156052 0.140889 0.124705 0.109718 0.096693 0.0857319 0.0769109 0.0704334 0.0664231 0.064628 0.0642758 0.0642195 0.0633581 0.0611238 0.0577271 0.0540069 0.0510371 0.0497493 0.0507009 0.0539719 0.0591383 0.0653262 0.0713732 0.076094 0.0786025 0.0786384 0.0767979 0.0744874 0.0735195 0.0755337 0.0815081 0.0914736 0.104493 0.119114 0.134413 0.151057 0.171141 0.196543 0.22737 0.262802 0.304081 0.353904 0.406087 0.434172 0.414343 0.365517 0.322574 0.303862 0.315614 0.359168 0.426656 0.487801 0.503356 0.482938 0.464806 0.45766 0.441558 0.396748 0.327738 0.254101 0.190174 0.140672 0.104834 0.0801306 0.064096 0.0549823 0.0518978 0.0547704 0.0642948 0.0818921 0.109573 0.149406 0.201984 0.263235 0.320643 0.355429 0.356156 0.328259 0.286098 0.242596 0.205345 0.176814 0.156399 0.142688 0.13503 0.13419 0.142123 0.160973 0.191227 0.229059 0.2648 0.287404 0.293331 0.286201 0.268791 0.243364 0.216168 0.194937 0.183773 0.181946 0.185611 0.189978 0.19076 0.184889 0.171187 0.151067 0.128167 0.106699 0.0897904 0.0788658 0.0738426 0.073565 0.0762103 0.0797407 0.0824964 0.0837593 0.0839033 0.0839735 0.0849917 0.0873876 0.0907083 0.0936331 0.0944172 0.091804 0.0859145 0.0783242 0.0712288 0.0664627 0.0650098 0.0670196 0.0720771 0.0795721 0.0891366 0.101092 0.116737 0.138222 0.167824 0.206547 0.252394 0.29955 0.340407 0.369682 0.385973 0.389758 0.38224 0.365883 0.344188 0.320495 0.297146 0.275058 0.253362 0.229884 0.202971 0.173241 0.143433 0.116704 0.0951552 0.0794067 0.0689028 0.0624192 0.058527 0.0559552 0.0538446 0.0518788 0.0502842 0.0497179 0.0510766 0.055252 0.0628048 0.0735078 0.0858021 0.0965603 0.10192 0.0993885 0.0895875 0.0756939 0.0612768 0.0487567 0.0391966 0.0327647 0.029212 0.0281364 0.0290416 0.0312797 0.0339852 0.0361239 0.0367303 0.0352559 0.0317928 0.0269839 0.0216865 0.0166363 0.0122833 0.00879637 0.00615114 0.00422485 0.00286478 0.00192658 0.00129042 0.000864216 0.000580795 0.000392902 0.000268206 0.000185036 0.000129091 9.10356e-05 6.48153e-05 4.65081e-05 3.3565e-05 2.43148e-05 1.76473e-05 1.28122e-05 9.29305e-06 6.72755e-06 4.85754e-06 3.49645e-06 2.50819e-06 1.79285e-06 1.27691e-06 9.06186e-07 6.40856e-07 4.51702e-07 3.17372e-07 2.22332e-07 1.55329e-07 1.0825e-07 7.52728e-08 5.22394e-08 3.61927e-08 2.50392e-08 1.73022e-08 1.19445e-08 8.23976e-09 5.68097e-09 3.91528e-09 2.69772e-09 1.85852e-09 1.28028e-09 8.81928e-10 6.07509e-10 4.18464e-10 2.88227e-10 1.98498e-10 1.36675e-10 9.40811e-11 6.47369e-11 4.45244e-11 3.06054e-11 2.10239e-11 1.44312e-11 9.89763e-12 6.78214e-12 4.6428e-12 3.17502e-12 2.16892e-12 1.47998e-12 1.00872e-12 6.86714e-13 4.66947e-13 3.17135e-13 2.15132e-13 1.45765e-13 9.86503e-14 6.66882e-14 4.50315e-14 3.0375e-14 2.04675e-14 
7.72124e-15 1.14683e-14 1.70643e-14 2.54388e-14 3.79967e-14 5.68651e-14 8.52693e-14 1.28105e-13 1.92813e-13 2.90704e-13 4.38984e-13 6.63833e-13 1.00507e-12 1.52323e-12 2.3103e-12 3.50591e-12 5.3217e-12 8.07805e-12 1.22591e-11 1.85947e-11 2.81831e-11 4.26725e-11 6.45292e-11 9.74333e-11 1.46858e-10 2.20915e-10 3.31581e-10 4.96472e-10 7.41385e-10 1.10394e-09 1.63874e-09 2.42463e-09 3.57497e-09 5.25178e-09 7.68551e-09 1.12021e-08 1.62601e-08 2.35011e-08 3.38185e-08 4.845e-08 6.91028e-08 9.81242e-08 1.38732e-07 1.95333e-07 2.7396e-07 3.82894e-07 5.33536e-07 7.4168e-07 1.02936e-06 1.42761e-06 1.9805e-06 2.75135e-06 3.83188e-06 5.35617e-06 7.52165e-06 1.06208e-05 1.50885e-05 2.1574e-05 3.10473e-05 4.49578e-05 6.54689e-05 9.57993e-05 0.000140714 0.000207214 0.000305485 0.000450145 0.000661813 0.000968924 0.00140961 0.00203326 0.00290103 0.0040848 0.00566398 0.00772135 0.010342 0.0136245 0.0177188 0.0229091 0.0297527 0.0392808 0.0532507 0.0744484 0.107042 0.156974 0.232256 0.342674 0.497356 0.696085 0.909174 1.07564 1.18868 1.29132 1.19817 0.891924 0.65033 0.489492 0.381222 0.301189 0.236206 0.182175 0.138687 0.105486 0.0816073 0.0656258 0.0560101 0.0513113 0.0502502 0.051807 0.0553738 0.0609272 0.0690807 0.0808799 0.0973106 0.118655 0.14408 0.172217 0.203385 0.242571 0.300897 0.395129 0.547102 0.783243 1.12824 1.56031 1.80747 1.49634 1.06141 0.756417 0.573608 0.479673 0.442882 0.430423 0.408543 0.361974 0.304553 0.256012 0.224897 0.20987 0.204428 0.200417 0.191495 0.176018 0.157018 0.139334 0.126787 0.121192 0.122826 0.131402 0.146928 0.170048 0.201217 0.237811 0.269576 0.279177 0.257589 0.216619 0.175397 0.145627 0.131464 0.133962 0.153663 0.190482 0.240402 0.289011 0.310921 0.292768 0.251932 0.213165 0.188583 0.179657 0.182567 0.190516 0.195273 0.190536 0.175577 0.154848 0.134149 0.117875 0.1087 0.108264 0.117676 0.137527 0.167443 0.20543 0.247411 0.287188 0.316721 0.327876 0.316979 0.287777 0.24819 0.205818 0.166531 0.13439 0.111498 0.0980735 0.0927727 0.0930151 0.0953782 0.0964594 0.0942122 0.0888417 0.0823295 0.0770046 0.0743307 0.0744216 0.0761347 0.0775827 0.0769919 0.0735508 0.0676599 0.0604436 0.0530633 0.0463642 0.0408889 0.037011 0.0350207 0.0351488 0.0375822 0.0425024 0.0501377 0.0607782 0.0746743 0.0917377 0.111085 0.130787 0.148541 0.163413 0.176931 0.191303 0.20551 0.213374 0.207734 0.188089 0.161393 0.135368 0.114073 0.0982915 0.0874252 0.0808025 0.078064 0.078915 0.0826294 0.0876833 0.0918728 0.093088 0.0903914 0.0845541 0.0775873 0.0717648 0.0688788 0.069935 0.0750838 0.0836058 0.0939716 0.104092 0.111769 0.115216 0.113627 0.107699 0.0996346 0.0923036 0.0881023 0.0882603 0.0927393 0.100511 0.110147 0.120721 0.132639 0.147751 0.168705 0.198573 0.241788 0.305812 0.39984 0.520382 0.604641 0.559097 0.454465 0.37663 0.344285 0.359184 0.424832 0.540488 0.657078 0.644097 0.538054 0.450953 0.397155 0.357155 0.313372 0.261853 0.20872 0.160962 0.12213 0.0927534 0.0718944 0.0582633 0.0507935 0.048879 0.0524568 0.0620344 0.0786856 0.103941 0.139371 0.185546 0.240138 0.295813 0.3401 0.359395 0.346867 0.309423 0.263275 0.221676 0.189763 0.167029 0.151152 0.140576 0.135554 0.137796 0.149206 0.170189 0.197976 0.226275 0.248208 0.260577 0.263273 0.255988 0.240291 0.222861 0.211966 0.211855 0.221127 0.234479 0.245593 0.24921 0.241765 0.222111 0.192879 0.160051 0.13008 0.107321 0.0934587 0.0881238 0.0895334 0.0948608 0.100708 0.104139 0.103996 0.101376 0.0986933 0.0981791 0.100849 0.106098 0.111723 0.114589 0.112211 0.104477 0.0938298 0.0836864 0.0767391 0.0742892 0.0764117 0.0824046 0.091305 0.102495 0.116363 0.134765 0.160932 0.198491 0.249275 0.309709 0.367685 0.406878 0.420617 0.416425 0.404496 0.390184 0.375217 0.360102 0.345148 0.330641 0.316189 0.29951 0.276698 0.24524 0.206991 0.167266 0.13134 0.102207 0.0805189 0.0654521 0.0555439 0.0492411 0.0452112 0.0425019 0.0405987 0.0394026 0.0391423 0.0402327 0.04309 0.0479002 0.0543485 0.0613898 0.0672712 0.0700524 0.0685378 0.0629619 0.0547953 0.0458873 0.0377062 0.0310779 0.0262945 0.0233235 0.0219597 0.0218861 0.022675 0.0237846 0.0246115 0.0246199 0.0235054 0.0212925 0.0182949 0.0149621 0.0117125 0.00883244 0.0064573 0.00460385 0.00321807 0.00221585 0.00150948 0.00102138 0.000689026 0.000465015 0.000314941 0.000214613 0.000147433 0.000102222 7.15554e-05 5.05441e-05 3.59865e-05 2.57858e-05 1.85631e-05 1.3403e-05 9.69095e-06 7.00743e-06 5.06189e-06 3.64976e-06 2.62512e-06 1.8827e-06 1.346e-06 9.59116e-07 6.81148e-07 4.82131e-07 3.40154e-07 2.39238e-07 1.67764e-07 1.17317e-07 8.18291e-08 5.69426e-08 3.95414e-08 2.74065e-08 1.89648e-08 1.31051e-08 9.0453e-09 6.23727e-09 4.29775e-09 2.95964e-09 2.03731e-09 1.402e-09 9.64628e-10 6.63624e-10 4.56515e-10 3.14027e-10 2.16001e-10 1.48562e-10 1.02166e-10 7.02464e-11 4.82868e-11 3.31807e-11 2.27907e-11 1.56462e-11 1.0735e-11 7.36035e-12 5.04274e-12 3.45203e-12 2.361e-12 1.61326e-12 1.10123e-12 7.50931e-13 5.11514e-13 3.48048e-13 2.36558e-13 1.60602e-13 1.08912e-13 7.37761e-14 4.99202e-14 3.37416e-14 2.2782e-14 1.53664e-14 
5.88238e-15 8.75679e-15 1.3059e-14 1.95104e-14 2.92027e-14 4.37894e-14 6.57786e-14 9.89771e-14 1.49167e-13 2.25131e-13 3.40215e-13 5.14689e-13 7.79332e-13 1.18083e-12 1.78996e-12 2.71384e-12 4.11437e-12 6.23582e-12 9.44599e-12 1.42975e-11 2.16184e-11 3.26465e-11 4.92265e-11 7.40985e-11 1.1132e-10 1.66876e-10 2.49563e-10 3.72259e-10 5.53731e-10 8.21216e-10 1.21406e-09 1.78883e-09 2.62644e-09 3.8421e-09 5.59898e-09 8.12701e-09 1.17487e-08 1.6914e-08 2.42484e-08 3.46176e-08 4.9216e-08 6.96879e-08 9.8294e-08 1.38143e-07 1.93517e-07 2.70335e-07 3.76817e-07 5.24459e-07 7.29462e-07 1.01485e-06 1.41367e-06 1.97371e-06 2.7647e-06 3.88904e-06 5.49797e-06 7.81577e-06 1.1176e-05 1.60752e-05 2.32525e-05 3.38065e-05 4.93646e-05 7.23254e-05 0.0001062 0.000156081 0.000229266 0.000336056 0.000490721 0.00071259 0.00102713 0.00146685 0.00207176 0.00288932 0.00397425 0.0053895 0.00721184 0.0095477 0.0125674 0.0165666 0.0220612 0.0299187 0.0415234 0.0589685 0.0852608 0.12448 0.181732 0.262474 0.37042 0.503219 0.648761 0.795159 0.959429 1.19304 1.18135 0.840295 0.618496 0.480862 0.389807 0.318942 0.25623 0.200387 0.1536 0.117239 0.0911392 0.0741627 0.0647432 0.0611548 0.061606 0.0643623 0.0680597 0.0721515 0.0771607 0.0844168 0.0953292 0.110582 0.129745 0.151867 0.177355 0.210324 0.25971 0.338747 0.463928 0.653014 0.915543 1.20746 1.32288 1.14291 0.873102 0.659309 0.531221 0.481272 0.493102 0.533435 0.53421 0.457083 0.354635 0.272066 0.217816 0.186133 0.168515 0.157264 0.147049 0.135739 0.124028 0.113961 0.107402 0.105303 0.107828 0.114924 0.126879 0.144351 0.167448 0.193557 0.215019 0.220902 0.206154 0.177988 0.149132 0.129103 0.122904 0.133519 0.164024 0.217704 0.294051 0.375752 0.414615 0.37849 0.30775 0.246861 0.208972 0.191895 0.189046 0.192459 0.193972 0.187705 0.172768 0.152898 0.133349 0.118457 0.111159 0.113512 0.127169 0.153406 0.19261 0.243426 0.302005 0.361057 0.407339 0.421945 0.395299 0.340405 0.278042 0.221156 0.17507 0.141572 0.120928 0.112399 0.114131 0.12264 0.132409 0.136965 0.132184 0.119082 0.102488 0.0872519 0.07599 0.0690402 0.0652823 0.0630013 0.0606244 0.057241 0.0527372 0.0475433 0.0422567 0.0374066 0.0334074 0.0305983 0.0292794 0.0297301 0.0322329 0.0371183 0.0448157 0.0558582 0.0707572 0.089652 0.111762 0.135055 0.157023 0.176883 0.197059 0.220833 0.24644 0.262806 0.256052 0.22555 0.185128 0.14809 0.120086 0.101502 0.0909793 0.0872773 0.0897283 0.0978371 0.11044 0.124852 0.13673 0.141565 0.137407 0.126286 0.112743 0.101301 0.0950907 0.0957004 0.103335 0.116827 0.133622 0.150137 0.162565 0.167666 0.163599 0.151146 0.134072 0.117315 0.1046 0.0974644 0.0956439 0.0978845 0.102747 0.109366 0.118047 0.130462 0.149564 0.179824 0.228399 0.30721 0.434825 0.631904 0.834165 0.704324 0.516013 0.404906 0.361075 0.376259 0.454884 0.609724 0.809825 0.759089 0.564563 0.431623 0.35239 0.30104 0.259095 0.218337 0.178261 0.14141 0.110104 0.085426 0.0674292 0.0556458 0.0495114 0.0486305 0.0529244 0.0627171 0.0787945 0.102419 0.135204 0.178683 0.233329 0.29662 0.359237 0.40054 0.397208 0.352079 0.293188 0.242204 0.205282 0.180046 0.162008 0.148111 0.13801 0.13338 0.136178 0.147009 0.164203 0.184059 0.202501 0.216788 0.225248 0.226715 0.222779 0.219525 0.224328 0.24081 0.266419 0.293573 0.313573 0.32003 0.309251 0.28075 0.239335 0.194265 0.154624 0.125904 0.109879 0.105851 0.111405 0.122409 0.133165 0.138164 0.135262 0.127075 0.11867 0.114279 0.115702 0.122112 0.130242 0.135236 0.133018 0.123153 0.109182 0.0959709 0.0871129 0.0841616 0.0870296 0.0946181 0.105457 0.118524 0.134237 0.155252 0.186522 0.234292 0.303433 0.391142 0.475807 0.518353 0.505978 0.468486 0.432752 0.407065 0.390488 0.379988 0.373148 0.36839 0.363475 0.353563 0.331768 0.294231 0.244981 0.193317 0.14723 0.110449 0.0832877 0.0643485 0.0517121 0.0435443 0.0383465 0.0350333 0.0329283 0.0317137 0.0313463 0.0319442 0.0336498 0.0364737 0.0401429 0.0440101 0.0471173 0.0484789 0.0474968 0.0442445 0.0394037 0.0339176 0.028632 0.0241102 0.0206251 0.0182331 0.016849 0.0162902 0.0162944 0.016537 0.0166707 0.0163964 0.0155405 0.0140994 0.012221 0.0101352 0.00807176 0.00620257 0.00462227 0.00335728 0.00238782 0.00167023 0.00115356 0.000789608 0.000537528 0.000365115 0.0002482 0.000169305 0.000116137 8.02361e-05 5.58767e-05 3.92285e-05 2.77493e-05 1.97577e-05 1.41409e-05 1.01587e-05 7.31466e-06 5.27198e-06 3.79916e-06 2.73486e-06 1.96518e-06 1.40884e-06 1.00726e-06 7.18035e-07 5.1028e-07 3.61501e-07 2.55303e-07 1.79754e-07 1.2619e-07 8.83405e-08 6.16815e-08 4.2963e-08 2.98584e-08 2.07092e-08 1.43377e-08 9.91089e-09 6.84158e-09 4.71739e-09 3.24965e-09 2.23687e-09 1.53881e-09 1.05812e-09 7.27347e-10 4.99863e-10 3.43473e-10 2.35987e-10 1.62125e-10 1.11372e-10 7.64999e-11 5.25398e-11 3.60775e-11 2.47674e-11 1.69976e-11 1.16607e-11 7.9958e-12 5.47977e-12 3.75313e-12 2.56876e-12 1.75681e-12 1.20051e-12 8.1965e-13 5.59098e-13 3.81002e-13 2.59378e-13 1.76397e-13 1.19839e-13 8.13288e-14 5.51354e-14 3.73385e-14 2.52597e-14 1.70706e-14 1.15247e-14 
4.48881e-15 6.69619e-15 1.00062e-14 1.49782e-14 2.24589e-14 3.37311e-14 5.07402e-14 7.64373e-14 1.153e-13 1.74124e-13 2.63216e-13 3.98205e-13 6.02766e-13 9.12734e-13 1.38227e-12 2.09313e-12 3.16847e-12 4.79349e-12 7.24606e-12 1.09421e-11 1.65025e-11 2.48514e-11 3.73605e-11 5.60586e-11 8.39365e-11 1.25387e-10 1.86836e-10 2.77648e-10 4.11411e-10 6.07756e-10 8.94915e-10 1.3133e-09 1.92052e-09 2.79822e-09 4.06169e-09 5.87293e-09 8.45854e-09 1.21343e-08 1.73386e-08 2.46785e-08 3.49924e-08 4.94376e-08 6.96113e-08 9.77216e-08 1.3683e-07 1.912e-07 2.66806e-07 3.72074e-07 5.18988e-07 7.24725e-07 1.0141e-06 1.42326e-06 2.00511e-06 2.83764e-06 4.03609e-06 5.77132e-06 8.29682e-06 1.19886e-05 1.74034e-05 2.53631e-05 3.70749e-05 5.43007e-05 7.95903e-05 0.000116595 0.000170474 0.000248405 0.000360193 0.000518935 0.000741719 0.00105027 0.00147154 0.0020384 0.00279098 0.00377986 0.00507344 0.006773 0.00903979 0.0121388 0.0165023 0.0228143 0.0321122 0.045898 0.0662338 0.0957679 0.137571 0.19458 0.268464 0.358239 0.460565 0.574227 0.70264 0.823476 0.817514 0.676594 0.542378 0.450817 0.386844 0.33113 0.274845 0.219563 0.170361 0.130981 0.102752 0.0852323 0.0770119 0.0761149 0.0800375 0.0858152 0.0906086 0.0928479 0.0930675 0.093469 0.0965025 0.103623 0.114951 0.129973 0.149086 0.175252 0.214683 0.276199 0.369554 0.501691 0.666265 0.819879 0.875235 0.798755 0.662556 0.543233 0.476934 0.47663 0.54886 0.682855 0.741539 0.581746 0.408477 0.289712 0.216199 0.172734 0.147353 0.131679 0.120485 0.111258 0.103516 0.0978192 0.0948251 0.0947638 0.0974562 0.102704 0.110671 0.121799 0.135991 0.151264 0.162903 0.165145 0.155716 0.13859 0.121279 0.110642 0.111625 0.12837 0.165667 0.229252 0.322111 0.428093 0.481675 0.430913 0.339827 0.26642 0.221453 0.199306 0.191659 0.190437 0.188489 0.180946 0.166811 0.148759 0.131113 0.117939 0.112391 0.116949 0.133829 0.165093 0.212294 0.27589 0.354943 0.445722 0.531503 0.564572 0.508696 0.407316 0.310947 0.235839 0.182597 0.148753 0.132207 0.1315 0.144932 0.168605 0.193707 0.206596 0.197286 0.169355 0.135295 0.105093 0.0826014 0.0676102 0.0582453 0.052341 0.0480927 0.0443308 0.0405325 0.0366465 0.0328614 0.0294408 0.0266563 0.0247778 0.0240803 0.0248538 0.0274279 0.0322113 0.0397323 0.0506293 0.0655148 0.0846289 0.10732 0.131765 0.155816 0.179242 0.205228 0.237813 0.274756 0.300505 0.293785 0.253816 0.20199 0.156582 0.124056 0.104266 0.0953845 0.0960648 0.105864 0.124682 0.151428 0.182067 0.208234 0.219642 0.211541 0.189208 0.162924 0.141193 0.128822 0.127855 0.138425 0.158744 0.184746 0.210531 0.229939 0.237726 0.230209 0.207991 0.177713 0.148067 0.124753 0.109423 0.101189 0.0982586 0.0989869 0.10247 0.108873 0.11956 0.137193 0.166143 0.213499 0.290555 0.413509 0.595145 0.760502 0.661369 0.493927 0.388781 0.34539 0.356735 0.423812 0.547472 0.677561 0.646981 0.505108 0.389566 0.315557 0.267826 0.231656 0.198465 0.165656 0.134282 0.106471 0.0838583 0.0671644 0.0564161 0.0513181 0.0515459 0.0569217 0.0675252 0.0838112 0.106778 0.138173 0.180618 0.237331 0.31036 0.394046 0.4602 0.461606 0.398659 0.321343 0.259928 0.218756 0.192077 0.17265 0.155764 0.140656 0.129311 0.124071 0.125914 0.133999 0.146139 0.15978 0.17278 0.183535 0.191442 0.19849 0.209943 0.231937 0.267266 0.312016 0.355558 0.385745 0.394476 0.378033 0.337729 0.282163 0.224473 0.175921 0.142534 0.125971 0.125413 0.138229 0.159052 0.178704 0.186689 0.178702 0.160562 0.142257 0.130866 0.1288 0.134683 0.144084 0.150513 0.148377 0.136892 0.120548 0.105416 0.0957909 0.0934052 0.0980162 0.108104 0.121542 0.13664 0.153662 0.176125 0.211059 0.268185 0.357824 0.484034 0.619967 0.674864 0.615378 0.529963 0.465708 0.427043 0.407734 0.401222 0.40312 0.410021 0.416542 0.413616 0.390963 0.344482 0.281984 0.217543 0.161578 0.117956 0.0862461 0.06428 0.0496007 0.0400534 0.0339564 0.0301004 0.0276908 0.0262703 0.025632 0.0257222 0.0265363 0.0280128 0.0299453 0.0319443 0.0334853 0.0340539 0.0333351 0.0313388 0.0283819 0.0249451 0.0215039 0.0184174 0.0158954 0.0140154 0.0127551 0.0120186 0.0116543 0.0114738 0.0112793 0.0109018 0.0102399 0.00927985 0.00808832 0.00677981 0.00547663 0.00427745 0.00324295 0.00239639 0.00173295 0.0012311 0.000862283 0.000597506 0.000410937 0.000281371 0.000192353 0.000131632 9.03732e-05 6.23592e-05 4.32976e-05 3.02679e-05 2.13035e-05 1.50881e-05 1.07433e-05 7.68174e-06 5.50881e-06 3.95735e-06 2.84457e-06 2.04398e-06 1.46705e-06 1.05111e-06 7.51422e-07 5.35809e-07 3.81004e-07 2.70141e-07 1.90972e-07 1.34609e-07 9.46083e-08 6.631e-08 4.63533e-08 3.23221e-08 2.2486e-08 1.56099e-08 1.08155e-08 7.48072e-09 5.16624e-09 3.5631e-09 2.45465e-09 1.68942e-09 1.16185e-09 7.98533e-10 5.48563e-10 3.76705e-10 2.58619e-10 1.77515e-10 1.21828e-10 8.36004e-11 5.7362e-11 3.93542e-11 2.69958e-11 1.85149e-11 1.26954e-11 8.70252e-12 5.9633e-12 4.08453e-12 2.79629e-12 1.91326e-12 1.30825e-12 8.93924e-13 6.10354e-13 4.164e-13 2.83835e-13 1.93299e-13 1.31518e-13 8.93977e-14 6.07071e-14 4.11832e-14 2.79104e-14 1.88963e-14 1.27806e-14 8.63575e-15 
3.42983e-15 5.12601e-15 7.67337e-15 1.15048e-14 1.72758e-14 2.5979e-14 3.91189e-14 5.89755e-14 8.90047e-14 1.34442e-13 2.03214e-13 3.07316e-13 4.64875e-13 7.03255e-13 1.0637e-12 1.60827e-12 2.43015e-12 3.66901e-12 5.53361e-12 8.33527e-12 1.25369e-11 1.88249e-11 2.82136e-11 4.21971e-11 6.29688e-11 9.37358e-11 1.39171e-10 2.06052e-10 3.04175e-10 4.47631e-10 6.56607e-10 9.59892e-10 1.39836e-09 2.0298e-09 2.93555e-09 4.22966e-09 6.07143e-09 8.68268e-09 1.23714e-08 1.75645e-08 2.48532e-08 3.50562e-08 4.93088e-08 6.91898e-08 9.69034e-08 1.35543e-07 1.89477e-07 2.6492e-07 3.70772e-07 5.1988e-07 7.30909e-07 1.03114e-06 1.46065e-06 2.07852e-06 2.97204e-06 4.27034e-06 6.16433e-06 8.93581e-06 1.29995e-05 1.89628e-05 2.77104e-05 4.05204e-05 5.92225e-05 8.64062e-05 0.000125688 0.000182039 0.00026218 0.000375024 0.00053217 0.000748451 0.00104263 0.00143845 0.00196655 0.00266816 0.00360209 0.00485704 0.00657162 0.00896442 0.0123753 0.0173179 0.0245384 0.0350736 0.0502849 0.0718322 0.101525 0.140984 0.191137 0.25182 0.321995 0.400117 0.480675 0.542453 0.550301 0.505844 0.451126 0.409991 0.378552 0.343537 0.297582 0.24393 0.191447 0.14783 0.116843 0.0990768 0.0934167 0.0977286 0.108625 0.121043 0.129074 0.128883 0.121394 0.111264 0.103334 0.100323 0.102785 0.110275 0.122814 0.142054 0.171615 0.216393 0.280799 0.365385 0.460754 0.541286 0.573376 0.547038 0.489021 0.436798 0.418037 0.451697 0.556167 0.745904 0.864848 0.630489 0.425033 0.294003 0.214279 0.166684 0.138229 0.12057 0.108731 0.100173 0.0939734 0.0900311 0.0883791 0.088785 0.090749 0.0938305 0.0979782 0.103458 0.110238 0.117186 0.121835 0.121483 0.11529 0.105471 0.0963349 0.0925101 0.0981698 0.117421 0.154994 0.215975 0.301766 0.395606 0.442806 0.404223 0.32835 0.264371 0.223802 0.202323 0.192659 0.188139 0.183337 0.174648 0.161127 0.144588 0.128505 0.116604 0.112095 0.117676 0.135882 0.16933 0.220706 0.292947 0.390662 0.522193 0.688667 0.791525 0.65829 0.474468 0.337348 0.245485 0.187524 0.155389 0.144878 0.154702 0.185012 0.234009 0.290055 0.32313 0.303977 0.24521 0.180852 0.129074 0.0927869 0.0691487 0.0543469 0.045127 0.0391136 0.034767 0.031225 0.0281035 0.025309 0.0229024 0.0210255 0.0198688 0.0196611 0.0206726 0.0232322 0.0277559 0.0347698 0.0448851 0.0586654 0.0763309 0.0973624 0.120375 0.143931 0.168363 0.196834 0.232881 0.273618 0.302422 0.296536 0.255292 0.201814 0.155524 0.123289 0.105243 0.0999859 0.10684 0.126386 0.159963 0.20797 0.266071 0.319483 0.343702 0.325625 0.280096 0.230717 0.191865 0.169307 0.16476 0.177954 0.20635 0.243884 0.281219 0.309074 0.32026 0.308427 0.273199 0.225879 0.180919 0.146229 0.122962 0.109067 0.101914 0.0994894 0.10076 0.105683 0.115149 0.131011 0.156382 0.196137 0.256954 0.344401 0.449585 0.518622 0.487156 0.403083 0.334687 0.302593 0.308725 0.351236 0.41953 0.475577 0.465878 0.402001 0.335705 0.288189 0.256355 0.230619 0.203578 0.173147 0.141606 0.112574 0.0887634 0.0714293 0.0607761 0.0565114 0.0582089 0.0654715 0.0779986 0.0957014 0.118994 0.149292 0.189549 0.244343 0.318194 0.408098 0.483897 0.486157 0.414176 0.329626 0.265446 0.224255 0.198366 0.178893 0.160124 0.141223 0.124663 0.11325 0.108312 0.109519 0.115489 0.124525 0.135139 0.146402 0.158558 0.173948 0.197176 0.233372 0.284717 0.346418 0.405457 0.446305 0.457885 0.434839 0.381302 0.311999 0.244058 0.189537 0.15402 0.138876 0.143569 0.166065 0.20057 0.233708 0.246515 0.230419 0.1974 0.165346 0.144378 0.136683 0.139793 0.148203 0.154486 0.152337 0.140722 0.124339 0.109614 0.10111 0.10071 0.108163 0.121636 0.138257 0.155361 0.172695 0.194392 0.229231 0.289539 0.389723 0.541449 0.724818 0.795764 0.688456 0.56754 0.485231 0.439146 0.419879 0.419747 0.434117 0.457676 0.478775 0.480204 0.449606 0.388428 0.311102 0.23516 0.171449 0.122939 0.0881778 0.0642531 0.0482592 0.037798 0.03106 0.0267588 0.0240327 0.0223474 0.0214055 0.02106 0.0212308 0.0218297 0.0227041 0.0236163 0.024271 0.0243883 0.0237927 0.0224721 0.0205741 0.0183462 0.016054 0.013919 0.0120879 0.010631 0.0095535 0.00880953 0.00831559 0.00796478 0.00764481 0.00725932 0.00674733 0.00609361 0.00532555 0.00449825 0.00367486 0.00290982 0.00223961 0.00168102 0.0012346 0.000890197 0.00063219 0.000443566 0.000308395 0.000213073 0.000146687 0.000100874 6.94476e-05 4.7956e-05 3.32626e-05 2.31953e-05 1.62683e-05 1.14748e-05 8.13547e-06 5.79295e-06 4.13871e-06 2.96359e-06 2.12476e-06 1.52381e-06 1.09226e-06 7.81989e-07 5.58882e-07 3.98574e-07 2.83557e-07 2.012e-07 1.42371e-07 1.00463e-07 7.0694e-08 4.96107e-08 3.47234e-08 2.42424e-08 1.68849e-08 1.17343e-08 8.13814e-09 5.63358e-09 3.89326e-09 2.68655e-09 1.85144e-09 1.27448e-09 8.76486e-10 6.02299e-10 4.13618e-10 2.83899e-10 1.94784e-10 1.33601e-10 9.16145e-11 6.28117e-11 4.30578e-11 2.95125e-11 2.02256e-11 1.38589e-11 9.4946e-12 6.50317e-12 4.45299e-12 3.04812e-12 2.08564e-12 1.42642e-12 9.75049e-13 6.66116e-13 4.5477e-13 3.10262e-13 2.11513e-13 1.44078e-13 9.80606e-14 6.66823e-14 4.53038e-14 3.07509e-14 2.08532e-14 1.41279e-14 9.5624e-15 6.46615e-15 
2.62312e-15 3.92668e-15 5.88671e-15 8.8376e-15 1.32854e-14 1.99961e-14 3.01295e-14 4.5441e-14 6.85872e-14 1.03585e-13 1.56506e-13 2.36512e-13 3.57417e-13 5.40014e-13 8.15554e-13 1.2309e-12 1.85621e-12 2.79624e-12 4.20702e-12 6.32035e-12 9.4796e-12 1.41918e-11 2.12035e-11 3.16095e-11 4.70105e-11 6.97378e-11 1.03174e-10 1.52205e-10 2.23867e-10 3.28241e-10 4.79718e-10 6.98754e-10 1.01431e-09 1.46722e-09 2.11484e-09 3.0375e-09 4.3473e-09 6.20036e-09 8.8137e-09 1.24888e-08 1.76443e-08 2.48626e-08 3.49558e-08 4.90597e-08 6.87715e-08 9.63488e-08 1.35003e-07 1.89334e-07 2.6597e-07 3.74529e-07 5.29036e-07 7.50042e-07 1.06776e-06 1.52671e-06 2.19255e-06 3.16208e-06 4.57779e-06 6.64882e-06 9.68082e-06 1.41181e-05 2.0602e-05 3.00505e-05 4.3765e-05 6.35685e-05 9.1983e-05 0.000132448 0.000189585 0.000269512 0.000380229 0.000532107 0.000738596 0.00101735 0.00139217 0.0018964 0.00257868 0.00351223 0.00480901 0.00663962 0.00925936 0.0130394 0.0184994 0.026334 0.0374192 0.0527778 0.0734764 0.100442 0.134234 0.174853 0.221615 0.272577 0.322633 0.361592 0.379395 0.37889 0.374973 0.377709 0.382675 0.374456 0.340025 0.283234 0.221266 0.169081 0.133361 0.115261 0.113774 0.126905 0.15066 0.176795 0.192766 0.188961 0.167847 0.140741 0.117423 0.102081 0.0949836 0.0949826 0.101223 0.114005 0.134873 0.165958 0.208608 0.261272 0.317024 0.363037 0.386199 0.383684 0.366905 0.354173 0.362508 0.405291 0.490861 0.603937 0.643085 0.529707 0.387088 0.280601 0.211124 0.167759 0.140658 0.12297 0.110585 0.101416 0.0946464 0.0900681 0.0875491 0.0867051 0.0868924 0.0875056 0.0883108 0.0894443 0.0909885 0.092468 0.092771 0.090758 0.0862387 0.0805302 0.0761602 0.0761618 0.0836569 0.101881 0.134208 0.183186 0.24677 0.310129 0.342691 0.327085 0.28508 0.245045 0.217737 0.201989 0.193195 0.187034 0.180177 0.170357 0.156875 0.141047 0.125763 0.114409 0.110051 0.115302 0.132626 0.164692 0.214672 0.287022 0.390119 0.541961 0.777828 1.1021 0.744844 0.495574 0.339825 0.243852 0.187737 0.160598 0.157711 0.179157 0.229098 0.313479 0.428037 0.515228 0.469292 0.343539 0.231952 0.153859 0.103301 0.0716899 0.0522655 0.0403551 0.0328995 0.0279845 0.0244825 0.0217861 0.0196154 0.0178887 0.0166446 0.0160007 0.0161339 0.0172758 0.0197206 0.0238399 0.0300865 0.0389588 0.0508842 0.0660011 0.0839174 0.103724 0.12465 0.147243 0.173789 0.206173 0.240785 0.264044 0.259375 0.226522 0.182704 0.143952 0.117286 0.104119 0.104429 0.118964 0.150074 0.201682 0.277992 0.378534 0.48339 0.534884 0.491919 0.401304 0.314999 0.251386 0.214049 0.20288 0.216662 0.252003 0.30059 0.348621 0.383073 0.396125 0.379368 0.330735 0.266918 0.208443 0.164635 0.135539 0.117779 0.107925 0.10367 0.103901 0.108392 0.11747 0.131858 0.152791 0.18226 0.222542 0.273282 0.324716 0.353592 0.342222 0.304489 0.267815 0.248376 0.250996 0.273908 0.307965 0.334589 0.336365 0.31671 0.29392 0.279453 0.2716 0.260774 0.238411 0.204276 0.16535 0.129232 0.100365 0.0802378 0.0687735 0.065362 0.0693099 0.079898 0.0962686 0.117401 0.14245 0.171568 0.206836 0.252368 0.312068 0.382267 0.437793 0.436935 0.379542 0.309267 0.254019 0.217993 0.194998 0.176751 0.157719 0.137255 0.118076 0.103182 0.094093 0.0908014 0.0924242 0.0978511 0.106207 0.11723 0.131758 0.152206 0.182498 0.226769 0.286572 0.357095 0.425479 0.475255 0.491467 0.464224 0.400276 0.321645 0.248663 0.192662 0.158004 0.145673 0.155652 0.187048 0.234748 0.282183 0.300443 0.275058 0.22635 0.180921 0.150743 0.136885 0.135626 0.140869 0.145331 0.143138 0.13319 0.119471 0.107702 0.102197 0.104953 0.115887 0.133053 0.152901 0.171617 0.188083 0.206562 0.236577 0.290613 0.381412 0.515445 0.666045 0.725877 0.651565 0.550258 0.475092 0.432867 0.419419 0.430671 0.465059 0.516942 0.563156 0.5655 0.511131 0.423336 0.328513 0.243359 0.175143 0.124395 0.0884113 0.0637056 0.0471265 0.0361837 0.0290397 0.0243988 0.0213855 0.0194374 0.0182157 0.0175265 0.0172523 0.0172949 0.0175356 0.0178205 0.0179737 0.0178336 0.017296 0.0163436 0.0150461 0.0135332 0.0119548 0.0104454 0.00910282 0.00798161 0.00709572 0.00642558 0.00592662 0.00553901 0.00519893 0.00485054 0.00445637 0.00400278 0.00349897 0.00297001 0.0024473 0.0019597 0.00152796 0.00116287 0.000866217 0.00063333 0.000455787 0.000323761 0.000227606 0.000158772 0.000110174 7.62288e-05 5.27033e-05 3.64802e-05 2.53195e-05 1.76414e-05 1.2348e-05 8.68472e-06 6.13689e-06 4.35475e-06 3.1009e-06 2.21385e-06 1.58325e-06 1.13322e-06 8.11129e-07 5.80194e-07 4.14487e-07 2.95598e-07 2.10372e-07 1.49369e-07 1.05789e-07 7.47289e-08 5.26482e-08 3.69938e-08 2.59267e-08 1.81248e-08 1.26402e-08 8.79519e-09 6.10675e-09 4.23173e-09 2.92713e-09 2.02141e-09 1.3939e-09 9.59956e-10 6.60364e-10 4.53836e-10 3.11648e-10 2.13864e-10 1.46682e-10 1.0056e-10 6.89162e-11 4.72173e-11 3.23434e-11 2.21509e-11 1.5168e-11 1.03847e-11 7.10867e-12 4.86517e-12 3.32896e-12 2.2772e-12 1.55724e-12 1.0645e-12 7.2736e-13 4.96753e-13 3.39074e-13 2.31306e-13 1.57687e-13 1.07423e-13 7.31269e-14 4.9741e-14 3.38062e-14 2.29567e-14 1.55756e-14 1.05584e-14 7.15086e-15 4.83869e-15 
2.00725e-15 3.00877e-15 4.51593e-15 6.78635e-15 1.02097e-14 1.53751e-14 2.31737e-14 3.49519e-14 5.27438e-14 7.96191e-14 1.20206e-13 1.81472e-13 2.73895e-13 4.13199e-13 6.22943e-13 9.3835e-13 1.41196e-12 2.12195e-12 3.18437e-12 4.77096e-12 7.13514e-12 1.06497e-11 1.58614e-11 2.3569e-11 3.49356e-11 5.16488e-11 7.61473e-11 1.11942e-10 1.6407e-10 2.39724e-10 3.49139e-10 5.06827e-10 7.33278e-10 1.05734e-09 1.51946e-09 2.17628e-09 3.10682e-09 4.42126e-09 6.27306e-09 8.87595e-09 1.2528e-08 1.76458e-08 2.48133e-08 3.48526e-08 4.89272e-08 6.86924e-08 9.65178e-08 1.35816e-07 1.91529e-07 2.70853e-07 3.84302e-07 5.47302e-07 7.82518e-07 1.12329e-06 1.61865e-06 2.34059e-06 3.39453e-06 4.93426e-06 7.18304e-06 1.04629e-05 1.52348e-05 2.21532e-05 3.21378e-05 4.64673e-05 6.68982e-05 9.58154e-05 0.000136419 0.000192959 0.00027105 0.000378096 0.000523946 0.000721932 0.00099056 0.0013563 0.00185796 0.0025534 0.00352906 0.0049128 0.00688988 0.00972082 0.0137583 0.0194583 0.0273762 0.0381387 0.0523809 0.0706484 0.093279 0.120281 0.151164 0.184591 0.217906 0.247543 0.271827 0.294624 0.324439 0.367683 0.419104 0.451249 0.426193 0.349077 0.262533 0.194029 0.150698 0.131925 0.136108 0.162164 0.207276 0.260286 0.294818 0.284457 0.2371 0.182221 0.137935 0.108326 0.0915237 0.0845644 0.0852379 0.092558 0.106585 0.12781 0.156209 0.190106 0.225354 0.255873 0.276457 0.286579 0.291667 0.300523 0.321472 0.359456 0.412282 0.461371 0.467361 0.412713 0.332951 0.263157 0.21322 0.179979 0.157434 0.140797 0.12734 0.115912 0.106243 0.0984381 0.0925972 0.0885221 0.0856651 0.083384 0.0812872 0.0793278 0.0775575 0.0758055 0.0736197 0.0705768 0.0667514 0.0629965 0.0608641 0.062317 0.0694866 0.0845276 0.109309 0.144386 0.186658 0.226526 0.249934 0.250216 0.235646 0.219063 0.206872 0.198894 0.192622 0.185987 0.177683 0.166747 0.152896 0.137244 0.12228 0.11102 0.106201 0.110084 0.124723 0.152333 0.195651 0.258587 0.347623 0.472463 0.632897 0.731494 0.609136 0.436551 0.309624 0.228722 0.182961 0.164415 0.169716 0.200577 0.265084 0.379757 0.569934 0.819747 0.672278 0.427927 0.268776 0.17014 0.109715 0.0729085 0.0505549 0.0369547 0.0285851 0.0232934 0.0197942 0.0173517 0.0155761 0.0142947 0.0134739 0.0131743 0.013525 0.014714 0.0169856 0.0206415 0.0260309 0.0335105 0.0433523 0.0556051 0.069978 0.0859217 0.103067 0.121827 0.143365 0.168 0.19225 0.207296 0.203996 0.182485 0.152804 0.125813 0.107824 0.10154 0.108606 0.131483 0.174523 0.244555 0.350793 0.501877 0.687076 0.796304 0.698146 0.539345 0.40791 0.314973 0.259014 0.237366 0.247296 0.284185 0.337602 0.389738 0.424228 0.434077 0.412152 0.356428 0.285602 0.222058 0.175142 0.144192 0.125254 0.114674 0.110208 0.110897 0.116484 0.126784 0.141249 0.158958 0.179142 0.201508 0.224992 0.24506 0.25367 0.246046 0.22728 0.208257 0.197609 0.19896 0.211466 0.230242 0.247736 0.258737 0.265782 0.27694 0.297292 0.321485 0.332009 0.31162 0.263481 0.206544 0.156026 0.117959 0.0930231 0.0801051 0.0779313 0.0854732 0.101723 0.125164 0.153314 0.18296 0.211561 0.239203 0.269008 0.304222 0.341907 0.366945 0.359681 0.320627 0.271406 0.22995 0.201227 0.181767 0.16539 0.147677 0.128166 0.109273 0.0937117 0.0829823 0.07732 0.0762606 0.0791969 0.0857792 0.0962331 0.111668 0.134274 0.167101 0.213017 0.272607 0.341456 0.408974 0.460549 0.479319 0.45208 0.386552 0.308043 0.237517 0.185002 0.153763 0.144489 0.157436 0.192286 0.24445 0.296656 0.316535 0.287324 0.232558 0.181727 0.147046 0.129005 0.123541 0.124884 0.126847 0.124746 0.117576 0.108149 0.10085 0.0993251 0.105537 0.11961 0.139651 0.161706 0.181077 0.195766 0.209629 0.231726 0.272672 0.340447 0.433505 0.526813 0.569715 0.543045 0.485345 0.433963 0.404735 0.402018 0.428643 0.490388 0.589154 0.691298 0.695067 0.583691 0.450069 0.334207 0.242237 0.172813 0.122437 0.0869716 0.0625534 0.0460132 0.0349368 0.0275682 0.0226719 0.0194055 0.0172152 0.0157512 0.014799 0.0142223 0.0139174 0.0137837 0.0137108 0.013584 0.0133018 0.012798 0.012056 0.0111095 0.0100288 0.00890018 0.0078054 0.00680802 0.00594701 0.00523656 0.00466946 0.00422225 0.00386143 0.00355031 0.00325588 0.00295456 0.00263524 0.0022991 0.00195645 0.00162204 0.00131046 0.00103288 0.000795613 0.000600212 0.000444495 0.000323917 0.000232841 0.000165497 0.000116586 8.15883e-05 5.68444e-05 3.95112e-05 2.74495e-05 1.9091e-05 1.33096e-05 9.30984e-06 6.53723e-06 4.60879e-06 3.2617e-06 2.31618e-06 1.64928e-06 1.17676e-06 8.40657e-07 6.0084e-07 4.29348e-07 3.06556e-07 2.18596e-07 1.55608e-07 1.10545e-07 7.83552e-08 5.54053e-08 3.90796e-08 2.74946e-08 1.92951e-08 1.35072e-08 9.43281e-09 6.57222e-09 4.56911e-09 3.16998e-09 2.19509e-09 1.51735e-09 1.04719e-09 7.21678e-10 4.96714e-10 3.41495e-10 2.34554e-10 1.6097e-10 1.10393e-10 7.56646e-11 5.18368e-11 3.54992e-11 2.43032e-11 1.66341e-11 1.13825e-11 7.7875e-12 5.32694e-12 3.64314e-12 2.49106e-12 1.70292e-12 1.16382e-12 7.95145e-13 5.43063e-13 3.70747e-13 2.52992e-13 1.72549e-13 1.17618e-13 8.01258e-14 5.45487e-14 3.71101e-14 2.52279e-14 1.7137e-14 1.16317e-14 7.88854e-15 5.34546e-15 3.61914e-15 
1.53623e-15 2.30516e-15 3.46287e-15 5.20732e-15 7.83761e-15 1.18055e-14 1.77929e-14 2.68289e-14 4.04645e-14 6.10354e-14 9.20545e-14 1.38797e-13 2.09172e-13 3.15016e-13 4.74005e-13 7.12483e-13 1.06961e-12 1.60346e-12 2.39992e-12 3.58563e-12 5.3468e-12 7.95633e-12 1.18129e-11 1.74967e-11 2.58499e-11 3.80895e-11 5.59682e-11 8.20012e-11 1.19784e-10 1.74439e-10 2.53233e-10 3.66449e-10 5.28581e-10 7.60003e-10 1.08928e-09 1.5564e-09 2.21722e-09 3.14974e-09 4.46287e-09 6.30886e-09 8.90095e-09 1.25386e-08 1.76441e-08 2.48152e-08 3.49032e-08 4.91258e-08 6.92356e-08 9.77671e-08 1.38403e-07 1.96516e-07 2.79968e-07 4.00282e-07 5.7437e-07 8.27043e-07 1.19465e-06 1.73032e-06 2.51144e-06 3.65021e-06 5.30838e-06 7.71763e-06 1.12072e-05 1.62413e-05 2.34676e-05 3.37817e-05 4.84096e-05 6.90132e-05 9.7828e-05 0.000137845 0.000193064 0.000268857 0.000372527 0.000514175 0.00070807 0.000974769 0.00134432 0.00186084 0.00258884 0.00362126 0.00508898 0.00717078 0.0101018 0.0141773 0.0197474 0.0271978 0.036914 0.0492296 0.064366 0.0823666 0.103023 0.125807 0.149983 0.175294 0.203485 0.239928 0.293907 0.376667 0.493285 0.605531 0.583978 0.44198 0.308295 0.216948 0.164806 0.145426 0.155807 0.196902 0.270978 0.370508 0.447496 0.422742 0.324354 0.228701 0.160008 0.116334 0.0909955 0.0783311 0.0746149 0.0778114 0.087055 0.102022 0.122247 0.146495 0.172482 0.197337 0.218945 0.237466 0.255717 0.277712 0.305956 0.338886 0.369638 0.386648 0.378318 0.344424 0.299758 0.26007 0.231341 0.211287 0.195031 0.179252 0.163073 0.146867 0.131261 0.116992 0.104805 0.095077 0.0875967 0.0817519 0.0769293 0.0727473 0.0689979 0.0654756 0.0619306 0.0582118 0.0544849 0.051359 0.0498504 0.0512366 0.0568909 0.0681007 0.0857332 0.109545 0.137139 0.163411 0.182377 0.191496 0.193671 0.193647 0.193603 0.192666 0.18924 0.182775 0.173515 0.161649 0.147426 0.131941 0.117344 0.106198 0.100772 0.102832 0.113852 0.135324 0.168982 0.216933 0.281325 0.361284 0.441127 0.474505 0.426947 0.339153 0.259874 0.20541 0.176101 0.16891 0.182014 0.217147 0.282076 0.393004 0.572916 0.790532 0.66001 0.426289 0.268686 0.169758 0.108637 0.0711149 0.0481522 0.0341026 0.0254666 0.0200911 0.016668 0.0144224 0.0129175 0.011934 0.011396 0.0113259 0.0118177 0.0130213 0.0151322 0.0183821 0.0230195 0.0292698 0.0372683 0.0469813 0.0581672 0.0704675 0.0836626 0.097918 0.113593 0.130266 0.14537 0.154056 0.152036 0.139678 0.122335 0.106641 0.0976189 0.0986104 0.112576 0.143453 0.197185 0.282428 0.410624 0.59353 0.8253 0.976893 0.856917 0.663752 0.498401 0.376768 0.299748 0.263763 0.264004 0.293768 0.340929 0.38656 0.413759 0.41634 0.391083 0.338928 0.275148 0.21785 0.175202 0.146929 0.129706 0.120465 0.117508 0.120343 0.128946 0.142832 0.160178 0.177594 0.191394 0.199807 0.203432 0.203017 0.197955 0.187955 0.175295 0.16423 0.15858 0.160209 0.168823 0.182507 0.199091 0.218495 0.244553 0.283967 0.341487 0.409919 0.45509 0.431577 0.350979 0.261855 0.189761 0.139352 0.108414 0.0939449 0.0938306 0.1069 0.132229 0.167876 0.209397 0.249379 0.279988 0.298057 0.307288 0.313753 0.318919 0.316948 0.300281 0.26945 0.233808 0.202679 0.179613 0.162855 0.148362 0.133001 0.116307 0.0999159 0.085841 0.075348 0.0688523 0.0662997 0.0675709 0.0727821 0.0825096 0.0979511 0.12093 0.15354 0.197222 0.251256 0.31121 0.368539 0.411432 0.425551 0.400405 0.343077 0.274883 0.213856 0.168776 0.142494 0.135577 0.148053 0.179047 0.223506 0.266069 0.281428 0.25733 0.211042 0.16605 0.133565 0.114879 0.106961 0.105294 0.105268 0.103546 0.0993095 0.094301 0.0915276 0.0937746 0.102749 0.118646 0.139699 0.161975 0.180607 0.19317 0.202712 0.216837 0.243688 0.287744 0.345446 0.401132 0.432002 0.428093 0.402024 0.374313 0.360124 0.368565 0.408305 0.492966 0.640947 0.844833 0.858154 0.639677 0.457055 0.32639 0.232904 0.165856 0.118117 0.0845209 0.0611507 0.0450523 0.0340413 0.0265371 0.0214197 0.0179129 0.0154927 0.013815 0.0126572 0.0118714 0.0113488 0.0109955 0.010722 0.010444 0.0100909 0.00961663 0.00900679 0.00827794 0.0074699 0.00663376 0.00581983 0.00506885 0.0044073 0.00384653 0.00338438 0.0030083 0.00269912 0.00243527 0.00219672 0.0019682 0.00174107 0.00151334 0.00128833 0.00107232 0.000872177 0.000693519 0.000539721 0.000411736 0.000308467 0.000227409 0.00016532 0.000118762 8.4486e-05 5.96418e-05 4.18653e-05 2.92775e-05 2.04347e-05 1.42578e-05 9.95805e-06 6.96942e-06 4.89146e-06 3.44409e-06 2.433e-06 1.72408e-06 1.22501e-06 8.72274e-07 6.22033e-07 4.43951e-07 3.1691e-07 2.26132e-07 1.61209e-07 1.14769e-07 8.15679e-08 5.78565e-08 4.09484e-08 2.89144e-08 2.0368e-08 1.43129e-08 1.00335e-08 7.01682e-09 4.89579e-09 3.40832e-09 2.36776e-09 1.64161e-09 1.13605e-09 7.84844e-10 5.41363e-10 3.7289e-10 2.56522e-10 1.76272e-10 1.21009e-10 8.3002e-11 5.68916e-11 3.89713e-11 2.66824e-11 1.82609e-11 1.24931e-11 8.5446e-12 5.84261e-12 3.99416e-12 2.72995e-12 1.8655e-12 1.2745e-12 8.70525e-13 5.94439e-13 4.05791e-13 2.76916e-13 1.88898e-13 1.288e-13 8.77802e-14 5.97926e-14 4.07052e-14 2.7694e-14 1.88294e-14 1.27934e-14 8.68603e-15 5.89292e-15 3.99488e-15 2.70604e-15 
1.17549e-15 1.76521e-15 2.65324e-15 3.99127e-15 6.00812e-15 9.04893e-15 1.36338e-14 2.0546e-14 3.09634e-14 4.66558e-14 7.02781e-14 1.05806e-13 1.59183e-13 2.39279e-13 3.59294e-13 5.38842e-13 8.06977e-13 1.20664e-12 1.80112e-12 2.68339e-12 3.98969e-12 5.91895e-12 8.76075e-12 1.29352e-11 1.90496e-11 2.7979e-11 4.09795e-11 5.98485e-11 8.71481e-11 1.26519e-10 1.83118e-10 2.64225e-10 3.80095e-10 5.45133e-10 7.79542e-10 1.11161e-09 1.58093e-09 2.24292e-09 3.17521e-09 4.48672e-09 6.33071e-09 8.9235e-09 1.25717e-08 1.77119e-08 2.49685e-08 3.52398e-08 4.98227e-08 7.05993e-08 1.0031e-07 1.42955e-07 2.04388e-07 2.93179e-07 4.21872e-07 6.08816e-07 8.80776e-07 1.27669e-06 1.85295e-06 2.69086e-06 3.90686e-06 5.66671e-06 8.20453e-06 1.18484e-05 1.7054e-05 2.44496e-05 3.48937e-05 4.95525e-05 7.00025e-05 9.83726e-05 0.000137546 0.000191459 0.000265547 0.000367436 0.000507978 0.000702805 0.000974558 0.00135597 0.00189392 0.00265436 0.00372789 0.00523521 0.00733124 0.0102061 0.0140811 0.0191971 0.0257963 0.0340976 0.0442727 0.0564296 0.0706208 0.086924 0.105708 0.128243 0.15773 0.200588 0.267905 0.377442 0.55649 0.832773 0.796944 0.514808 0.33401 0.226802 0.170054 0.151271 0.166389 0.218481 0.316476 0.467059 0.6172 0.564208 0.394998 0.261629 0.175041 0.122201 0.0915319 0.0752639 0.0686934 0.0692322 0.0756284 0.0873248 0.103906 0.124658 0.148362 0.173506 0.198982 0.224966 0.253214 0.285833 0.322259 0.356034 0.376031 0.374704 0.354599 0.32573 0.29953 0.283318 0.276825 0.27305 0.263997 0.247011 0.224617 0.199766 0.174007 0.148833 0.126231 0.107731 0.0936536 0.0833109 0.0756406 0.0696795 0.064709 0.0602196 0.0558835 0.051599 0.0475555 0.0442464 0.0424071 0.0429048 0.0466167 0.0542842 0.0662887 0.0823045 0.100947 0.119837 0.13656 0.150116 0.161255 0.170967 0.178791 0.182943 0.18202 0.17617 0.166535 0.154165 0.139877 0.124862 0.110952 0.100201 0.0943518 0.0946539 0.102011 0.117202 0.140961 0.173781 0.21507 0.260789 0.299507 0.313158 0.292807 0.251668 0.210712 0.182803 0.172117 0.178279 0.199324 0.234201 0.285657 0.360209 0.45565 0.521362 0.469569 0.34562 0.233395 0.153113 0.100032 0.0660764 0.0447115 0.031387 0.0231077 0.0179557 0.0147266 0.0126825 0.0113907 0.0106211 0.010282 0.0103786 0.0109859 0.0122297 0.0142709 0.0172879 0.0214508 0.026882 0.0336043 0.0414967 0.050294 0.0596729 0.069409 0.0794774 0.0898857 0.100157 0.10879 0.113453 0.112377 0.106037 0.0973553 0.0903483 0.0888382 0.096284 0.116448 0.154302 0.216791 0.313055 0.45309 0.641417 0.854678 0.993545 0.94817 0.775027 0.583746 0.432117 0.33227 0.279538 0.265798 0.281512 0.313619 0.345236 0.362078 0.358578 0.334267 0.29252 0.243668 0.199446 0.165956 0.143596 0.130292 0.124062 0.124068 0.130527 0.143944 0.163892 0.187456 0.208346 0.219068 0.216396 0.203845 0.187426 0.171075 0.156412 0.144485 0.136583 0.133872 0.13684 0.145224 0.158526 0.177093 0.203473 0.243332 0.305113 0.397394 0.518454 0.617969 0.583254 0.44814 0.318555 0.223456 0.160851 0.124316 0.108895 0.111951 0.132764 0.171416 0.226618 0.292139 0.353565 0.391819 0.397447 0.37927 0.352863 0.326736 0.30068 0.271624 0.239406 0.207667 0.180575 0.159867 0.144393 0.131503 0.11893 0.105949 0.0931928 0.081739 0.0724498 0.0658561 0.0623254 0.0622551 0.0662296 0.0751515 0.0903121 0.113278 0.145409 0.186872 0.235357 0.28529 0.328535 0.356044 0.359288 0.334192 0.287221 0.232881 0.184116 0.147943 0.12689 0.121374 0.130905 0.153707 0.184556 0.21204 0.221012 0.204914 0.173044 0.13985 0.114035 0.0977606 0.0895521 0.0865008 0.085564 0.0845593 0.0828765 0.0815075 0.0823669 0.0874066 0.0979245 0.114026 0.134099 0.154634 0.171335 0.181904 0.188423 0.19656 0.212242 0.238343 0.272356 0.305762 0.327586 0.332109 0.323469 0.312243 0.3095 0.324733 0.368057 0.453212 0.595965 0.780684 0.791024 0.594762 0.42376 0.302348 0.217045 0.156463 0.113163 0.0822229 0.0602073 0.0446323 0.0336737 0.0259916 0.0206113 0.0168351 0.0141739 0.0122918 0.01096 0.0100202 0.00935565 0.0088722 0.00848841 0.00813413 0.00775408 0.00731274 0.00679707 0.00621498 0.00558986 0.00495287 0.00433544 0.00376354 0.00325456 0.00281649 0.00244883 0.00214442 0.00189184 0.0016779 0.00149002 0.00131805 0.00115538 0.000999084 0.000849354 0.000708327 0.000578854 0.000463477 0.000363788 0.000280212 0.000212103 0.000158028 0.000116093 8.42488e-05 6.05081e-05 4.30892e-05 3.0481e-05 2.14572e-05 1.50568e-05 1.05484e-05 7.38799e-06 5.17903e-06 3.63691e-06 2.55995e-06 1.80666e-06 1.27844e-06 9.069e-07 6.44692e-07 4.59035e-07 3.27189e-07 2.33326e-07 1.66379e-07 1.18573e-07 8.44161e-08 6.00148e-08 4.25942e-08 3.01714e-08 2.13265e-08 1.50407e-08 1.05831e-08 7.42916e-09 5.20297e-09 3.63551e-09 2.5346e-09 1.76327e-09 1.22417e-09 8.48247e-10 5.86705e-10 4.05126e-10 2.79315e-10 1.92307e-10 1.32236e-10 9.08278e-11 6.2325e-11 4.27301e-11 2.92742e-11 2.00429e-11 1.37153e-11 9.38114e-12 6.41416e-12 4.38413e-12 2.99576e-12 2.04654e-12 1.39776e-12 9.5444e-13 6.51572e-13 4.44702e-13 3.03431e-13 2.06976e-13 1.41135e-13 9.62028e-14 6.55483e-14 4.46413e-14 3.03876e-14 2.06738e-14 1.4057e-14 9.55209e-15 6.48664e-15 4.40195e-15 2.98513e-15 2.02284e-15 
8.98963e-16 1.35059e-15 2.0306e-15 3.05482e-15 4.59776e-15 6.92214e-15 1.04231e-14 1.56945e-14 2.36274e-14 3.5557e-14 5.34811e-14 8.03833e-14 1.20711e-13 1.8108e-13 2.71306e-13 4.05928e-13 6.06409e-13 9.04366e-13 1.34623e-12 2.00001e-12 2.96497e-12 4.3856e-12 6.47151e-12 9.52579e-12 1.39852e-11 2.04773e-11 2.99001e-11 4.35356e-11 6.32067e-11 9.1499e-11 1.32069e-10 1.90074e-10 2.72773e-10 3.90365e-10 5.57164e-10 7.93242e-10 1.12675e-09 1.59721e-09 2.26016e-09 3.19388e-09 4.50897e-09 6.36234e-09 8.97742e-09 1.26739e-08 1.79109e-08 2.53514e-08 3.59553e-08 5.11183e-08 7.28742e-08 1.04193e-07 1.49412e-07 2.14874e-07 3.09833e-07 4.47772e-07 6.48282e-07 9.39716e-07 1.36293e-06 1.97649e-06 2.86382e-06 4.14302e-06 5.98008e-06 8.60665e-06 1.23436e-05 1.76327e-05 2.50783e-05 3.55042e-05 5.00318e-05 7.01896e-05 9.80721e-05 0.000136573 0.000189733 0.000263259 0.000365281 0.00050745 0.000706453 0.000986033 0.00137954 0.00193293 0.00270798 0.00378532 0.00526643 0.00727394 0.00994919 0.0134467 0.0179264 0.0235459 0.0304588 0.0388283 0.0488775 0.0610135 0.0760912 0.0958881 0.123832 0.16598 0.232256 0.337767 0.501374 0.708961 0.688531 0.473706 0.313023 0.214623 0.16258 0.146489 0.163028 0.215396 0.31195 0.457328 0.59704 0.549382 0.390215 0.261108 0.176019 0.123349 0.0921048 0.0748298 0.0670273 0.0662615 0.0714288 0.0821984 0.0985489 0.120347 0.146991 0.177272 0.209744 0.243785 0.280664 0.32277 0.369324 0.409999 0.426078 0.409465 0.374962 0.343989 0.33023 0.337853 0.360616 0.380923 0.379815 0.355635 0.320475 0.281741 0.240184 0.197691 0.158905 0.127569 0.104576 0.088703 0.0779542 0.07042 0.0646073 0.059497 0.0545244 0.0495467 0.0447821 0.0407095 0.0379483 0.0371473 0.0388949 0.0436364 0.0515685 0.0625112 0.0758328 0.0905778 0.10586 0.12124 0.136567 0.151191 0.163374 0.170799 0.171993 0.167195 0.157834 0.145473 0.131439 0.1171 0.104047 0.0938706 0.0878229 0.0866969 0.0909342 0.100773 0.116265 0.137043 0.161713 0.186836 0.206278 0.213175 0.205381 0.188749 0.173282 0.167364 0.175376 0.19743 0.22928 0.26382 0.296424 0.328294 0.357221 0.363954 0.326931 0.257833 0.186287 0.128525 0.0870407 0.0589676 0.0405917 0.0288062 0.021347 0.0166655 0.013741 0.0119237 0.0108207 0.0102192 0.0100346 0.0102753 0.0110166 0.0123802 0.0145146 0.017572 0.0216769 0.0268809 0.0331114 0.040134 0.0475672 0.0549787 0.0620387 0.0686195 0.07471 0.0801352 0.0843025 0.0863293 0.0856723 0.0828422 0.0795874 0.0784879 0.082517 0.095034 0.120223 0.163746 0.23329 0.338437 0.488402 0.684663 0.905992 1.09259 1.11995 0.91203 0.662881 0.474511 0.352381 0.283898 0.255969 0.256326 0.271891 0.288857 0.29635 0.289724 0.269331 0.238839 0.204858 0.174253 0.150962 0.135626 0.127253 0.124932 0.128697 0.139507 0.158543 0.185784 0.217663 0.244915 0.255248 0.243505 0.217046 0.187362 0.161628 0.142263 0.129539 0.123263 0.123141 0.128636 0.139026 0.154026 0.174924 0.205708 0.253525 0.328039 0.438938 0.586032 0.713963 0.6717 0.507781 0.357338 0.248991 0.178596 0.138473 0.123143 0.130273 0.160448 0.216187 0.299327 0.404645 0.508512 0.566046 0.55094 0.490744 0.423717 0.365592 0.31635 0.272351 0.232161 0.196925 0.16833 0.146867 0.13142 0.119931 0.110405 0.101566 0.0929047 0.0844171 0.0764361 0.0696026 0.0648056 0.0630767 0.0655491 0.0735252 0.0885535 0.112309 0.14601 0.189115 0.237477 0.282415 0.313306 0.323094 0.310792 0.279984 0.23787 0.193647 0.155101 0.126702 0.110092 0.105264 0.111217 0.125711 0.144269 0.159571 0.163695 0.153583 0.133689 0.111745 0.0934603 0.0810283 0.0741124 0.0711566 0.0703623 0.0703929 0.0708118 0.072137 0.0755178 0.0822331 0.0931725 0.10832 0.126273 0.14415 0.158521 0.167438 0.172102 0.176406 0.184643 0.19914 0.218867 0.239477 0.255286 0.262717 0.262794 0.260739 0.26376 0.279508 0.315938 0.380476 0.47289 0.560437 0.562283 0.469223 0.358848 0.267823 0.199086 0.14798 0.109951 0.0816582 0.0607088 0.045326 0.0341379 0.0260703 0.0202891 0.0161605 0.0132157 0.0111158 0.0096192 0.00855232 0.00778666 0.00722222 0.0067783 0.00639014 0.00600932 0.00560515 0.00516478 0.00469089 0.00419722 0.00370312 0.00322839 0.00278956 0.00239772 0.00205804 0.00177026 0.00152986 0.00132962 0.0011611 0.00101605 0.000887525 0.000770508 0.0006621 0.000561241 0.000468158 0.00038371 0.000308819 0.000244071 0.000189538 0.000144766 0.000108886 8.07661e-05 5.91718e-05 4.28876e-05 3.08036e-05 2.19605e-05 1.55656e-05 1.09865e-05 7.73325e-06 5.43575e-06 3.81997e-06 2.68644e-06 1.892e-06 1.33505e-06 9.44055e-07 6.68993e-07 4.74992e-07 3.3779e-07 2.405e-07 1.71349e-07 1.22105e-07 8.69885e-08 6.19264e-08 4.40361e-08 3.12692e-08 2.21658e-08 1.56826e-08 1.10727e-08 7.80084e-09 5.4835e-09 3.84583e-09 2.69118e-09 1.87902e-09 1.30912e-09 9.10178e-10 6.31551e-10 4.37395e-10 3.02395e-10 2.0872e-10 1.43846e-10 9.89992e-11 6.80496e-11 4.67234e-11 3.20489e-11 2.19641e-11 1.50413e-11 1.02937e-11 7.0406e-12 4.81328e-12 3.28922e-12 2.24693e-12 1.53445e-12 1.04759e-12 7.15027e-13 4.87915e-13 3.32857e-13 2.27018e-13 1.5479e-13 1.0551e-13 7.1896e-14 4.89731e-14 3.33455e-14 2.26949e-14 1.54388e-14 1.04973e-14 7.1335e-15 4.84478e-15 3.28835e-15 2.2305e-15 1.51194e-15 
6.86876e-16 1.03216e-15 1.55184e-15 2.33409e-15 3.51152e-15 5.2834e-15 7.94884e-15 1.19563e-14 1.79769e-14 2.70142e-14 4.05653e-14 6.08597e-14 9.1211e-14 1.36533e-13 2.04096e-13 3.04629e-13 4.53926e-13 6.75172e-13 1.00231e-12 1.48487e-12 2.19496e-12 3.23716e-12 4.76272e-12 6.9897e-12 1.02315e-11 1.49369e-11 2.17471e-11 3.1575e-11 4.57166e-11 6.60072e-11 9.50397e-11 1.3647e-10 1.95443e-10 2.79194e-10 3.97887e-10 5.65806e-10 8.03037e-10 1.13786e-09 1.61017e-09 2.27644e-09 3.21678e-09 4.54536e-09 6.42545e-09 9.09154e-09 1.28817e-08 1.8285e-08 2.60112e-08 3.70933e-08 5.30363e-08 7.60357e-08 1.09294e-07 1.57478e-07 2.2738e-07 3.28855e-07 4.76158e-07 6.89826e-07 9.99308e-07 1.4466e-06 2.09126e-06 3.01723e-06 4.34203e-06 6.22926e-06 8.9053e-06 1.26818e-05 1.79865e-05 2.5405e-05 3.57401e-05 5.00955e-05 6.99974e-05 9.75721e-05 0.000135806 0.000188923 0.000262924 0.00036634 0.00051124 0.000714533 0.000999561 0.00139791 0.00195129 0.00271324 0.00375024 0.00514201 0.0069806 0.00936867 0.0124181 0.0162513 0.0210111 0.0268871 0.0341743 0.0433892 0.0554724 0.0721054 0.0961344 0.132012 0.185902 0.264093 0.364642 0.450952 0.444438 0.351984 0.253546 0.183057 0.143466 0.131714 0.14642 0.18905 0.261369 0.354773 0.424848 0.405228 0.31853 0.230435 0.164785 0.121059 0.093622 0.0775881 0.0698202 0.068712 0.0737895 0.0853592 0.104164 0.130925 0.165647 0.206773 0.25092 0.294591 0.337698 0.38447 0.43715 0.48415 0.497651 0.465985 0.416725 0.383127 0.382936 0.421755 0.491686 0.55695 0.563444 0.515039 0.456389 0.399389 0.335445 0.266164 0.203149 0.154203 0.12014 0.0980911 0.0843377 0.0755556 0.0691983 0.0635707 0.0578014 0.0517276 0.0456854 0.0402624 0.036092 0.0337297 0.033603 0.035995 0.0410339 0.0486794 0.0587378 0.0709375 0.0850357 0.100805 0.117738 0.134575 0.149119 0.158851 0.162102 0.158818 0.150272 0.138241 0.12447 0.110595 0.098138 0.0883738 0.0821696 0.0799574 0.0818383 0.0876992 0.0972273 0.109764 0.124014 0.137776 0.148126 0.152665 0.151523 0.148389 0.149349 0.160696 0.187003 0.228784 0.278478 0.318451 0.332782 0.324654 0.306307 0.279865 0.241263 0.193301 0.145276 0.104554 0.0735668 0.0515354 0.0365421 0.0266406 0.0202442 0.0161807 0.0136333 0.0120608 0.0111305 0.0106664 0.0106116 0.0109982 0.0119237 0.0135291 0.0159784 0.0194318 0.0240078 0.0297249 0.0364278 0.0437243 0.0509912 0.0575087 0.0627105 0.0664057 0.0687858 0.0701829 0.0707889 0.0706062 0.0697061 0.0685961 0.0684308 0.0710111 0.0787571 0.0948598 0.123677 0.171305 0.246147 0.359001 0.521321 0.738382 0.994271 1.25192 1.38957 1.02527 0.705715 0.490747 0.355222 0.276786 0.238558 0.226927 0.22958 0.235369 0.236119 0.228216 0.212072 0.190638 0.168118 0.14844 0.13391 0.125055 0.121526 0.123163 0.130626 0.145386 0.169103 0.202135 0.240694 0.273517 0.284448 0.266652 0.230782 0.192458 0.160794 0.138558 0.125727 0.121567 0.125128 0.135061 0.149624 0.167552 0.189878 0.221484 0.270931 0.348045 0.458313 0.589033 0.681142 0.646621 0.51295 0.372223 0.263329 0.190576 0.149214 0.134804 0.14599 0.185191 0.25848 0.373995 0.535445 0.719367 0.82464 0.761353 0.631627 0.51709 0.428973 0.358514 0.298045 0.245362 0.201394 0.167218 0.142715 0.126554 0.116701 0.110923 0.107047 0.103111 0.0976957 0.090445 0.0822732 0.0749469 0.0704343 0.0705727 0.0771615 0.0922203 0.118068 0.15681 0.208582 0.267859 0.319459 0.343096 0.331253 0.29525 0.249854 0.204281 0.163687 0.131117 0.108019 0.0945637 0.0900396 0.0930335 0.101289 0.111411 0.119033 0.120212 0.113634 0.101471 0.0876941 0.0756914 0.0671682 0.0623177 0.0604513 0.0605996 0.0619661 0.0642099 0.0675281 0.072548 0.0800749 0.0907269 0.104476 0.120209 0.13565 0.14806 0.155701 0.159098 0.160944 0.164624 0.17247 0.184664 0.199151 0.212594 0.222064 0.226698 0.228487 0.231922 0.242835 0.266811 0.306606 0.356804 0.396805 0.398172 0.356795 0.296392 0.237263 0.186635 0.14509 0.11152 0.0847655 0.0638362 0.0478111 0.0357957 0.0269475 0.0205216 0.0158999 0.012597 0.010246 0.00857662 0.00739119 0.0065436 0.00592346 0.00544598 0.0050467 0.00467927 0.00431446 0.00393847 0.00355007 0.00315667 0.00277006 0.00240266 0.00206486 0.00176356 0.00150181 0.00127918 0.00109253 0.000936967 0.000806801 0.000696421 0.000600928 0.000516539 0.000440713 0.000372034 0.000309939 0.00025437 0.000205449 0.000163243 0.000127625 9.82334e-05 7.45074e-05 5.57497e-05 4.12045e-05 3.01235e-05 2.18148e-05 1.5672e-05 1.11859e-05 7.94351e-06 5.6203e-06 3.96708e-06 2.79673e-06 1.9712e-06 1.39014e-06 9.81502e-07 6.9404e-07 4.91598e-07 3.48782e-07 2.47821e-07 1.76291e-07 1.25507e-07 8.93852e-08 6.36562e-08 4.53119e-08 3.22266e-08 2.2893e-08 1.62387e-08 1.1499e-08 8.12731e-09 5.73263e-09 4.03497e-09 2.83389e-09 1.98597e-09 1.38871e-09 9.68984e-10 6.74701e-10 4.68844e-10 3.25166e-10 2.25106e-10 1.55567e-10 1.07338e-10 7.39505e-11 5.08789e-11 3.4962e-11 2.39976e-11 1.64554e-11 1.12736e-11 7.71751e-12 5.27955e-12 3.6096e-12 2.4666e-12 1.68479e-12 1.15034e-12 7.85157e-13 5.3574e-13 3.65451e-13 2.49222e-13 1.69914e-13 1.15812e-13 7.89142e-14 5.37559e-14 3.66063e-14 2.4919e-14 1.69566e-14 1.15336e-14 7.84143e-15 5.3286e-15 3.61913e-15 2.45672e-15 1.66668e-15 1.13001e-15 
5.24205e-16 7.87668e-16 1.18394e-15 1.77992e-15 2.67603e-15 4.02286e-15 6.04594e-15 9.08262e-15 1.36366e-14 2.04589e-14 3.06668e-14 4.59197e-14 6.86765e-14 1.02573e-13 1.5297e-13 2.27758e-13 3.38512e-13 5.02172e-13 7.43461e-13 1.09835e-12 1.61902e-12 2.38095e-12 3.49301e-12 5.11169e-12 7.46133e-12 1.08626e-11 1.57724e-11 2.28402e-11 3.29872e-11 4.75163e-11 6.82672e-11 9.7834e-11 1.3987e-10 1.99518e-10 2.84016e-10 4.03558e-10 5.72522e-10 8.11218e-10 1.14841e-09 1.62495e-09 2.29906e-09 3.25402e-09 4.60933e-09 6.53717e-09 9.28638e-09 1.32176e-08 1.88547e-08 2.69601e-08 3.86438e-08 5.55226e-08 7.99496e-08 1.15344e-07 1.66664e-07 2.41077e-07 3.48907e-07 5.04962e-07 7.30381e-07 1.05519e-06 1.52179e-06 2.18975e-06 3.14229e-06 4.49508e-06 6.4082e-06 9.10242e-06 1.28817e-05 1.81645e-05 2.55279e-05 3.57708e-05 5.0005e-05 6.97865e-05 9.73049e-05 0.000135651 0.000189193 0.000264079 0.000368903 0.000515536 0.000720112 0.00100413 0.00139559 0.00193 0.00265115 0.00361155 0.00487263 0.00650517 0.00859116 0.0112294 0.0145487 0.0187351 0.0240824 0.0310774 0.04053 0.0537416 0.0726653 0.0998986 0.138086 0.187724 0.241878 0.280063 0.27802 0.237933 0.186216 0.143625 0.117996 0.110851 0.122311 0.152309 0.198518 0.250626 0.285358 0.280284 0.24141 0.19321 0.151592 0.120606 0.0991837 0.0854442 0.0781572 0.076982 0.0824288 0.0958061 0.119093 0.154516 0.203419 0.263992 0.328659 0.385795 0.430102 0.469335 0.512534 0.551143 0.555649 0.513779 0.458142 0.427384 0.443855 0.520565 0.662961 0.828293 0.834192 0.714321 0.622966 0.552599 0.460343 0.350832 0.25448 0.184357 0.138638 0.11103 0.0952433 0.0861145 0.0797658 0.0736629 0.0666326 0.0586586 0.0504285 0.0428382 0.036661 0.0324294 0.0304534 0.0308885 0.0337996 0.0392074 0.0471271 0.0575955 0.070651 0.0861894 0.103657 0.121699 0.138088 0.150217 0.15605 0.154894 0.147517 0.135697 0.121622 0.107403 0.0947539 0.0848404 0.0782696 0.0751915 0.0754505 0.078705 0.0844574 0.091993 0.100294 0.108062 0.114039 0.117711 0.120172 0.124574 0.13585 0.159969 0.202763 0.266887 0.34333 0.399064 0.396231 0.347224 0.289441 0.238289 0.1932 0.152138 0.115766 0.085626 0.0623093 0.045266 0.0333466 0.025296 0.0200093 0.016614 0.0144695 0.0131381 0.0123534 0.0119908 0.01204 0.0125797 0.0137535 0.0157486 0.0187752 0.023041 0.0287073 0.0358108 0.0441407 0.0530987 0.0616452 0.0684888 0.0725737 0.0736117 0.0722141 0.069486 0.0664557 0.0637877 0.0618876 0.0612073 0.0625349 0.0671919 0.0771991 0.0955178 0.126439 0.176137 0.253336 0.369855 0.540117 0.775402 1.05373 1.25359 1.23255 0.956892 0.673197 0.470192 0.338395 0.259022 0.216357 0.197704 0.19225 0.190967 0.187589 0.179381 0.166699 0.151714 0.137139 0.125247 0.117308 0.113643 0.114192 0.119189 0.129567 0.1469 0.1728 0.207473 0.246963 0.279945 0.290381 0.271629 0.234507 0.194912 0.162412 0.140344 0.129251 0.12886 0.138388 0.155935 0.177966 0.20045 0.222574 0.250265 0.295171 0.369462 0.477628 0.600319 0.674901 0.636357 0.512494 0.377322 0.269687 0.196922 0.155713 0.142335 0.156206 0.201151 0.286104 0.425381 0.63733 0.935873 1.19071 0.974289 0.759386 0.611947 0.507091 0.421353 0.343951 0.275173 0.218554 0.175974 0.147069 0.130155 0.122947 0.122701 0.125959 0.128553 0.126701 0.11896 0.107075 0.0946434 0.0851918 0.0814211 0.0855915 0.100265 0.128869 0.175685 0.244302 0.331562 0.412827 0.437409 0.389451 0.312984 0.242167 0.185878 0.143568 0.11321 0.0930393 0.0815262 0.0771406 0.0781491 0.0824546 0.0875678 0.090906 0.0905285 0.0859687 0.0784202 0.0699856 0.0626143 0.0574773 0.0549195 0.0547181 0.0563879 0.0594247 0.0634748 0.0684465 0.0745675 0.0823383 0.0923023 0.104611 0.118535 0.132266 0.143393 0.150102 0.152426 0.152503 0.153546 0.158313 0.168014 0.181925 0.197535 0.2112 0.21958 0.221826 0.220998 0.222886 0.232909 0.252981 0.279014 0.300366 0.305144 0.289753 0.260321 0.224851 0.188339 0.153326 0.121405 0.0937143 0.0708401 0.0527594 0.0389792 0.0287687 0.0213574 0.0160541 0.0122949 0.0096464 0.00778676 0.0064814 0.00555955 0.00489596 0.00439827 0.00399912 0.00365146 0.00332547 0.00300562 0.00268734 0.00237342 0.00207045 0.0017859 0.00152609 0.00129516 0.00109472 0.000924141 0.000781032 0.000661904 0.000562769 0.000479668 0.000409075 0.000348135 0.000294752 0.000247548 0.000205711 0.000168814 0.00013663 0.000108985 8.56626e-05 6.6363e-05 5.07016e-05 3.82331e-05 2.84852e-05 2.09923e-05 1.53215e-05 1.10893e-05 7.96967e-06 5.69488e-06 4.0513e-06 2.87277e-06 2.0328e-06 1.43683e-06 1.01533e-06 7.17769e-07 5.07865e-07 3.5977e-07 2.55189e-07 1.81235e-07 1.28851e-07 9.16816e-08 6.52652e-08 4.6465e-08 3.30716e-08 2.3524e-08 1.67168e-08 1.18645e-08 8.40809e-09 5.94844e-09 4.20047e-09 2.96026e-09 2.08192e-09 1.4611e-09 1.02322e-09 7.15048e-10 4.98649e-10 3.47032e-10 2.4104e-10 1.67105e-10 1.15641e-10 7.9892e-11 5.5107e-11 3.79554e-11 2.61068e-11 1.79349e-11 1.23071e-11 8.4368e-12 5.77841e-12 3.9545e-12 2.70439e-12 1.84833e-12 1.26256e-12 8.62027e-13 5.88312e-13 4.0136e-13 2.73725e-13 1.86622e-13 1.27199e-13 8.66722e-14 5.90409e-14 4.02068e-14 2.73724e-14 1.86288e-14 1.26738e-14 8.61912e-15 5.85927e-15 3.98139e-15 2.7041e-15 1.83567e-15 1.24548e-15 8.44574e-16 
3.9948e-16 6.00076e-16 9.01526e-16 1.35441e-15 2.03451e-15 3.05521e-15 4.58595e-15 6.87952e-15 1.03125e-14 1.54446e-14 2.31068e-14 3.4529e-14 5.1529e-14 7.67861e-14 1.1424e-13 1.69671e-13 2.51533e-13 3.72162e-13 5.49506e-13 8.09603e-13 1.19012e-12 1.74541e-12 2.55361e-12 3.72684e-12 5.42543e-12 7.87811e-12 1.14103e-11 1.64841e-11 2.37538e-11 3.41451e-11 4.89646e-11 7.00559e-11 1.00018e-10 1.42515e-10 2.02715e-10 2.87917e-10 4.08443e-10 5.78927e-10 8.20166e-10 1.16181e-09 1.64625e-09 2.33432e-09 3.3136e-09 4.71052e-09 6.70811e-09 9.57191e-09 1.36877e-08 1.96164e-08 2.8174e-08 4.05464e-08 5.8455e-08 8.43936e-08 1.21966e-07 1.76361e-07 2.55026e-07 3.68597e-07 5.32203e-07 7.67256e-07 1.10391e-06 1.58441e-06 2.26773e-06 3.23578e-06 4.60205e-06 6.52345e-06 9.21678e-06 1.29819e-05 1.82344e-05 2.55524e-05 3.57434e-05 4.99394e-05 6.97314e-05 9.73562e-05 0.000135951 0.00018989 0.000265216 0.000370168 0.000515799 0.000716659 0.000991496 0.00136393 0.00186306 0.00252406 0.00338895 0.00450803 0.00594305 0.0077736 0.0101096 0.0131134 0.0170356 0.0222686 0.029414 0.0393452 0.0532077 0.0722245 0.0970555 0.126395 0.154998 0.173377 0.173162 0.155321 0.129663 0.106513 0.0920032 0.0886882 0.097291 0.117286 0.145914 0.176326 0.197794 0.201858 0.189666 0.169431 0.148286 0.129385 0.113651 0.101632 0.0941045 0.0921775 0.0975127 0.112675 0.141389 0.18842 0.258392 0.351713 0.455315 0.53675 0.57348 0.585266 0.597304 0.607102 0.59237 0.545291 0.492126 0.467945 0.498176 0.602506 0.803511 1.12713 1.10276 0.876786 0.774973 0.714723 0.591903 0.43147 0.300047 0.211285 0.157054 0.12674 0.111397 0.103901 0.0987341 0.0922506 0.0830459 0.0716805 0.0597074 0.0486735 0.0396196 0.0330509 0.0291138 0.027786 0.0290127 0.0327869 0.0391896 0.04839 0.0605813 0.0758119 0.0937012 0.113124 0.132057 0.147803 0.157623 0.159623 0.15357 0.141155 0.125346 0.109216 0.095044 0.0840786 0.0767303 0.0728818 0.07214 0.0739752 0.0777532 0.0827165 0.087998 0.0927625 0.0965272 0.0996196 0.103624 0.111646 0.128351 0.15986 0.213249 0.293901 0.39471 0.46995 0.45262 0.368834 0.283147 0.216247 0.166037 0.127262 0.0966508 0.0726752 0.0544386 0.0410719 0.0316349 0.0252031 0.0209538 0.0182104 0.0164562 0.0153344 0.0146424 0.0143187 0.014422 0.015104 0.0165825 0.0191188 0.0230007 0.0285228 0.0359461 0.045401 0.0566907 0.0689968 0.0806447 0.0893048 0.0929346 0.0910163 0.0849375 0.077082 0.0695772 0.0636997 0.0600132 0.058817 0.0605749 0.0662299 0.0774428 0.0968423 0.12836 0.177689 0.252844 0.364599 0.526003 0.746701 0.998125 1.11421 1.00371 0.794964 0.5846 0.419748 0.305671 0.233216 0.191327 0.169931 0.160245 0.155098 0.149644 0.141814 0.131891 0.12144 0.112249 0.105668 0.102373 0.102517 0.106136 0.113586 0.125772 0.14399 0.169303 0.201259 0.235795 0.263413 0.272033 0.256973 0.226184 0.192139 0.163511 0.144485 0.137022 0.142318 0.160776 0.190608 0.22568 0.255937 0.275413 0.292052 0.324739 0.392562 0.507686 0.661989 0.77402 0.702707 0.533546 0.381307 0.270344 0.198 0.15769 0.144939 0.159141 0.204265 0.289358 0.428638 0.639492 0.929985 1.16088 0.99807 0.81387 0.687164 0.590936 0.498538 0.403748 0.315754 0.243827 0.191366 0.157729 0.140824 0.138228 0.146895 0.161876 0.175341 0.178673 0.168202 0.148114 0.126151 0.108427 0.0983954 0.098354 0.1111 0.141121 0.195482 0.284058 0.41566 0.570405 0.614057 0.487078 0.347127 0.244917 0.175876 0.130032 0.100096 0.081446 0.071084 0.0667958 0.0666398 0.0687074 0.0711341 0.072335 0.0713608 0.0681583 0.0635062 0.0586135 0.0546276 0.0523277 0.0520697 0.0538737 0.0575273 0.062649 0.0687495 0.0753707 0.0823264 0.0899024 0.0987655 0.109476 0.121811 0.134331 0.144662 0.150682 0.152055 0.150864 0.150712 0.15516 0.16655 0.185329 0.209279 0.232661 0.247229 0.247569 0.236838 0.224607 0.219501 0.22495 0.238884 0.255256 0.266967 0.26915 0.260217 0.240683 0.212376 0.178536 0.143349 0.110642 0.0828107 0.060661 0.0438713 0.0315752 0.0227797 0.0165857 0.0122669 0.00927376 0.00720575 0.00577689 0.00478422 0.0040836 0.00357245 0.00317849 0.00285231 0.00256242 0.00229114 0.00203096 0.00178107 0.00154428 0.00132458 0.00112556 0.000949481 0.000797025 0.00066743 0.000558817 0.000468604 0.000393905 0.000331865 0.000279905 0.000235874 0.000198109 0.00016541 0.000136966 0.000112251 9.09194e-05 7.27089e-05 5.73822e-05 4.46888e-05 3.43539e-05 2.60825e-05 1.95729e-05 1.45308e-05 1.06833e-05 7.78734e-06 5.63432e-06 4.05115e-06 2.89807e-06 2.06504e-06 1.46724e-06 1.04053e-06 7.37167e-07 5.22084e-07 3.69849e-07 2.62173e-07 1.86007e-07 1.32094e-07 9.38912e-08 6.67859e-08 4.75288e-08 3.38309e-08 2.40778e-08 1.71287e-08 1.21759e-08 8.64617e-09 6.13166e-09 4.34181e-09 3.06918e-09 2.16558e-09 1.52502e-09 1.07177e-09 7.51675e-10 5.26086e-10 3.67439e-10 2.56113e-10 1.78162e-10 1.23699e-10 8.57269e-11 5.93071e-11 4.09615e-11 2.82469e-11 1.94507e-11 1.33758e-11 9.18694e-12 6.30281e-12 4.31973e-12 2.9579e-12 2.02374e-12 1.3836e-12 9.45343e-13 6.45536e-13 4.40588e-13 3.00574e-13 2.04974e-13 1.39729e-13 9.52207e-14 6.48694e-14 4.41791e-14 3.0079e-14 2.04729e-14 1.39302e-14 9.47533e-15 6.44288e-15 4.3793e-15 2.97548e-15 2.02081e-15 1.37183e-15 9.30821e-16 6.31266e-16 
3.03923e-16 4.56295e-16 6.8503e-16 1.02824e-15 1.54291e-15 2.31411e-15 3.46866e-15 5.19531e-15 7.77448e-15 1.1622e-14 1.73531e-14 2.58765e-14 3.85308e-14 5.72838e-14 8.50206e-14 1.25961e-13 1.86259e-13 2.74872e-13 4.0479e-13 5.94813e-13 8.72066e-13 1.27558e-12 1.86137e-12 2.70962e-12 3.93477e-12 5.69987e-12 8.23658e-12 1.18735e-11 1.7076e-11 2.45019e-11 3.50809e-11 5.01251e-11 7.14876e-11 1.01786e-10 1.4472e-10 2.05529e-10 2.91649e-10 4.13649e-10 5.86606e-10 8.32076e-10 1.18098e-09 1.67781e-09 2.38673e-09 3.40055e-09 4.85372e-09 6.94134e-09 9.94675e-09 1.42815e-08 2.05431e-08 2.95979e-08 4.27003e-08 6.16618e-08 8.90908e-08 1.28731e-07 1.85934e-07 2.6832e-07 3.86692e-07 5.56294e-07 7.9855e-07 1.14344e-06 1.63278e-06 2.32468e-06 3.29979e-06 4.66989e-06 6.58994e-06 9.27506e-06 1.30245e-05 1.82556e-05 2.55522e-05 3.57318e-05 4.994e-05 6.97783e-05 9.74753e-05 0.000136109 0.000189884 0.000264471 0.000367397 0.000508479 0.000700285 0.000958614 0.00130302 0.00175745 0.00235123 0.00312079 0.00411285 0.00539007 0.00704086 0.00919468 0.0120443 0.0158738 0.0210849 0.0282014 0.0378099 0.0503612 0.065744 0.0826304 0.0979553 0.107466 0.10803 0.100176 0.087966 0.0764052 0.0692918 0.0687631 0.0756583 0.0897023 0.109208 0.130725 0.149701 0.162644 0.168866 0.169411 0.164923 0.155711 0.143312 0.130645 0.120767 0.116246 0.119775 0.135192 0.168273 0.227242 0.322663 0.464127 0.64267 0.780281 0.788114 0.744891 0.712486 0.686005 0.646017 0.587752 0.531159 0.506501 0.539057 0.645189 0.826274 1.02533 1.03441 0.906727 0.833387 0.787722 0.650548 0.466628 0.321744 0.227347 0.172381 0.144689 0.134114 0.131849 0.13012 0.123442 0.110288 0.0928058 0.0744874 0.0580702 0.044921 0.0353718 0.0292387 0.0261948 0.0259724 0.0284536 0.0336994 0.0419368 0.0534923 0.0686471 0.0873984 0.109141 0.13232 0.154153 0.17066 0.177625 0.17281 0.157881 0.137612 0.117048 0.0995056 0.0863717 0.0777658 0.0732113 0.07203 0.0734849 0.0767745 0.0809989 0.0852167 0.0886676 0.0911352 0.0933245 0.0971157 0.105657 0.12338 0.155968 0.209915 0.289842 0.387843 0.459008 0.439778 0.354975 0.267319 0.198845 0.148881 0.112393 0.0853209 0.0651165 0.0501913 0.0394188 0.0318838 0.0267971 0.0234746 0.0213405 0.0199413 0.0189683 0.0182749 0.0178773 0.0179321 0.0186992 0.0205035 0.0237085 0.0287033 0.0358982 0.0457031 0.0584333 0.0740394 0.091571 0.108531 0.120871 0.124668 0.118895 0.106378 0.0916687 0.0784181 0.0684674 0.0623256 0.0599804 0.0615235 0.0675328 0.0793001 0.0990084 0.129935 0.176704 0.245465 0.343559 0.47734 0.643839 0.804711 0.862332 0.779819 0.632929 0.482645 0.357542 0.265447 0.203582 0.165479 0.144027 0.132586 0.125652 0.119519 0.112596 0.10505 0.0979693 0.0925429 0.0895966 0.089489 0.0922744 0.0980055 0.107016 0.120009 0.137824 0.160825 0.187913 0.215338 0.23626 0.243204 0.233493 0.211788 0.186192 0.163676 0.149093 0.146142 0.158152 0.187815 0.234942 0.29105 0.335025 0.348201 0.342946 0.352524 0.404643 0.518957 0.709814 0.914944 0.770629 0.538496 0.372339 0.262241 0.193252 0.155254 0.142888 0.155117 0.194959 0.269082 0.386094 0.549993 0.738906 0.866463 0.861276 0.800749 0.74213 0.674851 0.580188 0.466501 0.357899 0.270479 0.208626 0.171127 0.155656 0.16029 0.182763 0.217406 0.25075 0.263237 0.24556 0.209122 0.171061 0.140971 0.12195 0.11528 0.123278 0.150689 0.205914 0.30276 0.462032 0.699812 0.789992 0.546924 0.35969 0.240356 0.165559 0.118722 0.0896519 0.0722457 0.062741 0.0585924 0.0578223 0.0587316 0.0598855 0.0602608 0.0594014 0.0574437 0.0549642 0.0527218 0.0514229 0.0516014 0.0536092 0.0576337 0.0636572 0.0713411 0.079942 0.0884611 0.0961368 0.103023 0.110088 0.118554 0.128868 0.139974 0.149457 0.154853 0.155573 0.153866 0.153959 0.160431 0.177122 0.206405 0.24734 0.291455 0.319885 0.315469 0.284395 0.249027 0.225599 0.219218 0.228237 0.247742 0.271191 0.291221 0.300387 0.292787 0.26677 0.226665 0.180814 0.137138 0.100272 0.0715597 0.0503523 0.0352214 0.0246635 0.0173981 0.0124395 0.00907048 0.00678548 0.00523416 0.00417534 0.00344298 0.00292272 0.00253621 0.00223092 0.00197317 0.00174314 0.0015308 0.0013325 0.00114821 0.000979456 0.000827874 0.000694481 0.000579363 0.000481708 0.000400009 0.000332321 0.000276524 0.000230526 0.000192432 0.000160625 0.000133814 0.000111018 9.15251e-05 7.48342e-05 6.0588e-05 4.85178e-05 3.84001e-05 3.0029e-05 2.32027e-05 1.77196e-05 1.3382e-05 1.00011e-05 7.40281e-06 5.43222e-06 3.95573e-06 2.86154e-06 2.05852e-06 1.47418e-06 1.05201e-06 7.48808e-07 5.3208e-07 3.7771e-07 2.68028e-07 1.90215e-07 1.35049e-07 9.59392e-08 6.81999e-08 4.85095e-08 3.45191e-08 2.4569e-08 1.74863e-08 1.24414e-08 8.84667e-09 6.28504e-09 4.46012e-09 3.1608e-09 2.23654e-09 1.57985e-09 1.11394e-09 7.8393e-10 5.50592e-10 3.85929e-10 2.69963e-10 1.88463e-10 1.31307e-10 9.13075e-11 6.33741e-11 4.39071e-11 3.03677e-11 2.09692e-11 1.44572e-11 9.95331e-12 6.84342e-12 4.69945e-12 3.22354e-12 2.20889e-12 1.51222e-12 1.03441e-12 7.07049e-13 4.82965e-13 3.29703e-13 2.24958e-13 1.53417e-13 1.04583e-13 7.12659e-14 4.85452e-14 3.30571e-14 2.25032e-14 1.53139e-14 1.04182e-14 7.08531e-15 4.81704e-15 3.27379e-15 2.22414e-15 1.51044e-15 1.02534e-15 6.95733e-16 4.71863e-16 
2.30791e-16 3.46246e-16 5.19349e-16 7.78721e-16 1.16706e-15 1.74797e-15 2.61603e-15 3.91166e-15 5.84295e-15 8.71761e-15 1.29898e-14 1.93283e-14 2.87157e-14 4.25921e-14 6.30634e-14 9.3201e-14 1.37473e-13 2.02361e-13 2.97248e-13 4.35673e-13 6.37128e-13 9.29601e-13 1.35317e-12 1.96512e-12 2.84709e-12 4.11522e-12 5.93446e-12 8.53861e-12 1.22588e-11 1.75632e-11 2.51141e-11 3.58477e-11 5.10878e-11 7.27087e-11 1.03367e-10 1.46833e-10 2.08476e-10 2.95948e-10 4.20198e-10 5.96925e-10 8.487e-10 1.20806e-09 1.72202e-09 2.4586e-09 3.51641e-09 5.03848e-09 7.23231e-09 1.03988e-08 1.49741e-08 2.15888e-08 3.11536e-08 4.49793e-08 6.49478e-08 9.3751e-08 1.35225e-07 1.94817e-07 2.80226e-07 4.02299e-07 5.76253e-07 8.2337e-07 1.17333e-06 1.66743e-06 2.36306e-06 3.33997e-06 4.70901e-06 6.62442e-06 9.30122e-06 1.30396e-05 1.82592e-05 2.5546e-05 3.57177e-05 4.99101e-05 6.96909e-05 9.7206e-05 0.000135359 0.000188031 0.000260327 0.000358869 0.000492108 0.000670686 0.000907884 0.00122023 0.00162846 0.00215909 0.00284709 0.00374022 0.00490573 0.00643987 0.00847981 0.0112153 0.0148932 0.0198002 0.0261994 0.0341922 0.043491 0.0531679 0.0615893 0.0668449 0.0677074 0.0645048 0.0590901 0.0539558 0.0513193 0.0527183 0.0590043 0.0704087 0.0865471 0.106492 0.129113 0.153429 0.178052 0.199433 0.21142 0.209488 0.195949 0.178091 0.162294 0.152193 0.150828 0.163004 0.196452 0.262635 0.378213 0.566746 0.854115 1.14649 1.04995 0.940551 0.877491 0.824722 0.758019 0.672919 0.592135 0.549349 0.570039 0.664853 0.815564 0.941387 0.940717 0.85342 0.77679 0.7083 0.587477 0.436884 0.312437 0.229625 0.183394 0.164889 0.165089 0.173908 0.179745 0.173131 0.152518 0.124082 0.0953754 0.070953 0.0522573 0.0390291 0.0304402 0.0256703 0.0241293 0.0255184 0.0298285 0.0373162 0.0484568 0.0638568 0.0840941 0.109422 0.139196 0.170826 0.198484 0.213528 0.209493 0.188367 0.159162 0.130686 0.107653 0.0912901 0.0810913 0.0760233 0.0750442 0.0771835 0.081419 0.0865545 0.0912804 0.094519 0.0959606 0.0964997 0.0983265 0.104715 0.119737 0.147944 0.193524 0.257332 0.328903 0.376336 0.365356 0.30753 0.239685 0.181615 0.13704 0.104027 0.0798297 0.0622053 0.0495224 0.0405933 0.0345125 0.0305444 0.0280568 0.0264964 0.0254092 0.0244921 0.0236437 0.0229794 0.0227968 0.0235118 0.0255963 0.0295401 0.0358417 0.0450226 0.0576444 0.0742609 0.0951282 0.119399 0.143773 0.161777 0.166295 0.15533 0.134204 0.110851 0.0908048 0.0762562 0.0673587 0.0636065 0.064666 0.0707662 0.0828446 0.102582 0.132415 0.175531 0.235685 0.316242 0.417171 0.528144 0.618869 0.645711 0.595346 0.498935 0.392903 0.29909 0.22613 0.174544 0.140964 0.120646 0.108772 0.101239 0.0952471 0.0895336 0.084118 0.0796909 0.0770227 0.0766265 0.0787001 0.0832602 0.0903604 0.100265 0.113446 0.130311 0.150676 0.173124 0.194558 0.210497 0.21673 0.211792 0.198006 0.180078 0.163258 0.152683 0.153517 0.171169 0.211054 0.276195 0.358414 0.422472 0.425316 0.387972 0.365964 0.390583 0.474454 0.615278 0.734454 0.648147 0.474643 0.336393 0.242251 0.182635 0.14929 0.137607 0.146487 0.177844 0.235653 0.323618 0.439702 0.566964 0.672528 0.738336 0.779876 0.797585 0.758041 0.652489 0.516786 0.389919 0.29062 0.222296 0.18292 0.170382 0.184234 0.224966 0.289362 0.358417 0.388593 0.354505 0.289057 0.22819 0.182921 0.152894 0.137007 0.136577 0.155654 0.201168 0.283189 0.411765 0.569637 0.611569 0.469706 0.321567 0.217153 0.149395 0.106628 0.0802135 0.0645205 0.0559381 0.0520295 0.050986 0.0513706 0.0520864 0.0524571 0.0522791 0.0517533 0.0513134 0.0514422 0.0525658 0.0550527 0.0592684 0.0655755 0.0741796 0.084806 0.0963866 0.107156 0.115487 0.121082 0.125364 0.130482 0.13773 0.146523 0.154546 0.159221 0.159852 0.158787 0.160657 0.170927 0.195256 0.239393 0.307245 0.3917 0.453936 0.4383 0.36392 0.290716 0.24468 0.228322 0.237537 0.266702 0.308532 0.352476 0.384288 0.389278 0.359961 0.303121 0.235821 0.17322 0.122529 0.0847081 0.0578392 0.0393072 0.0267493 0.0183257 0.0127053 0.00896349 0.00647222 0.00480988 0.00369455 0.00293762 0.00241267 0.00203521 0.00174945 0.00151963 0.00132403 0.00115058 0.000993472 0.000850581 0.000721625 0.000606893 0.00050654 0.000420264 0.000347261 0.000286311 0.00023594 0.000194576 0.000160681 0.000132857 0.000109899 9.08203e-05 7.48484e-05 6.13997e-05 5.00426e-05 4.04588e-05 3.24071e-05 2.56941e-05 2.0154e-05 1.56363e-05 1.20001e-05 9.11277e-06 6.85095e-06 5.10235e-06 3.76741e-06 2.76019e-06 2.00842e-06 1.45277e-06 1.04564e-06 7.49561e-07 5.3563e-07 3.81867e-07 2.71812e-07 1.93291e-07 1.37394e-07 9.76564e-08 6.94271e-08 4.93756e-08 3.51289e-08 2.50009e-08 1.77962e-08 1.26675e-08 9.01475e-09 6.41213e-09 4.55755e-09 3.23621e-09 2.29521e-09 1.62556e-09 1.14949e-09 8.11466e-10 5.71807e-10 4.02168e-10 2.82307e-10 1.97778e-10 1.38285e-10 9.64974e-11 6.72072e-11 4.6719e-11 3.24172e-11 2.24538e-11 1.55264e-11 1.07191e-11 7.38905e-12 5.08633e-12 3.49661e-12 2.40082e-12 1.64658e-12 1.12813e-12 7.72203e-13 5.28122e-13 3.60915e-13 2.46477e-13 1.68221e-13 1.14747e-13 7.82328e-14 5.33138e-14 3.6317e-14 2.47296e-14 1.68332e-14 1.14543e-14 7.79165e-15 5.29842e-15 3.6018e-15 2.44763e-15 1.66272e-15 1.12911e-15 7.66449e-16 5.20064e-16 3.52733e-16 
1.74901e-16 2.62159e-16 3.92805e-16 5.88259e-16 8.80409e-16 1.31664e-15 1.96725e-15 2.93635e-15 4.3778e-15 6.51857e-15 9.69271e-15 1.43909e-14 2.13319e-14 3.15666e-14 4.66276e-14 6.8744e-14 1.0115e-13 1.48528e-13 2.17636e-13 3.18208e-13 4.64225e-13 6.75727e-13 9.81365e-13 1.42202e-12 2.05591e-12 2.96577e-12 4.26906e-12 6.13227e-12 8.79122e-12 1.25798e-11 1.79704e-11 2.56323e-11 3.65137e-11 5.19596e-11 7.38815e-11 1.05e-10 1.49199e-10 2.1203e-10 3.01453e-10 4.28911e-10 6.10885e-10 8.71165e-10 1.24415e-09 1.77964e-09 2.54981e-09 3.65923e-09 5.25943e-09 7.56978e-09 1.09074e-08 1.573e-08 2.26962e-08 3.27518e-08 4.72503e-08 6.81224e-08 9.8112e-08 1.41105e-07 2.02586e-07 2.90265e-07 4.14953e-07 5.91764e-07 8.41782e-07 1.19438e-06 1.69044e-06 2.38687e-06 3.3629e-06 4.72894e-06 6.63902e-06 9.30798e-06 1.30355e-05 1.82387e-05 2.54964e-05 3.56073e-05 4.96654e-05 6.91562e-05 9.60733e-05 0.000133061 0.000183579 0.000252097 0.000344322 0.000467474 0.000630654 0.000845371 0.00112635 0.00149278 0.00197036 0.0025942 0.00341306 0.00449455 0.00593049 0.00784002 0.0103651 0.0136506 0.0177973 0.0227812 0.0283487 0.0339361 0.0387078 0.041802 0.0427357 0.0417337 0.0397267 0.0380335 0.0379852 0.0407114 0.0471163 0.0579702 0.074072 0.0964869 0.126753 0.16652 0.215407 0.266102 0.300951 0.303792 0.280348 0.249765 0.223644 0.20445 0.193688 0.19685 0.22358 0.287088 0.405299 0.602386 0.900518 1.19912 1.19055 1.14195 1.10131 1.04443 0.953323 0.817504 0.680825 0.596699 0.591409 0.671968 0.820919 0.944746 0.906253 0.785157 0.679164 0.588058 0.485758 0.37661 0.284409 0.222105 0.190818 0.186988 0.204704 0.233239 0.253995 0.247742 0.212926 0.165728 0.121368 0.086211 0.0607626 0.0434022 0.0322477 0.0257959 0.0230495 0.0234855 0.0269989 0.0338629 0.0447115 0.0605297 0.0826169 0.112402 0.150772 0.196176 0.240927 0.268867 0.264683 0.231545 0.187612 0.147726 0.117629 0.0975563 0.0858691 0.0807892 0.0809014 0.0850515 0.0919935 0.100053 0.107115 0.111204 0.111505 0.109122 0.106921 0.108699 0.118345 0.139238 0.17329 0.218645 0.265697 0.295754 0.292616 0.259502 0.213438 0.168402 0.13058 0.10119 0.0793478 0.0635832 0.0524869 0.0449121 0.0399744 0.0369664 0.035261 0.0342628 0.0334444 0.0324515 0.0312128 0.0299761 0.0292444 0.0296562 0.0318767 0.0365386 0.0442319 0.0555308 0.0710522 0.0914968 0.117447 0.148407 0.180648 0.205126 0.210531 0.193453 0.162707 0.130398 0.103816 0.0851026 0.0738028 0.0688417 0.0694974 0.0757418 0.0882549 0.108273 0.137374 0.177262 0.229475 0.294529 0.369563 0.444307 0.498861 0.511469 0.475896 0.407003 0.327132 0.253157 0.193331 0.149417 0.119604 0.100603 0.0888729 0.0813431 0.075876 0.0714276 0.0678662 0.0655614 0.0649752 0.0664204 0.0700164 0.0757859 0.0838034 0.0942896 0.107545 0.12367 0.142134 0.161427 0.179056 0.192094 0.198172 0.196431 0.187861 0.17506 0.161978 0.15371 0.156192 0.175951 0.219829 0.292837 0.388252 0.463689 0.457833 0.397896 0.35236 0.349374 0.390327 0.457181 0.498628 0.460602 0.370365 0.281452 0.213855 0.168444 0.141815 0.131375 0.136567 0.158757 0.200388 0.263313 0.346251 0.443001 0.546236 0.657458 0.782471 0.882492 0.850946 0.704527 0.540805 0.40173 0.297557 0.227615 0.188936 0.180015 0.202329 0.260336 0.357481 0.476934 0.537732 0.474989 0.373298 0.291796 0.234183 0.193154 0.165465 0.152546 0.157908 0.185587 0.238724 0.313993 0.385851 0.399289 0.337897 0.252493 0.17997 0.127954 0.0932871 0.0712168 0.0578463 0.0503795 0.0468325 0.045736 0.0459728 0.0467536 0.0476562 0.0486218 0.0498524 0.0516426 0.0542393 0.0578119 0.0625504 0.0688137 0.077165 0.0881279 0.101618 0.116291 0.129465 0.138348 0.142116 0.142756 0.143532 0.14667 0.152141 0.15798 0.161857 0.163148 0.164039 0.16897 0.183653 0.215159 0.273142 0.370478 0.516306 0.661579 0.615125 0.454458 0.33237 0.264821 0.242354 0.25641 0.300823 0.368461 0.446321 0.51213 0.536909 0.499105 0.409715 0.305974 0.215509 0.146828 0.0982583 0.065199 0.0431675 0.0286532 0.019146 0.0129319 0.0088697 0.0062095 0.0044616 0.00330656 0.00253556 0.00201175 0.0016454 0.00137806 0.00117236 0.00100518 0.00086297 0.000738368 0.000627774 0.000529627 0.000443269 0.000368268 0.000304076 0.000249915 0.000204795 0.000167593 0.00013714 0.000112306 9.20609e-05 7.55125e-05 6.1919e-05 5.0687e-05 4.13564e-05 3.35774e-05 2.70861e-05 2.16808e-05 1.72026e-05 1.35209e-05 1.05228e-05 8.10814e-06 6.18624e-06 4.67503e-06 3.50107e-06 2.5998e-06 1.91561e-06 1.40165e-06 1.01929e-06 7.37299e-07 5.30948e-07 3.8096e-07 2.72563e-07 1.94594e-07 1.38722e-07 9.87988e-08 7.03296e-08 5.00549e-08 3.56263e-08 2.53604e-08 1.80556e-08 1.2856e-08 9.15347e-09 6.51589e-09 4.63641e-09 3.29698e-09 2.34251e-09 1.66259e-09 1.17854e-09 8.34229e-10 5.89579e-10 4.15969e-10 2.92956e-10 2.05937e-10 1.4449e-10 1.01181e-10 7.07166e-11 4.93294e-11 3.43453e-11 2.38684e-11 1.65577e-11 1.14663e-11 7.92734e-12 5.472e-12 3.77153e-12 2.59585e-12 1.78432e-12 1.22501e-12 8.40067e-13 5.75494e-13 3.93873e-13 2.69338e-13 1.84034e-13 1.25659e-13 8.57451e-14 5.84755e-14 3.98577e-14 2.71546e-14 1.8492e-14 1.25878e-14 8.56552e-15 5.82639e-15 3.96182e-15 2.69304e-15 1.82996e-15 1.24305e-15 8.44082e-16 5.72956e-16 3.88769e-16 2.63688e-16 
1.3226e-16 1.98033e-16 2.96363e-16 4.43229e-16 6.62364e-16 9.88957e-16 1.47508e-15 2.19766e-15 3.27011e-15 4.85927e-15 7.21011e-15 1.06814e-14 1.57976e-14 2.33233e-14 3.43707e-14 5.05536e-14 7.42082e-14 1.08708e-13 1.58914e-13 2.31809e-13 3.37412e-13 4.90053e-13 7.10198e-13 1.02701e-12 1.482e-12 2.13414e-12 3.0671e-12 4.39956e-12 6.29972e-12 9.00593e-12 1.2856e-11 1.83293e-11 2.61062e-11 3.71543e-11 5.28519e-11 7.51658e-11 1.06909e-10 1.52115e-10 2.16577e-10 3.08635e-10 4.40322e-10 6.29016e-10 8.99859e-10 1.28924e-09 1.84985e-09 2.65797e-09 3.82393e-09 5.50716e-09 7.93759e-09 1.14462e-08 1.65082e-08 2.38039e-08 3.43045e-08 4.93917e-08 7.10248e-08 1.01973e-07 1.46139e-07 2.09003e-07 2.98244e-07 4.24601e-07 6.03059e-07 8.54514e-07 1.20809e-06 1.70435e-06 2.39984e-06 3.37339e-06 4.73484e-06 6.63719e-06 9.29312e-06 1.29974e-05 1.81568e-05 2.53289e-05 3.52722e-05 4.90091e-05 6.79029e-05 9.37512e-05 0.000128898 0.000176367 0.000240028 0.000324808 0.000436979 0.000584581 0.000778038 0.0010311 0.00136218 0.00179626 0.00236724 0.00312049 0.00411463 0.00542088 0.00711674 0.00927013 0.0119102 0.0149854 0.0183197 0.0215948 0.0243944 0.0263332 0.0272346 0.0272671 0.0269534 0.0270622 0.0284704 0.032094 0.0389312 0.0502275 0.0677737 0.0943456 0.134178 0.192932 0.27527 0.374842 0.452822 0.4548 0.401695 0.348299 0.31002 0.27963 0.253334 0.238849 0.249476 0.29899 0.401755 0.571553 0.806505 1.04955 1.22986 1.35145 1.37512 1.33349 1.23042 1.00848 0.779852 0.636134 0.592754 0.644527 0.770202 0.878488 0.828254 0.70151 0.588837 0.493796 0.404617 0.321541 0.254258 0.210974 0.19527 0.20805 0.247923 0.305767 0.352818 0.347245 0.287306 0.212157 0.148118 0.101112 0.0688625 0.0475926 0.0341128 0.0261799 0.0223877 0.0219935 0.0247925 0.0310593 0.0415578 0.0576081 0.0811874 0.114934 0.161613 0.221782 0.287316 0.332631 0.327193 0.276731 0.214743 0.162803 0.126157 0.103154 0.0907924 0.0866266 0.0890688 0.0970233 0.109186 0.123259 0.135606 0.142181 0.140854 0.133244 0.124007 0.118462 0.120884 0.133925 0.158195 0.191094 0.225249 0.249087 0.252536 0.234254 0.201751 0.16504 0.131409 0.104181 0.0837985 0.0692989 0.0593593 0.052814 0.0487896 0.0466145 0.0456553 0.045221 0.0446215 0.0433702 0.0414025 0.0391492 0.0374109 0.0371337 0.0392245 0.044463 0.0534847 0.0667997 0.0848611 0.108193 0.137375 0.172173 0.208906 0.237125 0.2425 0.220553 0.182931 0.144727 0.114156 0.093075 0.0805029 0.0749743 0.075572 0.082208 0.0955017 0.116427 0.14585 0.184148 0.231082 0.285695 0.345173 0.402039 0.442219 0.449614 0.418038 0.357877 0.287705 0.222411 0.169272 0.129787 0.102412 0.0844381 0.0730259 0.065757 0.0609275 0.057625 0.0555936 0.0549612 0.0559653 0.0587854 0.0635092 0.0702014 0.0790044 0.0901743 0.10396 0.120292 0.138387 0.156543 0.172406 0.183722 0.18907 0.188108 0.181427 0.170648 0.158888 0.150882 0.152433 0.16972 0.208596 0.272129 0.351794 0.411446 0.406361 0.355215 0.309397 0.29237 0.303515 0.327812 0.339977 0.320856 0.276646 0.227076 0.185164 0.154764 0.135541 0.126666 0.128369 0.14212 0.170038 0.214001 0.274995 0.35382 0.454506 0.589082 0.774306 0.974898 0.925257 0.710823 0.526747 0.387645 0.287828 0.221912 0.186425 0.18054 0.206843 0.271566 0.381403 0.523584 0.604176 0.53704 0.433575 0.355797 0.297651 0.247148 0.203836 0.173658 0.161374 0.168583 0.193583 0.229099 0.258645 0.261398 0.231946 0.18608 0.141321 0.105675 0.0801493 0.0630697 0.0523225 0.046102 0.0430178 0.0420224 0.0423498 0.0435105 0.0453054 0.0477904 0.051156 0.0555558 0.0609753 0.0672449 0.074245 0.0822108 0.0918857 0.104225 0.11955 0.136469 0.151516 0.160703 0.162578 0.159606 0.156052 0.154943 0.156805 0.16024 0.163501 0.16619 0.170084 0.178744 0.197011 0.231713 0.293747 0.400513 0.574989 0.79696 0.712096 0.489887 0.346275 0.272156 0.251055 0.273757 0.336072 0.433623 0.553814 0.667967 0.72872 0.679187 0.534228 0.378473 0.25506 0.167879 0.109294 0.0708676 0.0459695 0.0299295 0.0196161 0.0129823 0.00870724 0.00594396 0.00415061 0.00298001 0.00220909 0.00169397 0.00134169 0.00109236 0.000907763 0.00076403 0.000646737 0.000547544 0.000461874 0.000387316 0.000322575 0.000266829 0.000219373 0.000179471 0.00014631 0.000119026 9.67506e-05 7.86538e-05 6.39814e-05 5.20764e-05 4.23881e-05 3.44694e-05 2.79677e-05 2.26095e-05 1.81856e-05 1.45349e-05 1.15312e-05 9.07338e-06 7.0771e-06 5.47026e-06 4.18988e-06 3.18051e-06 2.39349e-06 1.78648e-06 1.32325e-06 9.73297e-07 7.11398e-07 5.17092e-07 3.74061e-07 2.69505e-07 1.93535e-07 1.38619e-07 9.90894e-08 7.07325e-08 5.04428e-08 3.59525e-08 2.5617e-08 1.82504e-08 1.30016e-08 9.26195e-09 6.59725e-09 4.69814e-09 3.34444e-09 2.37945e-09 1.69161e-09 1.20148e-09 8.52389e-10 6.03941e-10 4.27287e-10 3.01826e-10 2.12842e-10 1.49827e-10 1.05274e-10 7.38309e-11 5.1681e-11 3.61075e-11 2.51794e-11 1.75262e-11 1.2177e-11 8.44552e-12 5.84756e-12 4.04217e-12 2.78984e-12 1.92267e-12 1.3232e-12 9.09459e-13 6.24327e-13 4.28107e-13 2.93252e-13 2.00685e-13 1.37217e-13 9.37463e-14 6.40007e-14 4.36645e-14 2.97723e-14 2.02889e-14 1.38193e-14 9.40841e-15 6.40267e-15 4.35545e-15 2.96169e-15 2.01321e-15 1.36799e-15 9.29237e-16 6.30979e-16 4.283e-16 2.90617e-16 1.97119e-16 
9.97882e-17 1.49234e-16 2.23035e-16 3.33075e-16 4.96962e-16 7.4074e-16 1.10286e-15 1.63999e-15 2.43544e-15 3.61153e-15 5.34731e-15 7.90447e-15 1.16645e-14 1.71822e-14 2.52629e-14 3.70724e-14 5.42943e-14 7.93555e-14 1.15745e-13 1.68469e-13 2.44696e-13 3.54667e-13 5.12994e-13 7.40486e-13 1.06674e-12 1.53379e-12 2.20134e-12 3.15406e-12 4.51209e-12 6.44589e-12 9.19746e-12 1.31107e-11 1.8675e-11 2.65876e-11 3.78441e-11 5.38682e-11 7.6701e-11 1.09273e-10 1.55803e-10 2.22369e-10 3.17748e-10 4.54623e-10 6.51336e-10 9.34424e-10 1.34227e-09 1.93036e-09 2.77882e-09 4.00316e-09 5.76964e-09 8.31696e-09 1.1987e-08 1.72681e-08 2.48555e-08 3.57363e-08 5.13078e-08 7.35415e-08 1.05212e-07 1.50214e-07 2.14003e-07 3.04206e-07 4.31476e-07 6.1067e-07 8.62511e-07 1.21588e-06 1.71103e-06 2.40402e-06 3.37285e-06 4.72586e-06 6.61311e-06 9.24156e-06 1.28952e-05 1.7961e-05 2.49619e-05 3.45988e-05 4.78011e-05 6.57897e-05 9.01532e-05 0.000122942 0.00016679 0.000225071 0.000302118 0.000403537 0.000536655 0.000711157 0.000939952 0.00124027 0.00163489 0.00215315 0.00283113 0.00370985 0.0048299 0.00622091 0.00788509 0.00977729 0.0117889 0.013749 0.0154563 0.0167461 0.0175723 0.0180712 0.0185771 0.0195974 0.0217836 0.0259497 0.0331779 0.0450519 0.0640679 0.094297 0.142358 0.218605 0.337521 0.510604 0.687768 0.666455 0.543411 0.465967 0.426856 0.38836 0.336523 0.290964 0.274749 0.301548 0.380473 0.518849 0.717735 0.967081 1.25321 1.51656 1.60742 1.5861 1.47207 1.15288 0.840671 0.646679 0.565744 0.576076 0.644522 0.703321 0.68264 0.605873 0.518889 0.434011 0.353751 0.283486 0.230221 0.199576 0.195436 0.221246 0.279911 0.36689 0.44631 0.441652 0.350682 0.247812 0.167427 0.111602 0.0745706 0.0506033 0.0354984 0.0264881 0.0218848 0.0207899 0.0229165 0.0285175 0.0384089 0.0540827 0.0778871 0.113159 0.163849 0.232185 0.310818 0.368514 0.362116 0.299697 0.22693 0.168831 0.12948 0.105891 0.0943795 0.0923897 0.0986585 0.112681 0.133639 0.158775 0.181854 0.194123 0.189999 0.172605 0.151252 0.13473 0.12827 0.13403 0.151976 0.179729 0.211614 0.2383 0.249257 0.238721 0.210408 0.174553 0.140547 0.113169 0.0932437 0.0796018 0.0705891 0.0648446 0.0614942 0.0599626 0.059652 0.0597409 0.0592704 0.0575097 0.0543664 0.0505221 0.0471925 0.0457255 0.0473052 0.0528392 0.0629401 0.07791 0.0977553 0.122343 0.151608 0.185038 0.219256 0.244648 0.247908 0.225048 0.187381 0.149505 0.119379 0.098745 0.0865614 0.0813674 0.0823534 0.0896289 0.104004 0.12645 0.157371 0.196032 0.240725 0.289849 0.342223 0.394094 0.433797 0.442032 0.40761 0.342544 0.269658 0.204608 0.153205 0.115554 0.08946 0.0721625 0.0610905 0.0541738 0.0499629 0.0476206 0.046803 0.0474718 0.0497111 0.0536162 0.0592774 0.0668434 0.0766013 0.0889805 0.104372 0.122713 0.142936 0.162676 0.178748 0.188506 0.191065 0.187197 0.178322 0.166159 0.153357 0.143902 0.142605 0.154169 0.182083 0.226222 0.27745 0.313124 0.311945 0.2822 0.250408 0.232879 0.231137 0.237288 0.239614 0.23002 0.209494 0.185008 0.162716 0.145226 0.132778 0.125316 0.123755 0.130087 0.146786 0.176252 0.220875 0.284089 0.372418 0.496857 0.666037 0.832942 0.799546 0.62468 0.467052 0.347796 0.262175 0.205451 0.175127 0.171021 0.195465 0.252785 0.344933 0.455022 0.522496 0.506203 0.461544 0.425592 0.383793 0.322116 0.254684 0.200891 0.16847 0.156494 0.160047 0.171465 0.180659 0.178339 0.161865 0.136484 0.109778 0.0867334 0.0690778 0.0565989 0.0483699 0.0433903 0.0408194 0.0400251 0.040589 0.0423164 0.0452342 0.049535 0.0554356 0.0629712 0.071817 0.0812903 0.0906757 0.0998127 0.109524 0.121322 0.136224 0.153215 0.168588 0.177657 0.178431 0.173393 0.167138 0.163047 0.162111 0.163656 0.166741 0.171362 0.178833 0.191335 0.211609 0.243943 0.296102 0.379359 0.498576 0.604702 0.564085 0.428635 0.318891 0.259386 0.247246 0.27934 0.355884 0.476911 0.632671 0.791589 0.896384 0.837248 0.627049 0.424982 0.277831 0.178965 0.114591 0.0732755 0.0469347 0.030183 0.0195296 0.0127436 0.00840982 0.00563265 0.00384551 0.0026892 0.00193523 0.00143773 0.00110335 0.000872341 0.000706694 0.000582524 0.000485125 0.000405688 0.000339091 0.000282415 0.000233969 0.000192691 0.00015779 0.000128569 0.000104352 8.44705e-05 6.82755e-05 5.51578e-05 4.4567e-05 3.60232e-05 2.91218e-05 2.35311e-05 1.8986e-05 1.52785e-05 1.22474e-05 9.7678e-06 7.74241e-06 6.09396e-06 4.75975e-06 3.6876e-06 2.83326e-06 2.15878e-06 1.63147e-06 1.22329e-06 9.10424e-07 6.72897e-07 4.94198e-07 3.60894e-07 2.62227e-07 1.89711e-07 1.36748e-07 9.82749e-08 7.04571e-08 5.04205e-08 3.60329e-08 2.57261e-08 1.83557e-08 1.30914e-08 9.33438e-09 6.65415e-09 4.74249e-09 3.37909e-09 2.40671e-09 1.71324e-09 1.21875e-09 8.66239e-10 6.15053e-10 4.36184e-10 3.08918e-10 2.18461e-10 1.54246e-10 1.08723e-10 7.65008e-11 5.37306e-11 3.76681e-11 2.63583e-11 1.84098e-11 1.28345e-11 8.93134e-12 6.20413e-12 4.30222e-12 2.97837e-12 2.05858e-12 1.42066e-12 9.78996e-13 6.7371e-13 4.63024e-13 3.1784e-13 2.17933e-13 1.49274e-13 1.02148e-13 6.9837e-14 4.77078e-14 3.25664e-14 2.22155e-14 1.51451e-14 1.0319e-14 7.02719e-15 4.78316e-15 3.25428e-15 2.21316e-15 1.50452e-15 1.02239e-15 6.94509e-16 4.71606e-16 3.20128e-16 2.17225e-16 1.47345e-16 
7.51131e-17 1.12185e-16 1.67422e-16 2.49636e-16 3.71848e-16 5.53277e-16 8.22229e-16 1.22032e-15 1.80858e-15 2.67641e-15 3.95435e-15 5.83274e-15 8.5884e-15 1.26231e-14 1.85184e-14 2.7115e-14 3.96242e-14 5.77889e-14 8.41108e-14 1.22174e-13 1.77105e-13 2.56219e-13 3.69948e-13 5.33138e-13 7.66905e-13 1.10125e-12 1.57878e-12 2.26002e-12 3.23089e-12 4.6135e-12 6.58152e-12 9.38217e-12 1.3368e-11 1.90422e-11 2.71249e-11 3.86481e-11 5.50932e-11 7.85912e-11 1.12212e-10 1.60384e-10 2.29503e-10 3.2881e-10 4.71664e-10 6.77374e-10 9.73835e-10 1.40131e-09 2.01781e-09 2.90684e-09 4.18827e-09 6.03385e-09 8.68898e-09 1.25034e-08 1.7974e-08 2.5805e-08 3.69916e-08 5.29362e-08 7.56107e-08 1.07781e-07 1.53322e-07 2.1765e-07 3.0833e-07 4.35917e-07 6.15134e-07 8.66491e-07 1.21855e-06 1.71102e-06 2.39904e-06 3.35891e-06 4.6959e-06 6.55449e-06 9.13183e-06 1.26951e-05 1.76035e-05 2.43358e-05 3.35245e-05 4.59986e-05 6.28356e-05 8.54288e-05 0.000115574 0.000155584 0.00020845 0.000278061 0.000369513 0.000489515 0.000646916 0.000853298 0.00112354 0.00147608 0.00193254 0.00251593 0.00324692 0.00413751 0.00518247 0.0063506 0.00758001 0.00878348 0.00986898 0.0107748 0.0115111 0.0121943 0.0130661 0.0145033 0.0170375 0.0214174 0.0287475 0.0407498 0.0602138 0.0917392 0.142925 0.226212 0.361481 0.577723 0.874258 0.806278 0.636816 0.578944 0.581685 0.548062 0.446969 0.349368 0.296704 0.296793 0.350909 0.462254 0.63645 0.880167 1.18965 1.49619 1.66543 1.68163 1.48741 1.13791 0.820669 0.615011 0.514028 0.492432 0.518716 0.552335 0.558985 0.532014 0.477767 0.404635 0.327354 0.260453 0.212555 0.187816 0.188958 0.219233 0.28204 0.373688 0.458038 0.454007 0.359381 0.253444 0.171207 0.114206 0.0763345 0.0517042 0.0360346 0.0265057 0.0213849 0.0197284 0.0212025 0.0260114 0.0349195 0.0493571 0.071576 0.104719 0.152335 0.215956 0.287847 0.339626 0.334856 0.280164 0.214567 0.161343 0.12529 0.104297 0.0954087 0.0968208 0.108258 0.130599 0.164669 0.208471 0.252402 0.277223 0.267534 0.231037 0.189072 0.156715 0.139663 0.138812 0.153364 0.181393 0.218486 0.255182 0.276374 0.26944 0.237169 0.19498 0.15642 0.127185 0.107358 0.0946846 0.0866604 0.0815351 0.0784878 0.0772014 0.0772371 0.0776478 0.0771003 0.0744905 0.0696548 0.0636001 0.0580744 0.0548967 0.0555246 0.0609394 0.0716476 0.0876226 0.108211 0.132249 0.158501 0.185737 0.211165 0.228027 0.227539 0.2075 0.176137 0.144452 0.119016 0.101564 0.0913914 0.0873875 0.0891063 0.0970656 0.112468 0.136502 0.169369 0.209458 0.253726 0.300084 0.349382 0.401958 0.447714 0.460143 0.419364 0.342861 0.262097 0.194006 0.142356 0.105426 0.0800922 0.0633246 0.0526229 0.0461 0.0424558 0.0409017 0.0410429 0.0427391 0.0459795 0.0508149 0.0573694 0.0659244 0.0770213 0.0914758 0.110154 0.133356 0.159785 0.185583 0.204801 0.212496 0.208274 0.195855 0.179506 0.162132 0.146017 0.133901 0.128953 0.133974 0.150315 0.176243 0.204789 0.22407 0.225025 0.210785 0.19299 0.180813 0.176526 0.17708 0.177415 0.173943 0.16651 0.1574 0.148793 0.14127 0.134291 0.127734 0.122999 0.122795 0.130177 0.147919 0.178648 0.225545 0.292824 0.383943 0.491857 0.574776 0.565479 0.47788 0.376614 0.290721 0.225707 0.181431 0.157444 0.154186 0.17318 0.216119 0.281202 0.355677 0.414674 0.448682 0.480267 0.516571 0.507667 0.421146 0.313684 0.230181 0.177742 0.150211 0.139264 0.136846 0.135696 0.130502 0.119437 0.104169 0.0878813 0.0731874 0.0613595 0.0525914 0.0465309 0.0426821 0.0406155 0.0400528 0.0408984 0.0432498 0.0473862 0.053697 0.0625135 0.0738294 0.0869831 0.100533 0.112686 0.122394 0.130393 0.138994 0.150362 0.164429 0.178044 0.186681 0.188007 0.183723 0.177637 0.172809 0.170553 0.171029 0.174274 0.180895 0.191965 0.20817 0.22928 0.255356 0.289105 0.334858 0.388637 0.422125 0.398208 0.331208 0.266799 0.230279 0.229289 0.266971 0.346912 0.471102 0.629942 0.787107 0.879569 0.814422 0.612412 0.416338 0.272381 0.175332 0.112072 0.0714742 0.0456145 0.0291942 0.0187737 0.012154 0.00793981 0.00524934 0.00352537 0.00241552 0.00169639 0.00122595 0.000913678 0.000701846 0.000553754 0.000446239 0.000364871 0.000300812 0.00024875 0.00020553 0.000169259 0.000138748 0.000113169 9.187e-05 7.42805e-05 5.98755e-05 4.81665e-05 3.87056e-05 3.10922e-05 2.49778e-05 2.00676e-05 1.61185e-05 1.29344e-05 1.03601e-05 8.27395e-06 6.58146e-06 5.20888e-06 4.09818e-06 3.20293e-06 2.48533e-06 1.91407e-06 1.46286e-06 1.10951e-06 8.3525e-07 6.24289e-07 4.63461e-07 3.41907e-07 2.50786e-07 1.83002e-07 1.32932e-07 9.61817e-08 6.93595e-08 4.98795e-08 3.5791e-08 2.56373e-08 1.83399e-08 1.31069e-08 9.36039e-09 6.68135e-09 4.76716e-09 3.40018e-09 2.42429e-09 1.72775e-09 1.23069e-09 8.7606e-10 6.23119e-10 4.42788e-10 3.14298e-10 2.22817e-10 1.57745e-10 1.1151e-10 7.87003e-11 5.54512e-11 3.9002e-11 2.73833e-11 1.91908e-11 1.34247e-11 9.37387e-12 6.53349e-12 4.54563e-12 3.15707e-12 2.18894e-12 1.5152e-12 1.04717e-12 7.22619e-13 4.97938e-13 3.42648e-13 2.35484e-13 1.61641e-13 1.10829e-13 7.59096e-14 5.1942e-14 3.551e-14 2.42563e-14 1.65564e-14 1.12929e-14 7.6978e-15 5.24411e-15 3.5706e-15 2.42993e-15 1.65288e-15 1.12383e-15 7.638e-16 5.18903e-16 3.52392e-16 2.39223e-16 1.62337e-16 1.10121e-16 
5.64047e-17 8.41236e-17 1.25353e-16 1.86605e-16 2.77482e-16 4.12123e-16 6.11306e-16 9.05503e-16 1.33932e-15 1.97789e-15 2.91617e-15 4.29227e-15 6.30662e-15 9.24946e-15 1.35402e-14 1.97838e-14 2.88506e-14 4.19908e-14 6.09962e-14 8.84314e-14 1.2796e-13 1.84808e-13 2.66421e-13 3.83399e-13 5.50816e-13 7.90101e-13 1.13171e-12 1.61894e-12 2.31335e-12 3.30257e-12 4.7114e-12 6.71786e-12 9.57624e-12 1.36503e-11 1.94614e-11 2.77578e-11 3.96153e-11 5.65833e-11 8.08949e-11 1.15773e-10 1.65872e-10 2.37914e-10 3.41611e-10 4.90981e-10 7.0625e-10 1.01655e-09 1.46381e-09 2.10822e-09 3.03601e-09 4.37048e-09 6.2874e-09 9.03681e-09 1.29733e-08 1.85987e-08 2.6621e-08 3.8037e-08 5.42472e-08 7.72153e-08 1.0969e-07 1.55515e-07 2.20058e-07 3.10804e-07 4.38188e-07 6.16737e-07 8.66643e-07 1.21592e-06 1.70336e-06 2.38242e-06 3.32658e-06 4.63616e-06 6.44742e-06 8.94407e-06 1.23719e-05 1.70574e-05 2.34304e-05 3.20536e-05 4.36585e-05 5.91927e-05 7.98811e-05 0.000107309 0.000143532 0.000191229 0.0002539 0.000336121 0.000443838 0.000584669 0.000768121 0.00100556 0.0013097 0.00169328 0.00216671 0.00273456 0.00339144 0.00411854 0.0048832 0.00564413 0.00636407 0.00702945 0.00767341 0.00839792 0.0093934 0.0109613 0.0135529 0.0178445 0.0248768 0.0362941 0.054733 0.0844207 0.132017 0.207528 0.32402 0.488818 0.652241 0.668864 0.619723 0.648581 0.768876 0.77138 0.559471 0.393832 0.306095 0.282827 0.315029 0.401319 0.546439 0.757565 1.03034 1.3141 1.52184 1.60318 1.35591 1.0083 0.730646 0.546973 0.447782 0.413492 0.422144 0.451061 0.479744 0.489149 0.460141 0.392857 0.313083 0.244614 0.197516 0.174151 0.175022 0.200963 0.251954 0.320307 0.376156 0.372364 0.307441 0.226644 0.158442 0.108455 0.0739214 0.0507758 0.0356573 0.0261936 0.0208563 0.0187756 0.0196132 0.0235062 0.0310779 0.0434971 0.0625339 0.0904519 0.1293 0.178651 0.230706 0.265964 0.264104 0.228657 0.182287 0.142166 0.114152 0.0982772 0.0932857 0.0987391 0.115822 0.147487 0.197768 0.268619 0.349815 0.401983 0.380081 0.306785 0.232975 0.180565 0.152153 0.14537 0.157971 0.188349 0.233371 0.283276 0.316659 0.311104 0.270043 0.218234 0.174262 0.143761 0.125134 0.114404 0.107815 0.103124 0.0997536 0.097953 0.0976611 0.0978657 0.0968005 0.0928976 0.0858909 0.0771578 0.0690281 0.0637818 0.0630796 0.0678809 0.0784975 0.0945115 0.114582 0.136505 0.157883 0.17688 0.191691 0.19902 0.194901 0.178879 0.155946 0.132929 0.114371 0.101722 0.0946029 0.0923263 0.0948896 0.103279 0.119131 0.143911 0.177762 0.218482 0.261965 0.305458 0.350801 0.400847 0.447133 0.460305 0.416161 0.334997 0.251992 0.18397 0.133418 0.0977127 0.0733478 0.0572481 0.0470284 0.0409549 0.0378447 0.0369577 0.0378836 0.0404309 0.0445388 0.0502422 0.0577197 0.0674292 0.0802869 0.097775 0.12177 0.153747 0.192887 0.233071 0.261607 0.266339 0.247823 0.217845 0.187086 0.160261 0.138669 0.123058 0.114488 0.113886 0.121191 0.134434 0.149158 0.159428 0.161249 0.15565 0.147443 0.141164 0.138598 0.138938 0.140262 0.141137 0.141397 0.141663 0.142109 0.141668 0.138634 0.132405 0.124686 0.118891 0.118608 0.126698 0.145361 0.176503 0.221485 0.278945 0.33947 0.380828 0.380084 0.34017 0.284162 0.230181 0.186174 0.154902 0.137483 0.134809 0.147893 0.177294 0.221422 0.274949 0.332126 0.39758 0.489493 0.609463 0.649134 0.513647 0.358807 0.250367 0.184215 0.147164 0.127952 0.118116 0.1116 0.104641 0.095778 0.0854192 0.0748711 0.0653696 0.0575953 0.0516771 0.0474244 0.0445706 0.0429408 0.0425363 0.0435607 0.0464152 0.0516719 0.0599984 0.0719693 0.0876866 0.106212 0.125097 0.140792 0.150583 0.154931 0.157502 0.162367 0.171034 0.181553 0.190146 0.194159 0.19371 0.190742 0.187332 0.184973 0.18474 0.187765 0.195507 0.209218 0.228453 0.249839 0.268628 0.283178 0.295969 0.306704 0.306208 0.284707 0.247614 0.212351 0.193835 0.20047 0.237276 0.307917 0.412352 0.538224 0.650087 0.696435 0.63896 0.501962 0.356343 0.240084 0.157547 0.101993 0.0655904 0.0420736 0.0269956 0.0173634 0.0112176 0.00729499 0.00478761 0.00318101 0.00214802 0.00148051 0.00104595 0.000759823 0.00056822 0.000436804 0.000343814 0.000275572 0.000223575 0.000182603 0.000149475 0.000122244 9.96816e-05 8.0965e-05 6.54888e-05 5.27662e-05 4.23785e-05 3.39543e-05 2.71625e-05 2.17114e-05 1.73489e-05 1.38615e-05 1.10728e-05 8.83962e-06 7.04758e-06 5.60668e-06 4.44653e-06 3.51216e-06 2.76049e-06 2.1574e-06 1.67551e-06 1.29257e-06 9.90226e-07 7.5327e-07 5.69014e-07 4.26902e-07 3.18192e-07 2.35705e-07 1.73604e-07 1.27197e-07 9.27582e-08 6.73636e-08 4.87456e-08 3.51655e-08 2.53042e-08 1.81706e-08 1.30265e-08 9.32665e-09 6.67101e-09 4.76787e-09 3.4056e-09 2.43129e-09 1.7349e-09 1.23735e-09 8.82003e-10 6.28298e-10 4.47229e-10 3.18059e-10 2.25963e-10 1.60348e-10 1.1364e-10 8.04244e-11 5.68314e-11 4.00953e-11 2.82405e-11 1.98564e-11 1.39366e-11 9.7642e-12 6.8286e-12 4.76699e-12 3.32186e-12 2.31076e-12 1.60466e-12 1.11245e-12 7.69977e-13 5.32103e-13 3.67168e-13 2.52996e-13 1.74091e-13 1.19642e-13 8.21231e-14 5.63066e-14 3.85652e-14 2.6388e-14 1.80395e-14 1.23218e-14 8.4099e-15 5.73582e-15 3.90943e-15 2.66298e-15 1.81292e-15 1.23356e-15 8.38945e-16 5.70305e-16 3.87519e-16 2.63209e-16 1.78704e-16 1.21283e-16 8.22812e-17 
4.22538e-17 6.29243e-17 9.36149e-17 1.39124e-16 2.06513e-16 3.06156e-16 4.53263e-16 6.70088e-16 9.89137e-16 1.45778e-15 2.1449e-15 3.1505e-15 4.61941e-15 6.76094e-15 9.87705e-15 1.44024e-14 2.09617e-14 3.04506e-14 4.4152e-14 6.38997e-14 9.23116e-14 1.33121e-13 1.91646e-13 2.75456e-13 3.95323e-13 5.66569e-13 8.10989e-13 1.1596e-12 1.65659e-12 2.36489e-12 3.37436e-12 4.81334e-12 6.86547e-12 9.79392e-12 1.39763e-11 1.99556e-11 2.85128e-11 4.07738e-11 5.83619e-11 8.36198e-11 1.1993e-10 1.72173e-10 2.47395e-10 3.55752e-10 5.11874e-10 7.36801e-10 1.06075e-09 1.527e-09 2.19748e-09 3.16051e-09 4.54178e-09 6.51976e-09 9.34716e-09 1.33811e-08 1.91247e-08 2.7286e-08 3.88588e-08 5.52357e-08 7.83656e-08 1.10972e-07 1.56856e-07 2.21315e-07 3.11728e-07 4.38347e-07 6.15396e-07 8.62558e-07 1.20698e-06 1.68598e-06 2.35056e-06 3.2701e-06 4.53839e-06 6.28131e-06 8.66668e-06 1.19166e-05 1.63232e-05 2.22681e-05 3.0248e-05 4.09073e-05 5.50812e-05 7.38523e-05 9.86268e-05 0.000131233 0.000174049 0.000230145 0.000303455 0.000398904 0.000522474 0.000681076 0.000882133 0.0011327 0.00143812 0.00180017 0.00221528 0.00267346 0.00315924 0.0036557 0.00415255 0.00465781 0.00521209 0.00590446 0.00689072 0.00841859 0.0108685 0.0148236 0.0211849 0.0313533 0.0474923 0.0728609 0.112092 0.170916 0.253724 0.355124 0.445823 0.492577 0.526114 0.615283 0.796838 0.829507 0.571629 0.389517 0.291526 0.256752 0.272872 0.33578 0.446845 0.608129 0.811342 1.02015 1.17575 1.21321 1.05222 0.809005 0.602593 0.459626 0.377148 0.344251 0.34861 0.37824 0.419535 0.449482 0.435993 0.37344 0.294099 0.226464 0.18064 0.157443 0.155408 0.172838 0.206535 0.247596 0.277044 0.273657 0.23641 0.184761 0.136065 0.0971825 0.0685416 0.048371 0.0346449 0.0257098 0.0204017 0.0180123 0.018237 0.0211447 0.0271753 0.0371464 0.0522109 0.0736221 0.102015 0.135807 0.168885 0.190252 0.190501 0.171245 0.143475 0.117618 0.0989538 0.089022 0.0881668 0.0973008 0.118976 0.158117 0.222378 0.32062 0.451364 0.554201 0.507772 0.378219 0.269165 0.198861 0.161457 0.150066 0.160668 0.191538 0.240351 0.297603 0.338399 0.333714 0.287786 0.231943 0.187474 0.159442 0.144776 0.137837 0.133481 0.128997 0.124413 0.120978 0.119276 0.118325 0.115976 0.110248 0.100794 0.0893231 0.078639 0.0713377 0.0691419 0.0728721 0.0825689 0.0974287 0.115588 0.134184 0.150192 0.161642 0.167791 0.16804 0.161667 0.149305 0.133813 0.118912 0.107232 0.0996394 0.0958343 0.0954101 0.0987115 0.107085 0.122457 0.146428 0.179087 0.217984 0.258596 0.297584 0.336043 0.376198 0.410767 0.416811 0.376725 0.305829 0.232097 0.170551 0.124193 0.0911239 0.0683845 0.0532906 0.0437419 0.0382072 0.0356337 0.0353476 0.0369561 0.040256 0.0451659 0.0517166 0.0601392 0.0710764 0.0858951 0.106999 0.137926 0.182767 0.243643 0.313706 0.366424 0.366556 0.317649 0.255351 0.201877 0.161773 0.133137 0.113622 0.101868 0.0971159 0.0984259 0.104052 0.111272 0.117048 0.119426 0.118593 0.11642 0.114945 0.11522 0.117181 0.120244 0.124006 0.12853 0.133933 0.139523 0.143256 0.142522 0.136224 0.126178 0.116211 0.11016 0.11074 0.119579 0.137501 0.164275 0.197371 0.230135 0.25194 0.253919 0.236429 0.207904 0.177418 0.150792 0.131006 0.119578 0.117527 0.125761 0.144928 0.174993 0.215534 0.268338 0.341627 0.449331 0.587048 0.64029 0.509106 0.356572 0.2494 0.183125 0.144519 0.122604 0.109601 0.100474 0.0924195 0.0843686 0.0763935 0.0690566 0.0628786 0.0580661 0.0544989 0.0518802 0.049941 0.0486156 0.0481295 0.0489964 0.0519606 0.0579375 0.0679407 0.0829048 0.103228 0.12788 0.153321 0.173532 0.18313 0.182143 0.176505 0.173165 0.175685 0.183505 0.193614 0.202776 0.208878 0.211197 0.210348 0.20802 0.20634 0.207544 0.21402 0.227612 0.247453 0.267769 0.279669 0.278547 0.267995 0.253301 0.235129 0.212115 0.186768 0.166007 0.157317 0.166364 0.196951 0.250866 0.325449 0.408401 0.474397 0.494079 0.454156 0.370547 0.275905 0.193579 0.131008 0.0867765 0.0567555 0.0368588 0.0238577 0.0154337 0.0100013 0.00650647 0.00425968 0.00281436 0.0018829 0.00128061 0.000889077 0.000632376 0.000461891 0.00034653 0.000266482 0.000209197 0.000166785 0.000134329 0.000108778 8.82401e-05 7.15156e-05 5.78159e-05 4.6587e-05 3.741e-05 2.99465e-05 2.39103e-05 1.90547e-05 1.51665e-05 1.20635e-05 9.59187e-06 7.62445e-06 6.05755e-06 4.80808e-06 3.81018e-06 3.01217e-06 2.37362e-06 1.86287e-06 1.45503e-06 1.13034e-06 8.7292e-07 6.6992e-07 5.10821e-07 3.86979e-07 2.91278e-07 2.17875e-07 1.61997e-07 1.19772e-07 8.80911e-08 6.44814e-08 4.69973e-08 3.41241e-08 2.46954e-08 1.78216e-08 1.28307e-08 9.21949e-09 6.61418e-09 4.73908e-09 3.39211e-09 2.42599e-09 1.73383e-09 1.23839e-09 8.84e-10 6.30637e-10 4.4959e-10 3.20278e-10 2.27963e-10 1.62099e-10 1.15139e-10 8.16839e-11 5.78729e-11 4.09443e-11 2.89235e-11 2.03992e-11 1.43632e-11 1.00959e-11 7.08403e-12 4.96187e-12 3.46927e-12 2.42137e-12 1.68703e-12 1.17336e-12 8.14716e-13 5.64761e-13 3.90868e-13 2.70101e-13 1.86372e-13 1.28417e-13 8.83651e-14 6.07277e-14 4.16842e-14 2.85803e-14 1.95751e-14 1.3394e-14 9.15634e-15 6.25406e-15 4.26834e-15 2.91098e-15 1.98392e-15 1.35126e-15 9.19817e-16 6.2579e-16 4.25536e-16 2.89227e-16 1.96492e-16 1.33434e-16 9.05751e-17 6.14578e-17 
3.15763e-17 4.69503e-17 6.9735e-17 1.03457e-16 1.53296e-16 2.26841e-16 3.35199e-16 4.94586e-16 7.28631e-16 1.0717e-15 1.57368e-15 2.30683e-15 3.37561e-15 4.93074e-15 7.18929e-15 1.04633e-14 1.52005e-14 2.20425e-14 3.1907e-14 4.61051e-14 6.65078e-14 9.57825e-14 1.37729e-13 1.97759e-13 2.83575e-13 4.06146e-13 5.81087e-13 8.30655e-13 1.18658e-12 1.69417e-12 2.41816e-12 3.45118e-12 4.92598e-12 7.03304e-12 1.0046e-11 1.43587e-11 2.05381e-11 2.94016e-11 4.2128e-11 6.0418e-11 8.67252e-11 1.24588e-10 1.79107e-10 2.57624e-10 3.70698e-10 5.33491e-10 7.67729e-10 1.10449e-09 1.58813e-09 2.28181e-09 3.27527e-09 4.69569e-09 6.72296e-09 9.61086e-09 1.37168e-08 1.95428e-08 2.77936e-08 3.94556e-08 5.59085e-08 7.90789e-08 1.11653e-07 1.57373e-07 2.21436e-07 3.11057e-07 4.36216e-07 6.10683e-07 8.53388e-07 1.19024e-06 1.65652e-06 2.30003e-06 3.18508e-06 4.39771e-06 6.05224e-06 8.29962e-06 1.1338e-05 1.54264e-05 2.09019e-05 2.82021e-05 3.78951e-05 5.07176e-05 6.76251e-05 8.9855e-05 0.000119002 0.000157106 0.000206731 0.000271025 0.000353714 0.000458981 0.00059117 0.000754268 0.000951159 0.00118278 0.00144741 0.00174065 0.00205657 0.00239074 0.00274546 0.00313731 0.00360671 0.00422995 0.00513476 0.00652291 0.00870518 0.0121561 0.0175963 0.0261071 0.0392678 0.0592631 0.088801 0.130448 0.184693 0.246539 0.304639 0.352432 0.403491 0.480294 0.570025 0.570324 0.451457 0.329623 0.251971 0.219479 0.226494 0.269632 0.347798 0.458711 0.592106 0.722486 0.811995 0.822125 0.736954 0.600275 0.469478 0.371238 0.310756 0.28489 0.288188 0.314305 0.353071 0.383442 0.376408 0.325996 0.258787 0.200012 0.159402 0.13778 0.133143 0.142672 0.162203 0.184542 0.199077 0.196373 0.175606 0.144624 0.11245 0.0843826 0.0621295 0.04548 0.0335498 0.0253959 0.0202577 0.017629 0.0172685 0.0191936 0.0236713 0.0311907 0.0423713 0.0577135 0.0770642 0.0987478 0.118791 0.131556 0.132888 0.123537 0.10861 0.0938468 0.0831019 0.0783533 0.0808569 0.0923508 0.11606 0.1576 0.22573 0.331661 0.478832 0.604248 0.54664 0.397009 0.278411 0.203835 0.163984 0.150402 0.158294 0.185458 0.229229 0.280388 0.316692 0.31363 0.274926 0.227609 0.191235 0.170957 0.163589 0.162507 0.161268 0.156806 0.150166 0.144011 0.139728 0.136448 0.131833 0.123754 0.111907 0.0981833 0.0855612 0.0766738 0.073126 0.0755041 0.083546 0.0961335 0.111153 0.125639 0.13664 0.142487 0.143199 0.139625 0.132647 0.123379 0.11352 0.104944 0.0989027 0.0956525 0.0947888 0.0960182 0.0998622 0.107818 0.121864 0.143528 0.17281 0.207386 0.243089 0.276437 0.306911 0.334548 0.353558 0.350743 0.317713 0.263414 0.205066 0.154137 0.114335 0.0851598 0.0647205 0.0510151 0.0423618 0.0374837 0.0354822 0.0357737 0.0380142 0.042019 0.0477031 0.055083 0.0644016 0.0764256 0.0929199 0.11724 0.154926 0.214041 0.304057 0.427467 0.542886 0.533542 0.416237 0.301927 0.220066 0.165736 0.130205 0.107154 0.0928786 0.0852932 0.0829381 0.084334 0.0877789 0.0916055 0.0947155 0.0969383 0.0988468 0.101176 0.104331 0.108296 0.112891 0.1181 0.124144 0.131088 0.138079 0.142877 0.142659 0.136125 0.124932 0.112748 0.103177 0.0986135 0.10025 0.108366 0.12228 0.139877 0.157207 0.169188 0.17199 0.165406 0.152616 0.137781 0.124136 0.113583 0.107154 0.105654 0.110053 0.121512 0.141268 0.170963 0.213741 0.274846 0.357318 0.443537 0.470752 0.403988 0.306744 0.227736 0.174743 0.141814 0.1215 0.108024 0.0977612 0.0889296 0.0810338 0.0742596 0.0689621 0.0653187 0.0631673 0.0620167 0.0612166 0.060243 0.0589887 0.0579 0.0578959 0.060171 0.0660388 0.0768622 0.093936 0.11803 0.148232 0.180118 0.205017 0.214253 0.207349 0.193243 0.182264 0.180057 0.187311 0.20161 0.218855 0.234088 0.243036 0.244517 0.240916 0.235844 0.232457 0.233795 0.24245 0.257888 0.273503 0.278499 0.266911 0.243179 0.215594 0.188912 0.164536 0.143786 0.12934 0.124523 0.132268 0.154467 0.191154 0.238781 0.288017 0.323919 0.331965 0.307239 0.258084 0.200015 0.146006 0.102249 0.0696403 0.0465694 0.0307757 0.0201913 0.0131956 0.00861315 0.00562857 0.00369119 0.00243559 0.00162192 0.00109388 0.000750044 0.000524825 0.00037589 0.000275987 0.000207633 0.000159664 0.000124991 9.91434e-05 7.93134e-05 6.37355e-05 5.12881e-05 4.12393e-05 3.30898e-05 2.64788e-05 2.11291e-05 1.68174e-05 1.33579e-05 1.05939e-05 8.39332e-06 6.64561e-06 5.25945e-06 4.16037e-06 3.28847e-06 2.59609e-06 2.0457e-06 1.60787e-06 1.25959e-06 9.82815e-07 7.63309e-07 5.89776e-07 4.53165e-07 3.4617e-07 2.62858e-07 1.984e-07 1.48863e-07 1.11054e-07 8.23937e-08 6.08151e-08 4.46735e-08 3.2673e-08 2.38024e-08 1.72797e-08 1.25064e-08 9.02802e-09 6.50267e-09 4.67508e-09 3.35602e-09 2.4061e-09 1.72327e-09 1.23314e-09 8.81734e-10 6.30025e-10 4.49862e-10 3.20989e-10 2.2886e-10 1.63035e-10 1.16035e-10 8.24976e-11 5.85863e-11 4.15534e-11 2.94325e-11 2.08171e-11 1.4701e-11 1.03652e-11 7.29612e-12 5.12703e-12 3.59658e-12 2.51857e-12 1.76059e-12 1.22858e-12 8.55849e-13 5.95186e-13 4.13223e-13 2.86425e-13 1.98223e-13 1.36973e-13 9.45112e-14 6.51214e-14 4.48111e-14 3.07962e-14 2.11393e-14 1.44942e-14 9.92745e-15 6.79283e-15 4.64367e-15 3.17174e-15 2.16464e-15 1.47622e-15 1.00604e-15 6.85171e-16 4.66363e-16 3.17253e-16 2.15706e-16 1.4659e-16 9.95734e-17 6.76068e-17 4.58831e-17 
2.35401e-17 3.49452e-17 5.18168e-17 7.67402e-17 1.13504e-16 1.67648e-16 2.47264e-16 3.64138e-16 5.35413e-16 7.85975e-16 1.15187e-15 1.68524e-15 2.4613e-15 3.58844e-15 5.22254e-15 7.58736e-15 1.10037e-14 1.59308e-14 2.30249e-14 3.32237e-14 4.78644e-14 6.88539e-14 9.89092e-14 1.41902e-13 2.03346e-13 2.91101e-13 4.16371e-13 5.95142e-13 8.50239e-13 1.21429e-12 1.734e-12 2.47627e-12 3.53711e-12 5.05444e-12 7.22656e-12 1.0339e-11 1.48031e-11 2.12116e-11 3.04197e-11 4.36599e-11 6.27093e-11 9.01278e-11 1.296e-10 1.86424e-10 2.68205e-10 3.85843e-10 5.54933e-10 7.97739e-10 1.14598e-09 1.64476e-09 2.35803e-09 3.37632e-09 4.82749e-09 6.89172e-09 9.82247e-09 1.39756e-08 1.98497e-08 2.81429e-08 3.98302e-08 5.62717e-08 7.93617e-08 1.11734e-07 1.57041e-07 2.20341e-07 3.08609e-07 4.31443e-07 6.01986e-07 8.38162e-07 1.16429e-06 1.61317e-06 2.2288e-06 3.06986e-06 4.21406e-06 5.76389e-06 7.85371e-06 1.0659e-05 1.44082e-05 1.93983e-05 2.60142e-05 3.47549e-05 4.62652e-05 6.13753e-05 8.11461e-05 0.000106916 0.000140343 0.000183422 0.000238468 0.000308018 0.000394653 0.000500709 0.000627911 0.00077702 0.000947676 0.00113869 0.00134914 0.00158055 0.00184044 0.00214746 0.00253813 0.00307588 0.0038635 0.00506094 0.00691164 0.00978037 0.0142043 0.020953 0.0310789 0.0459054 0.0668469 0.0948877 0.129632 0.168433 0.207358 0.245246 0.286337 0.333198 0.370807 0.36622 0.313777 0.248628 0.199776 0.176718 0.180064 0.208474 0.260192 0.331509 0.413592 0.490228 0.540338 0.546013 0.504181 0.432968 0.358097 0.296816 0.256063 0.236872 0.237658 0.254817 0.280487 0.299343 0.293264 0.258566 0.210603 0.166456 0.13453 0.116463 0.110886 0.115206 0.125795 0.137679 0.145006 0.14322 0.131599 0.11328 0.0926854 0.0732014 0.0565582 0.0432478 0.0331119 0.0257595 0.0207948 0.0179219 0.0169851 0.0179807 0.0210483 0.0264339 0.0343956 0.0450085 0.0578407 0.0715672 0.083819 0.091764 0.0935349 0.0895086 0.0821297 0.0745089 0.0692249 0.0680894 0.0726132 0.0847098 0.107389 0.145311 0.20479 0.291359 0.39804 0.473788 0.443335 0.345703 0.255317 0.193787 0.159276 0.14642 0.151323 0.171545 0.203817 0.24001 0.264693 0.263439 0.238836 0.207957 0.185343 0.176118 0.177855 0.183652 0.186057 0.181782 0.173045 0.163935 0.156526 0.150087 0.142411 0.131666 0.117794 0.102687 0.0891085 0.0794052 0.0748966 0.0758912 0.0818613 0.0915003 0.10272 0.112898 0.119648 0.121817 0.119815 0.114956 0.108623 0.102015 0.09622 0.0921338 0.0901756 0.0901567 0.0915469 0.0940767 0.0982965 0.105652 0.117966 0.136566 0.161417 0.190609 0.220793 0.248758 0.272647 0.290711 0.29869 0.290308 0.262976 0.222193 0.177791 0.137478 0.10472 0.0799578 0.0622452 0.0502534 0.0427251 0.0386436 0.0372753 0.0381509 0.0410079 0.0457097 0.0521743 0.0603711 0.0704674 0.0832015 0.1005 0.126294 0.167525 0.235473 0.347595 0.528555 0.783565 0.745699 0.500708 0.33516 0.23257 0.169305 0.129722 0.104524 0.0885579 0.079068 0.074456 0.0735367 0.075222 0.0785299 0.0827436 0.0875124 0.0927606 0.0984625 0.104459 0.110446 0.116132 0.121453 0.126642 0.131914 0.13679 0.139603 0.138103 0.131171 0.120039 0.107585 0.0966873 0.0892645 0.0862468 0.0878039 0.0933964 0.101665 0.110452 0.117305 0.120476 0.119749 0.116339 0.111962 0.107894 0.104628 0.10221 0.100947 0.101905 0.106853 0.117866 0.137126 0.166927 0.208866 0.260095 0.306031 0.320693 0.293465 0.245098 0.199344 0.165214 0.141846 0.125427 0.112612 0.101544 0.0917215 0.0834506 0.0772962 0.0736843 0.0726551 0.0737192 0.0758358 0.0776268 0.0779002 0.0762936 0.0735768 0.0713714 0.0715789 0.0759884 0.086204 0.103655 0.129247 0.162128 0.197408 0.224761 0.23326 0.222135 0.202566 0.187296 0.183543 0.19319 0.2146 0.242939 0.269832 0.286087 0.288338 0.280998 0.270063 0.259142 0.25126 0.249712 0.254935 0.26125 0.25884 0.241975 0.214189 0.183264 0.154716 0.130823 0.112517 0.100768 0.0968049 0.101744 0.11607 0.138927 0.167185 0.194781 0.213602 0.216676 0.201976 0.173547 0.138886 0.104968 0.075963 0.0532547 0.0364963 0.0246153 0.016421 0.0108763 0.007174 0.0047245 0.00311399 0.00205937 0.00137029 0.000920288 0.000626023 0.000432901 0.000305316 0.000220136 0.000162395 0.00012245 9.41221e-05 7.34728e-05 5.8e-05 4.61155e-05 3.68047e-05 2.94078e-05 2.34825e-05 1.87189e-05 1.48885e-05 1.18149e-05 9.35655e-06 7.39723e-06 5.84085e-06 4.60784e-06 3.63278e-06 2.86242e-06 2.25386e-06 1.77292e-06 1.39257e-06 1.09159e-06 8.53376e-07 6.6494e-07 5.16083e-07 3.98767e-07 3.06612e-07 2.34523e-07 1.78408e-07 1.34966e-07 1.01537e-07 7.59702e-08 5.65412e-08 4.18693e-08 3.08579e-08 2.26428e-08 1.65481e-08 1.20502e-08 8.74677e-09 6.33106e-09 4.57138e-09 3.29393e-09 2.36928e-09 1.70168e-09 1.22066e-09 8.74692e-10 6.26201e-10 4.47931e-10 3.20162e-10 2.2866e-10 1.63179e-10 1.16351e-10 8.28851e-11 5.89855e-11 4.19311e-11 2.9772e-11 2.11115e-11 1.49496e-11 1.05708e-11 7.46302e-12 5.26052e-12 3.70193e-12 2.60073e-12 1.82398e-12 1.27701e-12 8.92523e-13 6.22726e-13 4.33746e-13 3.0161e-13 2.09384e-13 1.45126e-13 1.00432e-13 6.9398e-14 4.78844e-14 3.29943e-14 2.27044e-14 1.5604e-14 1.07113e-14 7.34446e-15 5.03056e-15 3.44224e-15 2.35321e-15 1.60731e-15 1.09695e-15 7.48074e-16 5.09794e-16 3.47184e-16 2.36296e-16 1.60733e-16 1.09274e-16 7.42523e-17 5.04306e-17 3.42356e-17 
1.75072e-17 2.59467e-17 3.84085e-17 5.6783e-17 8.38347e-17 1.23599e-16 1.81956e-16 2.67457e-16 3.92515e-16 5.75115e-16 8.41268e-16 1.22852e-15 1.791e-15 2.60654e-15 3.78697e-15 5.49267e-15 7.95333e-15 1.14976e-14 1.65949e-14 2.39156e-14 3.44161e-14 4.94603e-14 7.09924e-14 1.01784e-13 1.45788e-13 2.08641e-13 2.98391e-13 4.26532e-13 6.09498e-13 8.70815e-13 1.24419e-12 1.77798e-12 2.54163e-12 3.63499e-12 5.20173e-12 7.44875e-12 1.06741e-11 1.53075e-11 2.1968e-11 3.15477e-11 4.53314e-11 6.51677e-11 9.37136e-11 1.34783e-10 1.93844e-10 2.78718e-10 4.00576e-10 5.75341e-10 8.2566e-10 1.18368e-09 1.69492e-09 2.42373e-09 3.46087e-09 4.93409e-09 7.02293e-09 9.97917e-09 1.41554e-08 2.00444e-08 2.83339e-08 3.99821e-08 5.63212e-08 7.91998e-08 1.11177e-07 1.55784e-07 2.17882e-07 3.04132e-07 4.23629e-07 5.88729e-07 8.16134e-07 1.1283e-06 1.55525e-06 2.1369e-06 2.92605e-06 3.99214e-06 5.42617e-06 7.34695e-06 9.90907e-06 1.33133e-05 1.78197e-05 2.37645e-05 3.158e-05 4.18192e-05 5.5182e-05 7.25407e-05 9.49602e-05 0.000123703 0.000160207 0.000206032 0.000262749 0.000331804 0.000414356 0.000511177 0.00062271 0.000749459 0.00089287 0.00105693 0.00125066 0.0014916 0.00181077 0.00225924 0.00291737 0.00390776 0.00541305 0.00769951 0.0111446 0.0162624 0.0237088 0.034235 0.0485369 0.0669621 0.0891399 0.113855 0.139656 0.166015 0.193237 0.219293 0.235982 0.23256 0.208337 0.175783 0.14885 0.135352 0.137883 0.156481 0.189768 0.234541 0.284669 0.330729 0.361839 0.369788 0.353578 0.320549 0.281765 0.246328 0.219535 0.203822 0.199712 0.205566 0.216283 0.222721 0.215495 0.192658 0.161519 0.131632 0.108959 0.0953974 0.0903846 0.0920968 0.097916 0.104625 0.108894 0.108264 0.102085 0.091538 0.078712 0.0655622 0.0533993 0.0428857 0.034248 0.02749 0.0225341 0.0192979 0.0177351 0.0178558 0.0197291 0.0234545 0.0290892 0.0365161 0.0452658 0.0543676 0.0623857 0.0678054 0.0697038 0.0682838 0.0648259 0.0611298 0.0589427 0.0597482 0.0649251 0.0760977 0.0954808 0.125975 0.170445 0.228795 0.290763 0.328927 0.31757 0.269216 0.215789 0.17499 0.150438 0.14056 0.143105 0.156 0.176174 0.197692 0.211691 0.211333 0.198497 0.182649 0.173125 0.174081 0.183667 0.195245 0.201071 0.19784 0.188435 0.177618 0.167721 0.158183 0.147312 0.134015 0.118689 0.103107 0.0895323 0.0797785 0.0747701 0.0745476 0.0784076 0.0850052 0.0924733 0.0987406 0.102137 0.102029 0.0989804 0.094263 0.0892101 0.0848776 0.0819985 0.0809644 0.0817491 0.0839142 0.0868642 0.0903326 0.0948108 0.101567 0.112167 0.127734 0.148288 0.172443 0.197719 0.221342 0.240767 0.253265 0.255501 0.244713 0.221166 0.189099 0.154634 0.122812 0.0963268 0.0758956 0.061111 0.0511072 0.044948 0.0418301 0.0411795 0.0426679 0.0461604 0.0516116 0.0589526 0.0680512 0.0788587 0.0918407 0.108694 0.133233 0.172322 0.236913 0.34306 0.509789 0.71819 0.691055 0.484017 0.32976 0.231686 0.170567 0.131851 0.106543 0.0896727 0.0787321 0.0724624 0.0700959 0.0710051 0.0746104 0.0803897 0.0878663 0.0965384 0.105799 0.114916 0.123092 0.129592 0.13397 0.136318 0.137185 0.136964 0.135211 0.130797 0.123022 0.112538 0.101065 0.090433 0.0819631 0.0764015 0.0740123 0.0745937 0.0774614 0.0815543 0.0857516 0.0893218 0.0922192 0.0949569 0.0980643 0.101458 0.104205 0.105049 0.103559 0.100937 0.0997153 0.102726 0.112298 0.129854 0.15522 0.184952 0.210746 0.222231 0.21577 0.198236 0.179138 0.163147 0.149991 0.137658 0.124917 0.112007 0.100113 0.0906139 0.0846296 0.0828171 0.0852251 0.0910641 0.0984697 0.104647 0.106872 0.104101 0.0977855 0.091023 0.0869958 0.0880878 0.0958953 0.111515 0.135429 0.166434 0.199543 0.224772 0.231817 0.220128 0.200592 0.185957 0.184153 0.198331 0.228108 0.268594 0.308061 0.331161 0.331982 0.318686 0.300517 0.280769 0.261699 0.247275 0.239383 0.234366 0.224951 0.206414 0.180381 0.152107 0.126081 0.104606 0.0885568 0.0783238 0.0742112 0.0763925 0.0846264 0.0978422 0.113722 0.128611 0.138215 0.139144 0.130467 0.114097 0.0936828 0.0729152 0.0543528 0.0391746 0.0275204 0.0189658 0.0128873 0.00866886 0.00579124 0.00385282 0.00255895 0.00170092 0.00113441 0.000761318 0.000515767 0.000353918 0.000246805 0.000175394 0.000127241 9.42531e-05 7.11923e-05 5.46853e-05 4.25681e-05 3.34544e-05 2.64528e-05 2.09837e-05 1.66623e-05 1.32244e-05 1.04814e-05 8.29235e-06 6.54835e-06 5.16245e-06 4.0642e-06 3.19613e-06 2.5114e-06 1.97201e-06 1.54738e-06 1.21312e-06 9.49925e-07 7.4261e-07 5.79279e-07 4.50634e-07 3.49402e-07 2.69877e-07 2.07561e-07 1.58893e-07 1.21039e-07 9.17344e-08 6.91662e-08 5.18821e-08 3.8721e-08 2.87579e-08 2.12593e-08 1.56475e-08 1.14705e-08 8.37756e-09 6.09819e-09 4.4258e-09 3.20365e-09 2.31371e-09 1.66769e-09 1.20003e-09 8.62267e-10 6.18803e-10 4.43603e-10 3.177e-10 2.27329e-10 1.62526e-10 1.16097e-10 8.28592e-11 5.90826e-11 4.20872e-11 2.99487e-11 2.12866e-11 1.51111e-11 1.07131e-11 7.58444e-12 5.36157e-12 3.78435e-12 2.66685e-12 1.87627e-12 1.31785e-12 9.24063e-13 6.46841e-13 4.52015e-13 3.15335e-13 2.19616e-13 1.52699e-13 1.06e-13 7.34667e-14 5.08403e-14 3.51303e-14 2.42401e-14 1.67028e-14 1.14941e-14 7.89982e-15 5.42305e-15 3.71861e-15 2.54717e-15 1.74301e-15 1.1916e-15 8.13922e-16 5.55489e-16 3.7882e-16 2.58154e-16 1.75805e-16 1.19649e-16 8.13825e-17 5.53238e-17 3.75894e-17 2.55272e-17 
1.29897e-17 1.92197e-17 2.8402e-17 4.19159e-17 6.17744e-17 9.09104e-17 1.33589e-16 1.96002e-16 2.87122e-16 4.19926e-16 6.13156e-16 8.93826e-16 1.30082e-15 1.89e-15 2.74153e-15 3.97031e-15 5.74076e-15 8.288e-15 1.19479e-14 1.72e-14 2.47285e-14 3.55096e-14 5.09357e-14 7.29932e-14 1.04517e-13 1.49556e-13 2.13894e-13 3.05804e-13 4.3713e-13 6.24841e-13 8.93281e-13 1.2774e-12 1.82745e-12 2.61568e-12 3.74612e-12 5.36859e-12 7.69889e-12 1.10479e-11 1.58634e-11 2.27898e-11 3.27545e-11 4.70897e-11 6.77079e-11 9.73502e-11 1.39939e-10 2.01077e-10 2.88752e-10 4.14333e-10 5.93962e-10 8.50517e-10 1.21635e-09 1.73714e-09 2.47722e-09 3.52706e-09 5.01362e-09 7.1148e-09 1.00794e-08 1.42547e-08 2.01248e-08 2.83629e-08 3.99034e-08 5.604e-08 7.85592e-08 1.0992e-07 1.53496e-07 2.13896e-07 2.97392e-07 4.12474e-07 5.70582e-07 7.8705e-07 1.08232e-06 1.48351e-06 2.0264e-06 2.75802e-06 3.73993e-06 5.05239e-06 6.79979e-06 9.11753e-06 1.21806e-05 1.62143e-05 2.1507e-05 2.84247e-05 3.74265e-05 4.90782e-05 6.40625e-05 8.31788e-05 0.00010733 0.000137489 0.000174648 0.000219758 0.00027368 0.000337192 0.000411134 0.000496762 0.000596448 0.000714828 0.000860553 0.00104877 0.00130459 0.00166781 0.00219933 0.00298989 0.0041712 0.00592916 0.00851684 0.0122613 0.0175536 0.0248042 0.034348 0.0463022 0.0604349 0.0761744 0.0928425 0.109895 0.126591 0.140915 0.149013 0.147236 0.135914 0.120174 0.106588 0.099969 0.102691 0.115317 0.137108 0.166004 0.198406 0.229331 0.253451 0.266833 0.268419 0.260049 0.244956 0.226339 0.207194 0.190525 0.178785 0.172643 0.169983 0.166226 0.156781 0.140442 0.12023 0.100805 0.085671 0.0763119 0.0726083 0.0734506 0.0771427 0.0816828 0.0851101 0.0859617 0.0836421 0.0784427 0.0711988 0.0628553 0.054201 0.0458203 0.0381492 0.0315221 0.026184 0.022293 0.01994 0.0191822 0.0200669 0.0226277 0.0268359 0.0325103 0.0392078 0.0461566 0.0523254 0.0566894 0.0586295 0.0582426 0.0563515 0.0542207 0.0531996 0.0545154 0.0592804 0.0686365 0.0838781 0.106324 0.136558 0.172555 0.207022 0.227573 0.225309 0.204591 0.178192 0.156025 0.14193 0.136121 0.137633 0.145096 0.156262 0.167398 0.173951 0.173161 0.166683 0.15996 0.158721 0.165783 0.179503 0.194034 0.202391 0.201491 0.193789 0.183452 0.172534 0.160772 0.147315 0.132065 0.115968 0.100639 0.0877394 0.0784634 0.0733109 0.0721028 0.0740701 0.0779613 0.0822263 0.0853495 0.0862899 0.0848259 0.0815613 0.077569 0.0739422 0.0715148 0.0707738 0.0718413 0.0744654 0.0780895 0.082098 0.086214 0.0908292 0.0970001 0.106045 0.118941 0.135818 0.155762 0.176977 0.19712 0.213465 0.222916 0.222596 0.211262 0.190435 0.163954 0.136264 0.110855 0.0896735 0.0733446 0.061648 0.0539372 0.0494451 0.0475016 0.0476755 0.0498213 0.0540154 0.0603908 0.0689308 0.0793355 0.0911268 0.104143 0.11939 0.139924 0.171331 0.221419 0.298003 0.399743 0.48796 0.480758 0.388828 0.292232 0.220357 0.171554 0.138285 0.114574 0.0971305 0.0846118 0.0765978 0.0729219 0.0733986 0.0777602 0.0856209 0.0963892 0.109161 0.122706 0.13561 0.146431 0.153772 0.156495 0.154368 0.14851 0.140758 0.132405 0.123668 0.11427 0.104237 0.0940821 0.0845161 0.0761986 0.069668 0.0652885 0.0631616 0.0630922 0.0646859 0.0675625 0.0715878 0.0769669 0.0840559 0.0928567 0.102368 0.110297 0.113863 0.111692 0.105218 0.0979975 0.0937674 0.0950945 0.103028 0.117021 0.134677 0.151896 0.164575 0.171406 0.174492 0.17638 0.176934 0.173474 0.163755 0.148469 0.130829 0.114494 0.102235 0.0957786 0.0960802 0.103384 0.116781 0.133331 0.147592 0.15333 0.147755 0.134047 0.118699 0.107292 0.10288 0.106582 0.118524 0.138129 0.163426 0.189653 0.208854 0.213676 0.204184 0.188909 0.178439 0.180364 0.198716 0.234325 0.282819 0.330589 0.357702 0.356318 0.33795 0.314188 0.287527 0.259316 0.234044 0.214981 0.200577 0.186067 0.16775 0.145621 0.122349 0.100829 0.082898 0.0693692 0.0604809 0.0562149 0.0563712 0.0604655 0.067542 0.0760229 0.0837691 0.0885013 0.0885207 0.0833553 0.0738982 0.061937 0.0494053 0.037796 0.0279431 0.0201022 0.0141548 0.00980314 0.00670441 0.00454279 0.00305827 0.00205074 0.00137302 0.000920102 0.000618778 0.000418818 0.000286194 0.00019807 0.000139243 9.9656e-05 7.26952e-05 5.40367e-05 4.08671e-05 3.13636e-05 2.43479e-05 1.90572e-05 1.49943e-05 1.18303e-05 9.34253e-06 7.3754e-06 5.81608e-06 4.57978e-06 3.60083e-06 2.8272e-06 2.21716e-06 1.73708e-06 1.35984e-06 1.06372e-06 8.31396e-07 6.49134e-07 5.06134e-07 3.93929e-07 3.05903e-07 2.36888e-07 1.82846e-07 1.40609e-07 1.07686e-07 8.21089e-08 6.23175e-08 4.70717e-08 3.5385e-08 2.6473e-08 1.97131e-08 1.46133e-08 1.07865e-08 7.9298e-09 5.80796e-09 4.23936e-09 3.08485e-09 2.23855e-09 1.62045e-09 1.17051e-09 8.43914e-10 6.0746e-10 4.36641e-10 3.13469e-10 2.24795e-10 1.61044e-10 1.15264e-10 8.24223e-11 5.88845e-11 4.20291e-11 2.99689e-11 2.13471e-11 1.51887e-11 1.07941e-11 7.66126e-12 5.43037e-12 3.84364e-12 2.71651e-12 1.91695e-12 1.35058e-12 9.5e-13 6.67125e-13 4.67696e-13 3.27333e-13 2.2871e-13 1.59534e-13 1.11098e-13 7.72409e-14 5.36163e-14 3.71594e-14 2.57148e-14 1.77689e-14 1.22609e-14 8.44876e-15 5.81431e-15 3.99634e-15 2.74355e-15 1.88137e-15 1.28877e-15 8.8194e-16 6.02965e-16 4.11869e-16 2.81102e-16 1.91703e-16 1.3064e-16 8.8966e-17 6.05469e-17 4.1181e-17 2.79933e-17 1.90186e-17 
9.61576e-18 1.42038e-17 2.0954e-17 3.08704e-17 4.54158e-17 6.67175e-17 9.7864e-17 1.43331e-16 2.09593e-16 3.06003e-16 4.46047e-16 6.49138e-16 9.43188e-16 1.36826e-15 1.98181e-15 2.8661e-15 4.13883e-15 5.96825e-15 8.59469e-15 1.23613e-14 1.7758e-14 2.54838e-14 3.65367e-14 5.23417e-14 7.49341e-14 1.07224e-13 1.53372e-13 2.19338e-13 3.1366e-13 4.48587e-13 6.417e-13 9.18267e-13 1.31462e-12 1.88304e-12 2.69879e-12 3.87023e-12 5.55341e-12 7.973e-12 1.14523e-11 1.64561e-11 2.36525e-11 3.40001e-11 4.88727e-11 7.02366e-11 1.00901e-10 1.44871e-10 2.07851e-10 2.97941e-10 4.26632e-10 6.10181e-10 8.7155e-10 1.24311e-09 1.7704e-09 2.51738e-09 3.57371e-09 5.06484e-09 7.166e-09 1.01215e-08 1.42711e-08 2.00867e-08 2.82218e-08 3.9579e-08 5.54017e-08 7.73962e-08 1.07897e-07 1.50082e-07 2.08263e-07 2.88259e-07 3.97885e-07 5.47587e-07 7.51259e-07 1.02729e-06 1.3999e-06 1.9009e-06 2.57183e-06 3.46685e-06 4.65627e-06 6.23109e-06 8.30861e-06 1.10392e-05 1.46142e-05 1.92749e-05 2.53211e-05 3.31193e-05 4.31076e-05 5.57954e-05 7.17562e-05 9.16127e-05 0.000116016 0.000145628 0.000181124 0.000223251 0.000272971 0.000331765 0.00040216 0.000488557 0.000598458 0.000744204 0.000945367 0.00123199 0.00164888 0.00226102 0.00316014 0.00447135 0.00635817 0.00902169 0.0126881 0.0175774 0.0238499 0.0315403 0.0405097 0.0504545 0.0609715 0.0715738 0.0815166 0.0895123 0.093825 0.0931941 0.0880599 0.0807897 0.0745839 0.0721834 0.0752857 0.0845719 0.0998812 0.1203 0.144225 0.169575 0.194227 0.216428 0.234707 0.247149 0.250946 0.243701 0.226034 0.202399 0.178632 0.158705 0.14329 0.130473 0.117707 0.103769 0.0893882 0.0763814 0.0664003 0.0602756 0.0579891 0.0589018 0.0619953 0.0660804 0.0700054 0.0728569 0.074083 0.0734722 0.0710157 0.0667923 0.0609872 0.0539975 0.0464621 0.0391349 0.0326893 0.0275936 0.0241069 0.0223492 0.0223766 0.0242136 0.0278273 0.0330457 0.0394473 0.046279 0.0524962 0.0570044 0.0590673 0.0586728 0.0566002 0.0541354 0.0526494 0.0532999 0.0569529 0.064253 0.0756959 0.0915325 0.111332 0.133167 0.152969 0.165486 0.167595 0.16108 0.151098 0.142315 0.137015 0.135647 0.13789 0.142969 0.149324 0.154525 0.156167 0.153468 0.148294 0.144498 0.145926 0.154384 0.168365 0.183154 0.193129 0.195399 0.191062 0.182736 0.171921 0.158845 0.143688 0.127326 0.111154 0.0965913 0.0847293 0.0761798 0.0710667 0.0690656 0.0694436 0.0711358 0.0729313 0.0737762 0.0730845 0.0709013 0.0678206 0.0647144 0.0624316 0.0615972 0.0625236 0.0651793 0.0691915 0.0739327 0.0787513 0.0833164 0.0878997 0.0933794 0.100907 0.111397 0.125103 0.141446 0.159079 0.17601 0.189637 0.196959 0.195483 0.184631 0.166334 0.14413 0.121612 0.101407 0.084943 0.0726642 0.0643401 0.0593462 0.0569214 0.0564228 0.0575388 0.0603818 0.065395 0.0730749 0.0835838 0.0964017 0.110286 0.123862 0.136865 0.151331 0.171653 0.203011 0.247987 0.300442 0.339089 0.33851 0.301059 0.252448 0.210229 0.177721 0.152101 0.130506 0.112026 0.0971634 0.0867497 0.0813737 0.0813165 0.0866221 0.0970642 0.111951 0.129891 0.1488 0.166325 0.180296 0.188612 0.189171 0.181133 0.166461 0.149136 0.13263 0.118464 0.106594 0.0963993 0.0873198 0.0790637 0.0716422 0.0653134 0.0604224 0.0572201 0.0557926 0.0561389 0.0583316 0.0626511 0.0695824 0.0795676 0.0924396 0.106627 0.118695 0.124356 0.121249 0.111106 0.0986169 0.0884628 0.083536 0.0848478 0.0920324 0.103805 0.118495 0.134909 0.153083 0.173743 0.195972 0.214675 0.221536 0.211493 0.188108 0.160203 0.135412 0.118026 0.11008 0.11272 0.126691 0.151618 0.183807 0.213414 0.226056 0.214217 0.185868 0.155491 0.132718 0.120802 0.119464 0.127105 0.141579 0.159951 0.177886 0.189888 0.191816 0.184439 0.173798 0.167683 0.172411 0.191899 0.227229 0.274358 0.3203 0.34616 0.344465 0.325824 0.300962 0.272038 0.240218 0.209954 0.185109 0.165676 0.148828 0.131795 0.113725 0.0955399 0.0787609 0.0645955 0.0536845 0.0462179 0.0421076 0.0410744 0.0426388 0.0460633 0.0503183 0.0541584 0.0563526 0.0560175 0.052891 0.0473842 0.040375 0.032871 0.0257172 0.019452 0.0143065 0.0102844 0.00725845 0.00504884 0.00347243 0.00236805 0.00160529 0.0010843 0.000731467 0.000494026 0.000334933 0.000228588 0.000157515 0.000109908 7.785e-05 5.60758e-05 4.11027e-05 3.06414e-05 2.31936e-05 1.77819e-05 1.37688e-05 1.07369e-05 8.41051e-06 6.60416e-06 5.1902e-06 4.0781e-06 3.20153e-06 2.51044e-06 1.96608e-06 1.53795e-06 1.20181e-06 9.38285e-07 7.31944e-07 5.70502e-07 4.44243e-07 3.45515e-07 2.68323e-07 2.0798e-07 1.60831e-07 1.24025e-07 9.53356e-08 7.30195e-08 5.57082e-08 4.23238e-08 3.20153e-08 2.41098e-08 1.80751e-08 1.34909e-08 1.00257e-08 7.41953e-09 5.46909e-09 4.01639e-09 2.93938e-09 2.14437e-09 1.5599e-09 1.1318e-09 8.19308e-10 5.91891e-10 4.26836e-10 3.07325e-10 2.2097e-10 1.58683e-10 1.13827e-10 8.1566e-11 5.83909e-11 4.17602e-11 2.98373e-11 2.12972e-11 1.51858e-11 1.08162e-11 7.69504e-12 5.4678e-12 3.88017e-12 2.74977e-12 1.9459e-12 1.37498e-12 9.70071e-13 6.8332e-13 4.80554e-13 3.37402e-13 2.36501e-13 1.65499e-13 1.15622e-13 8.06426e-14 5.61541e-14 3.90391e-14 2.70978e-14 1.87802e-14 1.29962e-14 8.98051e-15 6.19694e-15 4.27039e-15 2.93898e-15 2.02017e-15 1.38696e-15 9.51166e-16 6.51605e-16 4.45939e-16 3.04898e-16 2.08278e-16 1.42156e-16 9.69492e-17 6.60692e-17 4.49935e-17 3.06207e-17 2.08262e-17 1.41564e-17 
7.10218e-18 1.04735e-17 1.54248e-17 2.26855e-17 3.33168e-17 4.88589e-17 7.15444e-17 1.04604e-16 1.52704e-16 2.22575e-16 3.23912e-16 4.70657e-16 6.8283e-16 9.89152e-16 1.43078e-15 2.0666e-15 2.98089e-15 4.29406e-15 6.17814e-15 8.87886e-15 1.27471e-14 1.82839e-14 2.62052e-14 3.75337e-14 5.37323e-14 7.68933e-14 1.10013e-13 1.57386e-13 2.25171e-13 3.22208e-13 4.61199e-13 6.60402e-13 9.46081e-13 1.35603e-12 1.94465e-12 2.79024e-12 4.0055e-12 5.75253e-12 8.26438e-12 1.18758e-11 1.70673e-11 2.45271e-11 3.52406e-11 5.06156e-11 7.26602e-11 1.04234e-10 1.49401e-10 2.13928e-10 3.05977e-10 4.37085e-10 6.23524e-10 8.88199e-10 1.2633e-09 1.79396e-09 2.5434e-09 3.5999e-09 5.08663e-09 7.175e-09 1.0103e-08 1.42005e-08 1.99232e-08 2.78991e-08 3.89907e-08 5.43787e-08 7.5673e-08 1.0506e-07 1.45494e-07 2.00953e-07 2.76766e-07 3.80034e-07 5.20181e-07 7.09659e-07 9.64845e-07 1.3072e-06 1.76474e-06 2.37391e-06 3.18195e-06 4.24986e-06 5.65595e-06 7.50023e-06 9.90925e-06 1.30415e-05 1.70926e-05 2.23e-05 2.89461e-05 3.73587e-05 4.79083e-05 6.10039e-05 7.70886e-05 9.6644e-05 0.000120214 0.00014847 0.000182343 0.000223262 0.00027354 0.000336965 0.000419654 0.000531244 0.00068651 0.000907499 0.00122623 0.00168797 0.00235468 0.00330814 0.00465105 0.006504 0.00899539 0.0122417 0.016319 0.0212315 0.0268907 0.0331147 0.0396382 0.0460984 0.0519749 0.056551 0.0590586 0.0590796 0.0569739 0.053942 0.0516319 0.0516134 0.0550547 0.0626597 0.074748 0.0913826 0.112533 0.138275 0.168893 0.204525 0.243796 0.28145 0.307099 0.309489 0.28591 0.245552 0.201732 0.163513 0.133809 0.111528 0.0942465 0.080025 0.0680651 0.0584539 0.0515713 0.047645 0.0465895 0.0480361 0.0514337 0.0561621 0.0616265 0.0673036 0.0726987 0.0772098 0.0800019 0.0800992 0.0768146 0.0702696 0.061508 0.0520466 0.0432601 0.0360449 0.0308346 0.0277876 0.0269659 0.0284262 0.0322089 0.0382329 0.0461137 0.0549629 0.0633146 0.0693983 0.0718402 0.0704341 0.0663409 0.0615162 0.0578727 0.0567551 0.0588453 0.0643042 0.0729426 0.0842923 0.0975152 0.111197 0.123315 0.131822 0.135823 0.136309 0.135485 0.135336 0.136852 0.140282 0.145574 0.152162 0.158386 0.161653 0.159908 0.153389 0.144947 0.13867 0.137987 0.144289 0.156276 0.170228 0.181567 0.187124 0.186212 0.179722 0.168791 0.154462 0.138035 0.121152 0.105395 0.091887 0.0811862 0.0734119 0.0683947 0.0657439 0.0648396 0.0648548 0.0648988 0.0642648 0.0626528 0.0602421 0.0575829 0.0553869 0.0543202 0.0548598 0.0572102 0.0612543 0.0665397 0.0723534 0.0779395 0.0828386 0.0871848 0.0917461 0.0976247 0.105769 0.116555 0.129607 0.143826 0.15747 0.168221 0.17349 0.17131 0.161479 0.145889 0.127632 0.109698 0.0942099 0.0822976 0.0742634 0.0697838 0.068102 0.0682836 0.0695665 0.0717197 0.0752321 0.0811857 0.0908017 0.104747 0.122345 0.141075 0.157181 0.168017 0.174677 0.181912 0.194953 0.215701 0.24006 0.258198 0.260994 0.248787 0.229965 0.211449 0.194232 0.176082 0.155897 0.135225 0.116829 0.103013 0.0951772 0.094096 0.100188 0.113482 0.133245 0.157464 0.182754 0.205319 0.222228 0.231067 0.228786 0.213594 0.188521 0.160365 0.135005 0.114991 0.10021 0.0893779 0.081074 0.0742257 0.068279 0.0631404 0.0589628 0.055932 0.0541977 0.0539584 0.0555893 0.0597006 0.0670493 0.0782301 0.093057 0.109669 0.123949 0.130628 0.126676 0.114013 0.0980702 0.0841247 0.0753107 0.0727574 0.0764535 0.0860229 0.101349 0.123112 0.152939 0.192397 0.239735 0.284399 0.30587 0.290227 0.248124 0.200973 0.162298 0.136943 0.12617 0.130883 0.152681 0.19307 0.249686 0.307656 0.334519 0.309007 0.253187 0.199354 0.161732 0.14164 0.135882 0.140346 0.150945 0.163642 0.17441 0.179724 0.177896 0.170438 0.16183 0.157582 0.162338 0.178961 0.207813 0.244964 0.28017 0.300101 0.299432 0.284554 0.262755 0.236263 0.206619 0.177585 0.152651 0.132615 0.116042 0.101049 0.0866062 0.0727535 0.0601147 0.0493521 0.0408872 0.0348602 0.0311907 0.0296359 0.0298133 0.0311985 0.0331351 0.0348935 0.0357928 0.0353548 0.0334226 0.0301798 0.0260571 0.0215774 0.0172095 0.0132827 0.00996823 0.00730632 0.00525144 0.00371451 0.0025937 0.00179275 0.00122963 0.000838833 0.000570427 0.00038756 0.000263718 0.000180188 0.000123962 8.61039e-05 6.05416e-05 4.31806e-05 3.12818e-05 2.30246e-05 1.72049e-05 1.303e-05 9.97881e-06 7.70807e-06 5.99057e-06 4.67405e-06 3.65467e-06 2.85992e-06 2.23775e-06 1.74976e-06 1.36688e-06 1.06667e-06 8.31555e-07 6.47656e-07 5.03986e-07 3.9185e-07 3.04383e-07 2.36187e-07 1.8303e-07 1.41606e-07 1.0934e-07 8.42255e-08 6.47002e-08 4.95454e-08 3.78089e-08 2.87448e-08 2.17673e-08 1.6416e-08 1.23287e-08 9.22033e-09 6.86722e-09 5.09408e-09 3.76416e-09 2.77123e-09 2.03319e-09 1.48692e-09 1.08422e-09 7.8847e-10 5.72006e-10 4.14072e-10 2.99166e-10 2.15777e-10 1.55394e-10 1.11757e-10 8.02741e-11 5.75951e-11 4.12793e-11 2.95552e-11 2.11397e-11 1.5105e-11 1.07817e-11 7.68752e-12 5.47508e-12 3.89472e-12 2.76704e-12 1.96327e-12 1.39106e-12 9.84201e-13 6.95303e-13 4.90452e-13 3.4541e-13 2.42871e-13 1.70494e-13 1.1949e-13 8.36066e-14 5.84032e-14 4.0731e-14 2.83605e-14 1.97158e-14 1.36848e-14 9.48425e-15 6.56333e-15 4.53546e-15 3.1298e-15 2.1569e-15 1.48452e-15 1.02048e-15 7.00674e-16 4.80551e-16 3.29231e-16 2.25332e-16 1.54075e-16 1.05256e-16 7.18443e-17 4.89993e-17 3.33932e-17 2.27415e-17 1.5477e-17 1.05264e-17 
5.23424e-18 7.70616e-18 1.13303e-17 1.66357e-17 2.43906e-17 3.57087e-17 5.22014e-17 7.61974e-17 1.11056e-16 1.61617e-16 2.34843e-16 3.40738e-16 4.93658e-16 7.14183e-16 1.03179e-15 1.48865e-15 2.14508e-15 3.08731e-15 4.43853e-15 6.37478e-15 9.14755e-15 1.31163e-14 1.87947e-14 2.69178e-14 3.85371e-14 5.51587e-14 7.89408e-14 1.12979e-13 1.61716e-13 2.31533e-13 3.31603e-13 4.75114e-13 6.8104e-13 9.76678e-13 1.40131e-12 2.01144e-12 2.88835e-12 4.14882e-12 5.9606e-12 8.56436e-12 1.23049e-11 1.76759e-11 2.53826e-11 3.64313e-11 5.22552e-11 7.4892e-11 1.07234e-10 1.53377e-10 2.19113e-10 3.12615e-10 4.45395e-10 6.33637e-10 9.0005e-10 1.27644e-09 1.80728e-09 2.55459e-09 3.60474e-09 5.07771e-09 7.13982e-09 1.00209e-08 1.4038e-08 1.96267e-08 2.73837e-08 3.81234e-08 5.29532e-08 7.33722e-08 1.01402e-07 1.39754e-07 1.92054e-07 2.63121e-07 3.59338e-07 4.89122e-07 6.63527e-07 8.97016e-07 1.20844e-06 1.62228e-06 2.17019e-06 2.89294e-06 3.84269e-06 5.08573e-06 6.70556e-06 8.80616e-06 1.15153e-05 1.49872e-05 1.94054e-05 2.49831e-05 3.19645e-05 4.06251e-05 5.12764e-05 6.42779e-05 8.00674e-05 9.92208e-05 0.00012256 0.000151335 0.000187497 0.000234119 0.000295977 0.000380349 0.000498082 0.000664941 0.000903255 0.00124374 0.00172728 0.00240604 0.00334315 0.00460965 0.00627743 0.00840753 0.0110349 0.0141527 0.0177015 0.021565 0.0255689 0.0294727 0.0329597 0.0356568 0.0372331 0.0375759 0.036952 0.0360271 0.0357187 0.0369869 0.0406937 0.0475841 0.0583801 0.0739616 0.0956256 0.125373 0.166026 0.220607 0.289849 0.366406 0.427848 0.44272 0.40068 0.325667 0.248143 0.184269 0.137273 0.104431 0.0816727 0.0656129 0.0540893 0.0459793 0.0407832 0.0382599 0.0382207 0.0404623 0.0447804 0.0510104 0.059045 0.0687689 0.0798439 0.0913277 0.101314 0.107107 0.106389 0.098822 0.086455 0.0724185 0.0593223 0.048612 0.040803 0.0359752 0.0341471 0.0354431 0.0400879 0.0482494 0.0597172 0.0734201 0.0869962 0.0970037 0.100366 0.0964124 0.0874866 0.077386 0.0693554 0.0651915 0.0653614 0.0694481 0.0765445 0.0855312 0.0952479 0.10458 0.112554 0.118574 0.122754 0.125988 0.129535 0.134403 0.141144 0.150138 0.161663 0.175016 0.187175 0.193011 0.188581 0.174959 0.157876 0.143828 0.137107 0.139102 0.14859 0.162298 0.175788 0.184767 0.18641 0.180121 0.167323 0.150497 0.132245 0.114742 0.0994372 0.0869766 0.0773755 0.0703237 0.0654293 0.0622907 0.0604388 0.0592925 0.0582373 0.0568097 0.0548643 0.0526159 0.050547 0.0492503 0.0492791 0.0510344 0.0546779 0.0600559 0.0666513 0.0736264 0.080037 0.0852132 0.0891377 0.0925459 0.0966191 0.102437 0.110508 0.120564 0.131604 0.142034 0.149851 0.153017 0.150182 0.141454 0.128534 0.113998 0.100329 0.0893296 0.0819866 0.0785323 0.078517 0.0809134 0.0843912 0.0878476 0.0910477 0.0950152 0.101884 0.11421 0.133868 0.160515 0.189799 0.213141 0.222553 0.21835 0.209278 0.204424 0.20741 0.216041 0.224962 0.229779 0.230188 0.228863 0.22711 0.222306 0.210362 0.190586 0.166763 0.143923 0.125758 0.11446 0.111402 0.11753 0.133277 0.157972 0.18887 0.220706 0.247418 0.265259 0.272506 0.266021 0.243118 0.207835 0.169711 0.136622 0.111647 0.0943858 0.0830069 0.0755259 0.0703793 0.0665903 0.0636721 0.0613966 0.0596233 0.0583215 0.0577299 0.0584705 0.0614889 0.0678173 0.0781775 0.0923667 0.108436 0.1222 0.128384 0.123943 0.110693 0.0939146 0.078797 0.0685039 0.0643555 0.0667679 0.0761277 0.0934764 0.121063 0.162622 0.222673 0.302722 0.389387 0.437525 0.405728 0.326574 0.249269 0.192053 0.156711 0.141851 0.147453 0.175989 0.231999 0.318273 0.420289 0.474523 0.422058 0.323564 0.241735 0.190068 0.164266 0.157044 0.161419 0.171103 0.180673 0.186053 0.185109 0.178067 0.167431 0.157149 0.151298 0.152975 0.163684 0.182832 0.206873 0.228892 0.241128 0.240364 0.229372 0.21208 0.190461 0.166194 0.142055 0.120648 0.10296 0.0884336 0.0759429 0.064641 0.0542538 0.0449337 0.0369757 0.0306101 0.0259205 0.0228454 0.0212053 0.0207259 0.0210537 0.0217763 0.0224621 0.0227247 0.0222951 0.0210739 0.0191381 0.0166979 0.0140229 0.0113697 0.00893262 0.0068267 0.00509435 0.00372527 0.00267806 0.0018982 0.00133 0.000923388 0.000636644 0.000436835 0.000298934 0.000204475 0.000140131 9.64606e-05 6.6866e-05 4.67948e-05 3.3136e-05 2.37821e-05 1.73158e-05 1.27902e-05 9.57544e-06 7.25396e-06 5.54903e-06 4.27667e-06 3.31364e-06 2.57629e-06 2.00684e-06 1.56445e-06 1.21954e-06 9.50183e-07 7.39735e-07 5.75384e-07 4.47144e-07 3.4718e-07 2.6933e-07 2.08748e-07 1.61631e-07 1.25001e-07 9.65365e-08 7.4426e-08 5.72625e-08 4.39517e-08 3.36427e-08 2.56731e-08 1.9526e-08 1.47977e-08 1.11725e-08 8.40281e-09 6.29503e-09 4.69756e-09 3.49198e-09 2.58608e-09 1.90831e-09 1.40337e-09 1.02872e-09 7.5184e-10 5.47973e-10 3.98384e-10 2.88972e-10 2.0918e-10 1.51142e-10 1.09027e-10 7.853e-11 5.64877e-11 4.05823e-11 2.91219e-11 2.08752e-11 1.49479e-11 1.06924e-11 7.64025e-12 5.45343e-12 3.88817e-12 2.76892e-12 1.96945e-12 1.39901e-12 9.92464e-13 7.03077e-13 4.9735e-13 3.51295e-13 2.47751e-13 1.74453e-13 1.22644e-13 8.60831e-14 6.03231e-14 4.2203e-14 2.94781e-14 2.05568e-14 1.43127e-14 9.94968e-15 6.90602e-15 4.78624e-15 3.31227e-15 2.28896e-15 1.57963e-15 1.08867e-15 7.49344e-16 5.15151e-16 3.53736e-16 2.42627e-16 1.6624e-16 1.13787e-16 7.78098e-17 5.31595e-17 3.62873e-17 2.475e-17 1.6868e-17 1.14878e-17 7.81838e-18 
3.84949e-18 5.65825e-18 8.30566e-18 1.21748e-17 1.78212e-17 2.60486e-17 3.80188e-17 5.54085e-17 8.06335e-17 1.17171e-16 1.70018e-16 2.4635e-16 3.56456e-16 5.15081e-16 7.43333e-16 1.07142e-15 1.54253e-15 2.21842e-15 3.18736e-15 4.57553e-15 6.56332e-15 9.40869e-15 1.34807e-14 1.93075e-14 2.76457e-14 3.95796e-14 5.66643e-14 8.11315e-14 1.16186e-13 1.66434e-13 2.38495e-13 3.41891e-13 4.90316e-13 7.03468e-13 1.00968e-12 1.44967e-12 2.08198e-12 2.99062e-12 4.29612e-12 6.17121e-12 8.86306e-12 1.27249e-11 1.82608e-11 2.61887e-11 3.753e-11 5.37342e-11 7.68559e-11 1.09801e-10 1.56671e-10 2.23249e-10 3.17664e-10 4.51332e-10 6.40247e-10 9.06778e-10 1.28215e-09 1.80983e-09 2.55026e-09 3.58723e-09 5.03661e-09 7.05826e-09 9.87197e-09 1.37791e-08 1.91913e-08 2.66689e-08 3.69715e-08 5.11248e-08 7.0508e-08 9.6967e-08 1.32962e-07 1.8176e-07 2.47676e-07 3.36392e-07 4.55356e-07 6.143e-07 8.25884e-07 1.10652e-06 1.47737e-06 1.96562e-06 2.60593e-06 3.44216e-06 4.52935e-06 5.93575e-06 7.74493e-06 1.00578e-05 1.29945e-05 1.66958e-05 2.13255e-05 2.70737e-05 3.41643e-05 4.2869e-05 5.35365e-05 6.66416e-05 8.28694e-05 0.000103247 0.00012934 0.000163538 0.000209447 0.000272416 0.000360215 0.000483864 0.000658594 0.000904818 0.00124894 0.00172363 0.00236706 0.00322049 0.00432371 0.00570828 0.00738918 0.00935668 0.0115702 0.0139548 0.0163997 0.0187574 0.0208495 0.0224915 0.0235503 0.0240245 0.0241114 0.0242181 0.0249117 0.0268488 0.030742 0.0374023 0.0478807 0.0637249 0.0873714 0.122666 0.175373 0.253129 0.363064 0.502264 0.633561 0.672564 0.584253 0.441799 0.311728 0.214482 0.14789 0.104083 0.0756597 0.0571977 0.0451949 0.0375937 0.0332766 0.0316761 0.032533 0.0357825 0.0415248 0.0500332 0.0617418 0.0771186 0.0962766 0.118162 0.139453 0.154281 0.156731 0.145485 0.125202 0.102571 0.0822875 0.0662659 0.0547409 0.0474371 0.0442269 0.0453515 0.0513943 0.0630746 0.0807618 0.103502 0.127619 0.146128 0.151572 0.141993 0.122995 0.102796 0.0871514 0.0783313 0.0762459 0.079595 0.0865601 0.0952351 0.103958 0.111532 0.117327 0.121341 0.124233 0.127193 0.131578 0.13858 0.149258 0.164884 0.186745 0.214326 0.241945 0.257468 0.250072 0.222417 0.188294 0.160091 0.143685 0.140082 0.147596 0.162722 0.180241 0.193645 0.197127 0.188693 0.171123 0.14942 0.127854 0.108935 0.0936454 0.081945 0.0732502 0.0668485 0.062163 0.0587979 0.0564251 0.0546726 0.0531365 0.0515069 0.0497009 0.0479075 0.0465309 0.0460807 0.0470575 0.0498501 0.0546335 0.0612565 0.0691475 0.0773175 0.0845764 0.0899926 0.0933989 0.0955709 0.0978748 0.101601 0.1074 0.115047 0.12352 0.131251 0.136465 0.137631 0.133996 0.125999 0.115214 0.103807 0.0938732 0.0870123 0.0841718 0.0855827 0.0906645 0.0979876 0.105551 0.111587 0.115685 0.119561 0.126913 0.142447 0.17045 0.212462 0.262792 0.303616 0.31293 0.290175 0.257329 0.232855 0.222065 0.221895 0.226649 0.232194 0.237929 0.245259 0.253547 0.257596 0.250841 0.23197 0.205974 0.179169 0.156139 0.140049 0.133335 0.137796 0.154357 0.182401 0.218401 0.254893 0.282888 0.297708 0.299489 0.286805 0.257215 0.215189 0.171293 0.134036 0.106546 0.0882386 0.0770963 0.0709898 0.0682152 0.0675726 0.068181 0.069223 0.0698784 0.0695939 0.0684943 0.0675279 0.0681595 0.0718162 0.0793396 0.0904622 0.103269 0.114027 0.118309 0.11364 0.101471 0.0861217 0.0720361 0.0621587 0.05799 0.0603715 0.0703094 0.0896905 0.121961 0.172786 0.250316 0.363014 0.505001 0.600285 0.535393 0.402765 0.293127 0.218744 0.174196 0.154682 0.158988 0.189755 0.253222 0.356492 0.490818 0.571382 0.493357 0.36447 0.268055 0.211889 0.187218 0.18419 0.193581 0.206657 0.215985 0.217044 0.209071 0.194423 0.177124 0.161404 0.150617 0.146685 0.149927 0.159038 0.171039 0.181616 0.186618 0.184232 0.175404 0.161981 0.145361 0.126928 0.108514 0.0918198 0.0776709 0.0659489 0.0560591 0.0474279 0.0397493 0.0329792 0.0272084 0.0225362 0.0189982 0.0165465 0.0150573 0.0143459 0.0141823 0.01431 0.0144714 0.0144423 0.0140659 0.0132771 0.012104 0.0106476 0.00904596 0.0074377 0.0059348 0.00461004 0.00349714 0.0025988 0.00189731 0.0013645 0.000969021 0.000681082 0.000474772 0.000328905 0.000226897 0.000156191 0.000107521 7.41874e-05 5.14287e-05 3.59055e-05 2.53033e-05 1.80336e-05 1.30154e-05 9.51833e-06 7.05164e-06 5.28713e-06 4.00565e-06 3.06071e-06 2.35399e-06 1.81889e-06 1.40968e-06 1.0944e-06 8.50241e-07 6.60575e-07 5.13007e-07 3.98141e-07 3.08753e-07 2.39235e-07 1.85211e-07 1.43261e-07 1.10706e-07 8.54573e-08 6.58835e-08 5.07169e-08 3.89724e-08 2.98852e-08 2.28622e-08 1.74424e-08 1.3268e-08 1.00602e-08 7.60201e-09 5.72409e-09 4.2944e-09 3.20996e-09 2.3906e-09 1.77398e-09 1.31182e-09 9.66808e-10 7.10268e-10 5.20238e-10 3.79989e-10 2.76835e-10 2.01208e-10 1.45927e-10 1.05629e-10 7.6324e-11 5.50614e-11 3.96646e-11 2.85353e-11 2.05034e-11 1.47151e-11 1.05491e-11 7.55437e-12 5.40392e-12 3.86139e-12 2.75608e-12 1.96489e-12 1.39914e-12 9.95041e-13 7.06733e-13 5.0128e-13 3.55054e-13 2.51118e-13 1.77343e-13 1.2505e-13 8.80391e-14 6.18844e-14 4.34303e-14 3.04304e-14 2.12875e-14 1.48677e-14 1.03675e-14 7.21813e-15 5.01766e-15 3.48272e-15 2.41374e-15 1.67046e-15 1.15443e-15 7.96725e-16 5.49133e-16 3.78004e-16 2.59888e-16 1.78472e-16 1.22424e-16 8.38886e-17 5.74247e-17 3.92714e-17 2.68323e-17 1.83174e-17 1.24943e-17 8.51581e-18 5.7999e-18 
2.82538e-18 4.14633e-18 6.07664e-18 8.89329e-18 1.29973e-17 1.89682e-17 2.76426e-17 4.02265e-17 5.8456e-17 8.48272e-17 1.22925e-16 1.77894e-16 2.57107e-16 3.71127e-16 5.35074e-16 7.7058e-16 1.10859e-15 1.59335e-15 2.28814e-15 3.28345e-15 4.70874e-15 6.74925e-15 9.67019e-15 1.38514e-14 1.98375e-14 2.84092e-14 4.06871e-14 5.82802e-14 8.35001e-14 1.19669e-13 1.71563e-13 2.4605e-13 3.53005e-13 5.06628e-13 7.27325e-13 1.04441e-12 1.49996e-12 2.15434e-12 3.09401e-12 4.44273e-12 6.37735e-12 9.15025e-12 1.3121e-11 1.88013e-11 2.69173e-11 3.8499e-11 5.50032e-11 7.8488e-11 1.11854e-10 1.59185e-10 2.26213e-10 3.20975e-10 4.54715e-10 6.43134e-10 9.08105e-10 1.28004e-09 1.80112e-09 2.52972e-09 3.54639e-09 4.96195e-09 6.92847e-09 9.65383e-09 1.34213e-08 1.86154e-08 2.5756e-08 3.55433e-08 4.89163e-08 6.71288e-08 9.18488e-08 1.25285e-07 1.70352e-07 2.30878e-07 3.11876e-07 4.19881e-07 5.63384e-07 7.53361e-07 1.00394e-06 1.33322e-06 1.76417e-06 2.32582e-06 3.05444e-06 3.99491e-06 5.20214e-06 6.74254e-06 8.69557e-06 1.11556e-05 1.42343e-05 1.80654e-05 2.28119e-05 2.86798e-05 3.59423e-05 4.49787e-05 5.63363e-05 7.08253e-05 8.96548e-05 0.000114625 0.000148387 0.00019478 0.000259253 0.000349357 0.000475284 0.000650356 0.000891345 0.00121839 0.00165428 0.0022227 0.00294546 0.00383853 0.00490752 0.00614326 0.00751848 0.00898584 0.0104778 0.0119091 0.013185 0.0142204 0.0149719 0.015477 0.0158871 0.016479 0.0176473 0.0198989 0.0238779 0.0304557 0.0409173 0.0572887 0.0828631 0.123001 0.186246 0.285593 0.438735 0.661506 0.92617 1.02429 0.823229 0.569364 0.374198 0.242756 0.158458 0.105506 0.0725194 0.0520395 0.0394449 0.0320113 0.0282275 0.0273417 0.0290903 0.0335659 0.0411793 0.0526753 0.0691467 0.0919398 0.122199 0.159549 0.199388 0.230195 0.237432 0.217226 0.18129 0.14404 0.113031 0.0897924 0.0733991 0.0627595 0.0574925 0.0580548 0.0656296 0.0819374 0.108743 0.146382 0.190366 0.227088 0.237352 0.21515 0.17575 0.137655 0.110133 0.0949165 0.0903894 0.0938371 0.102278 0.112845 0.123115 0.131351 0.136618 0.138881 0.139121 0.139173 0.141273 0.14767 0.160755 0.183585 0.219844 0.27142 0.330924 0.37106 0.358339 0.300555 0.235159 0.185001 0.155634 0.145699 0.152017 0.170365 0.194264 0.213963 0.219194 0.206221 0.180671 0.151531 0.125065 0.103816 0.0879758 0.0766574 0.0686527 0.0628782 0.0585947 0.0553983 0.0530529 0.051324 0.0499353 0.0486484 0.0473771 0.0462495 0.0455924 0.0458629 0.0475564 0.0511005 0.0567273 0.0643208 0.073273 0.0824513 0.0904258 0.0960186 0.0989465 0.100074 0.101002 0.10326 0.107631 0.113877 0.120839 0.12681 0.130067 0.129431 0.124688 0.116683 0.107057 0.0977775 0.0907042 0.0873268 0.0886261 0.0948967 0.105456 0.118383 0.130731 0.139664 0.144317 0.14718 0.153932 0.172123 0.209747 0.27313 0.359798 0.439236 0.450491 0.39093 0.321777 0.275918 0.255706 0.252766 0.257005 0.261691 0.266147 0.273344 0.283909 0.2925 0.29125 0.277264 0.253804 0.225589 0.197239 0.173972 0.160671 0.16055 0.174819 0.202458 0.239005 0.275255 0.300035 0.308035 0.301398 0.281669 0.248269 0.205342 0.161908 0.125395 0.098669 0.0813259 0.0716669 0.0678935 0.0685533 0.0724918 0.0784955 0.0848981 0.0896157 0.0909493 0.0887069 0.0845201 0.0809389 0.08015 0.0831828 0.0896338 0.0976199 0.104035 0.105581 0.100536 0.0899411 0.0769112 0.0648613 0.0563235 0.0528706 0.055656 0.0660897 0.0864987 0.120804 0.175247 0.258894 0.382135 0.54283 0.658325 0.582896 0.435387 0.317103 0.2366 0.186983 0.163145 0.163577 0.190091 0.247038 0.337614 0.447775 0.508598 0.452407 0.34959 0.268831 0.223771 0.209872 0.218826 0.240428 0.262644 0.274446 0.270558 0.252804 0.226953 0.19925 0.174627 0.156094 0.144721 0.139942 0.13998 0.142302 0.144146 0.143268 0.138662 0.130572 0.1198 0.107169 0.0935821 0.0801259 0.0677972 0.0571499 0.0482171 0.0407098 0.0342798 0.0286855 0.0238282 0.0197044 0.0163389 0.0137353 0.0118547 0.0106139 0.00989265 0.00954494 0.00941248 0.00934057 0.00919647 0.00888652 0.00836703 0.00764484 0.00676709 0.00580371 0.0048287 0.00390529 0.00307775 0.00236979 0.00178744 0.00132406 0.00096557 0.000694772 0.000494307 0.000348426 0.000243788 0.000169638 0.000117618 8.1419e-05 5.63882e-05 3.91573e-05 2.73258e-05 1.92053e-05 1.36213e-05 9.76469e-06 7.08243e-06 5.19917e-06 3.86143e-06 2.89857e-06 2.19586e-06 1.67598e-06 1.28651e-06 9.91582e-07 7.6631e-07 5.93125e-07 4.59389e-07 3.55831e-07 2.75526e-07 2.13222e-07 1.64889e-07 1.27412e-07 9.83697e-08 7.58786e-08 5.84708e-08 4.50049e-08 3.45939e-08 2.65497e-08 2.03389e-08 1.55482e-08 1.18578e-08 9.01939e-09 6.84067e-09 5.17224e-09 3.89805e-09 2.92787e-09 2.19162e-09 1.63484e-09 1.21533e-09 9.00426e-10 6.64942e-10 4.89506e-10 3.59284e-10 2.62967e-10 1.91968e-10 1.398e-10 1.01582e-10 7.36616e-11 5.33162e-11 3.85249e-11 2.7794e-11 2.00237e-11 1.44067e-11 1.03526e-11 7.43064e-12 5.32732e-12 3.81511e-12 2.72912e-12 1.95006e-12 1.39179e-12 9.9217e-13 7.06422e-13 5.0233e-13 3.56731e-13 2.52988e-13 1.79161e-13 1.26694e-13 8.9458e-14 6.30697e-14 4.43965e-14 3.12029e-14 2.18955e-14 1.53399e-14 1.073e-14 7.49362e-15 5.22517e-15 3.63777e-15 2.52876e-15 1.7552e-15 1.21649e-15 8.41913e-16 5.81865e-16 4.01597e-16 2.76816e-16 1.90566e-16 1.31031e-16 8.99904e-17 6.17356e-17 4.23071e-17 2.89635e-17 1.98093e-17 1.35359e-17 9.24122e-18 6.30392e-18 4.29687e-18 
2.06972e-18 3.03267e-18 4.43765e-18 6.48465e-18 9.46281e-18 1.37896e-17 2.00668e-17 2.91613e-17 4.23196e-17 6.13328e-17 8.8772e-17 1.28324e-16 1.85273e-16 2.67184e-16 3.84891e-16 5.53891e-16 7.96359e-16 1.14401e-15 1.64224e-15 2.35597e-15 3.37815e-15 4.84187e-15 6.9378e-15 9.93923e-15 1.42381e-14 2.03968e-14 2.92228e-14 4.18758e-14 6.00223e-14 8.60574e-14 1.23424e-13 1.77073e-13 2.54117e-13 3.64778e-13 5.23737e-13 7.52063e-13 1.07997e-12 1.55074e-12 2.22631e-12 3.1952e-12 4.58374e-12 6.57197e-12 9.41601e-12 1.34797e-11 1.92789e-11 2.75438e-11 3.93061e-11 5.60209e-11 7.97362e-11 1.1333e-10 1.60837e-10 2.27907e-10 3.22428e-10 4.55396e-10 6.42106e-10 9.03779e-10 1.2698e-09 1.78071e-09 2.49238e-09 3.48147e-09 4.85287e-09 6.74968e-09 9.36631e-09 1.2966e-08 1.79039e-08 2.46568e-08 3.38628e-08 4.63723e-08 6.33138e-08 8.6179e-08 1.16933e-07 1.58152e-07 2.13204e-07 2.86472e-07 3.8364e-07 5.1204e-07 6.81088e-07 9.02806e-07 1.19244e-06 1.56917e-06 2.05695e-06 2.68537e-06 3.4907e-06 4.51699e-06 5.81739e-06 7.45589e-06 9.50996e-06 1.20746e-05 1.52694e-05 1.925e-05 2.42268e-05 3.04945e-05 3.84771e-05 4.87935e-05 6.23506e-05 8.04709e-05 0.000105059 0.000138817 0.000185493 0.000250174 0.000339568 0.000462237 0.000628684 0.000851177 0.00114316 0.00151812 0.00198787 0.00256029 0.00323685 0.00401027 0.00486278 0.0057654 0.00667876 0.00755622 0.00835095 0.00902869 0.00958625 0.010073 0.0106103 0.0114051 0.0127622 0.0151076 0.0190438 0.0254637 0.0357612 0.0521894 0.0784495 0.120632 0.188674 0.298504 0.47463 0.750167 1.13747 1.32841 0.988933 0.642493 0.405507 0.255101 0.161805 0.104471 0.0694093 0.0480939 0.0353596 0.0281821 0.0248942 0.0247048 0.0274269 0.0333514 0.043224 0.0582929 0.080393 0.111994 0.155957 0.214145 0.282714 0.342343 0.357963 0.318223 0.254328 0.195586 0.151137 0.119638 0.0975898 0.0826376 0.0742084 0.0731942 0.0816245 0.102634 0.140423 0.199101 0.27735 0.353545 0.376014 0.323656 0.244431 0.178205 0.134938 0.11237 0.105746 0.110433 0.122235 0.137341 0.152392 0.164549 0.17164 0.172741 0.168925 0.163226 0.159634 0.162203 0.175128 0.203713 0.25538 0.338868 0.455117 0.55787 0.530873 0.404991 0.289332 0.211595 0.168227 0.15211 0.157613 0.179698 0.210849 0.2379 0.244979 0.226155 0.19117 0.15387 0.122291 0.0986047 0.082056 0.0709419 0.063531 0.0584612 0.0548747 0.0523441 0.0506653 0.0496567 0.0490796 0.0486867 0.0483295 0.0480444 0.0480792 0.0488603 0.0509155 0.0547556 0.0607114 0.0687349 0.0782145 0.0879232 0.0962692 0.101922 0.104549 0.105118 0.105427 0.10721 0.111348 0.11753 0.124339 0.129727 0.131775 0.129488 0.123165 0.114199 0.10453 0.0961412 0.0907872 0.0899059 0.094542 0.105102 0.12086 0.139417 0.156735 0.16859 0.173345 0.174158 0.178712 0.197311 0.24162 0.324234 0.453729 0.599695 0.615823 0.49322 0.383532 0.322859 0.302296 0.305243 0.313963 0.316157 0.311823 0.309191 0.313689 0.322845 0.329793 0.329184 0.317408 0.291659 0.255418 0.219589 0.194753 0.18616 0.194371 0.216786 0.247546 0.276855 0.293789 0.293532 0.279096 0.254218 0.220525 0.181521 0.143422 0.111583 0.0883811 0.0738219 0.0669007 0.0665435 0.0719469 0.0823806 0.0965101 0.11153 0.123036 0.126839 0.122036 0.111936 0.101509 0.0943963 0.0918427 0.0930652 0.0959621 0.0978379 0.0963002 0.0902781 0.0805517 0.0692833 0.0589668 0.05166 0.0488649 0.051858 0.0621864 0.0821825 0.115444 0.167152 0.243613 0.348714 0.469631 0.546052 0.511304 0.413889 0.318817 0.245299 0.195147 0.167481 0.161979 0.179294 0.220161 0.281569 0.347106 0.3796 0.354173 0.298165 0.250117 0.227289 0.232536 0.261956 0.305325 0.344846 0.361561 0.34922 0.316228 0.274428 0.232572 0.196037 0.16749 0.147352 0.134393 0.12647 0.121233 0.11665 0.111334 0.104658 0.0966107 0.0874808 0.0776542 0.0675999 0.0578713 0.04898 0.0412307 0.0346664 0.0291426 0.0244551 0.0204357 0.0169879 0.0140747 0.0116852 0.00980661 0.00840658 0.00742913 0.00679732 0.00641987 0.00619961 0.00604317 0.00587093 0.00562575 0.0052782 0.00482661 0.00429193 0.00370898 0.00311673 0.00255027 0.00203574 0.00158866 0.00121474 0.000912098 0.000673976 0.000491116 0.000353595 0.00025201 0.000178114 0.000125058 8.73831e-05 6.08758e-05 4.23636e-05 2.95083e-05 2.06157e-05 1.44764e-05 1.02373e-05 7.30335e-06 5.263e-06 3.83396e-06 2.82369e-06 2.10151e-06 1.5789e-06 1.1959e-06 9.11769e-07 6.98641e-07 5.37258e-07 4.14134e-07 3.19667e-07 2.46903e-07 1.90717e-07 1.47276e-07 1.1367e-07 8.76747e-08 6.75723e-08 5.2035e-08 4.00326e-08 3.07661e-08 2.36159e-08 1.81021e-08 1.38533e-08 1.0582e-08 8.06622e-09 6.13409e-09 4.65274e-09 3.51929e-09 2.65408e-09 1.99538e-09 1.49538e-09 1.11703e-09 8.317e-10 6.17258e-10 4.56662e-10 3.36817e-10 2.47695e-10 1.81648e-10 1.32862e-10 9.69402e-11 7.05695e-11 5.12643e-11 3.71682e-11 2.69002e-11 1.9437e-11 1.40233e-11 1.01033e-11 7.26962e-12 5.22424e-12 3.74991e-12 2.68855e-12 1.92541e-12 1.37731e-12 9.84103e-13 7.02325e-13 5.00623e-13 3.56402e-13 2.53402e-13 1.79929e-13 1.27583e-13 9.03378e-14 6.38724e-14 4.50931e-14 3.17869e-14 2.23726e-14 1.5722e-14 1.10311e-14 7.72763e-15 5.40494e-15 3.77447e-15 2.63176e-15 1.8322e-15 1.27362e-15 8.84026e-16 6.12715e-16 4.24069e-16 2.931e-16 2.02308e-16 1.3946e-16 9.60152e-17 6.6025e-17 4.53496e-17 3.11141e-17 2.13245e-17 1.46002e-17 9.98667e-18 6.82467e-18 4.65973e-18 3.17892e-18 
1.51338e-18 2.21415e-18 3.2351e-18 4.72045e-18 6.87846e-18 1.00095e-17 1.45463e-17 2.11112e-17 3.0599e-17 4.42945e-17 6.40408e-17 9.24803e-17 1.33399e-16 1.92218e-16 2.76699e-16 3.97949e-16 5.71863e-16 8.21192e-16 1.17849e-15 1.69039e-15 2.42363e-15 3.47389e-15 4.97826e-15 7.13341e-15 1.02215e-14 1.46475e-14 2.09931e-14 3.0094e-14 4.31509e-14 6.18895e-14 8.87898e-14 1.27415e-13 1.82885e-13 2.62548e-13 3.76952e-13 5.41217e-13 7.77003e-13 1.1153e-12 1.60041e-12 2.29554e-12 3.29078e-12 4.71435e-12 6.74837e-12 9.65119e-12 1.37886e-11 1.96774e-11 2.80471e-11 3.99246e-11 5.67533e-11 8.05584e-11 1.14175e-10 1.61565e-10 2.28252e-10 3.21923e-10 4.53247e-10 6.37e-10 8.93595e-10 1.25115e-09 1.74829e-09 2.43792e-09 3.39225e-09 4.7095e-09 6.52284e-09 9.0121e-09 1.24192e-08 1.70685e-08 2.33928e-08 3.19677e-08 4.35557e-08 5.91629e-08 8.01118e-08 1.08134e-07 1.4549e-07 1.95115e-07 2.60808e-07 3.47461e-07 4.61343e-07 6.1044e-07 8.04858e-07 1.0573e-06 1.3836e-06 1.80338e-06 2.34072e-06 3.02507e-06 3.89237e-06 4.98652e-06 6.36178e-06 8.08626e-06 1.02478e-05 1.29628e-05 1.63909e-05 2.07559e-05 2.63778e-05 3.37178e-05 4.34402e-05 5.64958e-05 7.42277e-05 9.85021e-05 0.000131859 0.000177671 0.000240291 0.000325151 0.000438754 0.000588493 0.000782234 0.00102759 0.0013309 0.00169593 0.00212258 0.0026056 0.00313387 0.00369039 0.00425332 0.00479885 0.00530647 0.00576731 0.0061955 0.00664141 0.0072056 0.00805361 0.00943613 0.0117238 0.0154723 0.0215402 0.0312913 0.0469291 0.0720319 0.112378 0.177152 0.280446 0.442091 0.682109 0.978662 1.11552 0.891273 0.599337 0.383872 0.242718 0.153707 0.0985064 0.0646219 0.0440712 0.0319426 0.0253378 0.0226759 0.0232686 0.0270878 0.0346708 0.0471239 0.0661968 0.0944113 0.135242 0.193269 0.273611 0.377191 0.480942 0.510792 0.435463 0.332759 0.250936 0.194545 0.156043 0.128329 0.107911 0.0945871 0.0901318 0.0975466 0.121322 0.168355 0.248682 0.372878 0.528383 0.586214 0.457696 0.313267 0.213896 0.155485 0.126983 0.119612 0.127035 0.144339 0.167248 0.191591 0.212756 0.225725 0.226985 0.217331 0.202105 0.188452 0.182956 0.191538 0.22105 0.28167 0.389632 0.568542 0.816661 0.740813 0.492521 0.327389 0.228582 0.175353 0.154675 0.15894 0.182609 0.217739 0.249193 0.257242 0.234358 0.19335 0.15125 0.116932 0.0921371 0.0754756 0.0647823 0.0580778 0.0538993 0.0513581 0.0500169 0.0496652 0.0501058 0.0510551 0.0521745 0.0531821 0.0539694 0.0546745 0.0556928 0.0576168 0.0610969 0.0666246 0.0742755 0.08349 0.0930261 0.101251 0.106812 0.109404 0.110065 0.110701 0.113152 0.118348 0.125857 0.133891 0.139843 0.141353 0.137452 0.128992 0.118094 0.107201 0.0984596 0.0935822 0.0939478 0.100633 0.114145 0.133772 0.15677 0.178164 0.192389 0.196894 0.19516 0.196219 0.211858 0.254938 0.339424 0.476777 0.640387 0.659947 0.524609 0.413252 0.359873 0.35345 0.374013 0.394664 0.3931 0.371893 0.350566 0.342766 0.350975 0.371821 0.398348 0.413796 0.394303 0.340128 0.279858 0.236183 0.215503 0.215248 0.229318 0.24971 0.267014 0.272827 0.264175 0.244104 0.216865 0.185216 0.151985 0.120925 0.0953532 0.0770155 0.0662783 0.0629241 0.0668214 0.0781816 0.0972399 0.123116 0.151818 0.174877 0.182589 0.172383 0.151753 0.130842 0.115615 0.107151 0.103617 0.102105 0.0998517 0.095004 0.0870289 0.0767121 0.0657112 0.0559106 0.0489597 0.0461851 0.0488001 0.0582505 0.0765635 0.106578 0.151797 0.215181 0.29529 0.378051 0.431271 0.42797 0.379183 0.313505 0.250726 0.201087 0.169246 0.156719 0.163313 0.187156 0.222756 0.257906 0.275415 0.266872 0.243479 0.224973 0.226023 0.254188 0.310896 0.387487 0.45669 0.480889 0.452582 0.396782 0.334519 0.275506 0.2246 0.184167 0.154231 0.133027 0.118006 0.106726 0.0973541 0.0887724 0.0804476 0.0722113 0.0640681 0.0560992 0.0484504 0.0413224 0.034913 0.0293399 0.0246056 0.0206203 0.0172574 0.0144022 0.0119765 0.00993662 0.00825894 0.00692401 0.00590535 0.00516494 0.00465371 0.00431491 0.00408912 0.00391973 0.00375853 0.00357022 0.00333496 0.00304843 0.0027191 0.00236386 0.00200292 0.0016554 0.00133637 0.00105552 0.0008172 0.000621351 0.000464859 0.000342835 0.000249691 0.000179896 0.000128429 9.10011e-05 6.41039e-05 4.49688e-05 3.14695e-05 2.20098e-05 1.54141e-05 1.08304e-05 7.64933e-06 5.44015e-06 3.90163e-06 2.82477e-06 2.06562e-06 1.52557e-06 1.13735e-06 8.55075e-07 6.47478e-07 4.93124e-07 3.77231e-07 2.89493e-07 2.22628e-07 1.7142e-07 1.32065e-07 1.01755e-07 7.83807e-08 6.03466e-08 4.64321e-08 3.56988e-08 2.74229e-08 2.1045e-08 1.61327e-08 1.23513e-08 9.44262e-09 7.20697e-09 5.49034e-09 4.17382e-09 3.16565e-09 2.39496e-09 1.80701e-09 1.35953e-09 1.01984e-09 7.62711e-10 5.68662e-10 4.22683e-10 3.13227e-10 2.31427e-10 1.70499e-10 1.25266e-10 9.1792e-11 6.70972e-11 4.89326e-11 3.56086e-11 2.58608e-11 1.87468e-11 1.35666e-11 9.80225e-12 7.07203e-12 5.09527e-12 3.6663e-12 2.63483e-12 1.89129e-12 1.356e-12 9.71086e-13 6.94628e-13 4.96291e-13 3.54161e-13 2.52424e-13 1.79684e-13 1.27739e-13 9.06885e-14 6.42955e-14 4.55189e-14 3.21789e-14 2.27146e-14 1.60097e-14 1.12667e-14 7.91658e-15 5.55398e-15 3.8904e-15 2.72088e-15 1.89999e-15 1.32473e-15 9.22246e-16 6.41086e-16 4.44988e-16 3.0843e-16 2.13479e-16 1.47557e-16 1.01857e-16 7.022e-17 4.83495e-17 3.32508e-17 2.28408e-17 1.56726e-17 1.07426e-17 7.35591e-18 5.03203e-18 3.43912e-18 2.34838e-18 
1.10466e-18 1.61382e-18 2.35458e-18 3.43084e-18 4.99248e-18 7.25544e-18 1.05305e-17 1.52646e-17 2.20996e-17 3.19566e-17 4.6157e-17 6.65943e-17 9.59816e-17 1.38204e-16 1.98824e-16 2.85803e-16 4.10543e-16 5.89362e-16 8.45632e-16 1.21283e-15 1.73893e-15 2.49269e-15 3.57274e-15 5.12057e-15 7.33929e-15 1.05205e-14 1.50832e-14 2.1629e-14 3.10226e-14 4.45062e-14 6.38645e-14 9.16601e-14 1.31572e-13 1.88878e-13 2.71144e-13 3.89206e-13 5.58568e-13 8.01386e-13 1.14929e-12 1.64734e-12 2.35969e-12 3.37749e-12 4.83005e-12 6.90049e-12 9.84771e-12 1.40371e-11 1.99832e-11 2.84099e-11 4.03325e-11 5.71734e-11 8.09208e-11 1.14348e-10 1.61315e-10 2.27184e-10 3.19381e-10 4.48171e-10 6.27704e-10 8.77429e-10 1.224e-09 1.70383e-09 2.36651e-09 3.27933e-09 4.5333e-09 6.25101e-09 8.59705e-09 1.17915e-08 1.61275e-08 2.19941e-08 2.99058e-08 4.05401e-08 5.47863e-08 7.38069e-08 9.9116e-08 1.32678e-07 1.77029e-07 2.3543e-07 3.12053e-07 4.12202e-07 5.42584e-07 7.11622e-07 9.29831e-07 1.21025e-06 1.569e-06 2.02593e-06 2.60554e-06 3.33824e-06 4.2623e-06 5.42673e-06 6.89578e-06 8.7559e-06 1.1126e-05 1.4173e-05 1.81331e-05 2.33429e-05 3.02796e-05 3.96142e-05 5.22782e-05 6.95413e-05 9.3099e-05 0.000125159 0.000168512 0.000226567 0.000303308 0.000403157 0.000530684 0.000690159 0.000884953 0.00111683 0.00138522 0.00168666 0.00201455 0.00235937 0.00270985 0.00305516 0.00338868 0.00371364 0.00405055 0.00444639 0.00498571 0.00580517 0.00711523 0.00923643 0.0126614 0.0181589 0.0269436 0.0409387 0.0631658 0.0982709 0.153092 0.236794 0.358836 0.519437 0.681731 0.743501 0.642166 0.470769 0.318835 0.208659 0.134944 0.087511 0.0577125 0.0394203 0.028647 0.0229789 0.0211225 0.0226097 0.0276446 0.037062 0.0523646 0.0757956 0.110397 0.160033 0.22944 0.324189 0.447695 0.579242 0.618422 0.515719 0.391182 0.300219 0.240686 0.19953 0.166857 0.139338 0.118566 0.107953 0.111347 0.133697 0.182829 0.271711 0.42026 0.645379 0.762756 0.532383 0.344376 0.229137 0.164871 0.135091 0.129382 0.141214 0.16614 0.200507 0.240061 0.277919 0.303573 0.307393 0.289141 0.258918 0.229427 0.210546 0.209306 0.232232 0.288096 0.390276 0.555009 0.75434 0.696733 0.481401 0.32419 0.22673 0.17266 0.15025 0.152273 0.173257 0.205354 0.234052 0.24092 0.218979 0.179987 0.139885 0.10721 0.0837302 0.0681578 0.0584422 0.052733 0.0496933 0.0485265 0.0488407 0.0504254 0.0530394 0.0562987 0.0596955 0.062717 0.0649998 0.0664714 0.0674435 0.0686019 0.0708382 0.0749336 0.0811994 0.0892153 0.0978116 0.105417 0.110756 0.113584 0.114952 0.116759 0.120852 0.128151 0.138068 0.148367 0.15573 0.157158 0.151608 0.140542 0.12695 0.113903 0.103769 0.0982052 0.0984648 0.105556 0.119998 0.141096 0.165979 0.189242 0.204594 0.208831 0.205242 0.202924 0.213216 0.247042 0.313306 0.412373 0.511534 0.530266 0.465762 0.402035 0.378449 0.397491 0.444078 0.483338 0.478061 0.435642 0.392334 0.370718 0.378721 0.41985 0.493178 0.568658 0.560088 0.457182 0.351158 0.28177 0.248676 0.241513 0.248373 0.25799 0.261442 0.253928 0.235608 0.2101 0.181345 0.151973 0.123933 0.0992009 0.0795254 0.0660152 0.0592217 0.0595946 0.0679665 0.0858081 0.114944 0.156055 0.204895 0.247035 0.261077 0.240394 0.202496 0.167293 0.143233 0.129927 0.123296 0.118771 0.112994 0.104432 0.0931837 0.0804011 0.0677054 0.0567224 0.0488245 0.0451144 0.0466027 0.054472 0.0703144 0.0962107 0.134418 0.186219 0.249354 0.314437 0.364349 0.382336 0.363276 0.316273 0.258767 0.206888 0.169727 0.150067 0.147038 0.157514 0.176013 0.194551 0.20501 0.204646 0.199451 0.200935 0.220985 0.269673 0.353944 0.470358 0.582834 0.618135 0.567021 0.48638 0.40397 0.326656 0.259216 0.205083 0.164461 0.135018 0.113567 0.0972926 0.0842296 0.0732198 0.0636498 0.0551933 0.0476512 0.0408892 0.0348299 0.0294492 0.0247491 0.0207204 0.0173189 0.0144676 0.0120763 0.0100633 0.00836713 0.00694773 0.00577929 0.00484162 0.0041133 0.00356813 0.0031746 0.00289745 0.00270026 0.00254863 0.00241314 0.00227179 0.00211131 0.00192713 0.00172205 0.00150391 0.00128297 0.00106947 0.000871914 0.000696121 0.000545071 0.000419259 0.000317315 0.000236698 0.0001743 0.000126907 9.1501e-05 6.5431e-05 4.64754e-05 3.28412e-05 2.31246e-05 1.62523e-05 1.14211e-05 8.03953e-06 5.67899e-06 4.03252e-06 2.88281e-06 2.07741e-06 1.51027e-06 1.10806e-06 8.20312e-07 6.12421e-07 4.60649e-07 3.48693e-07 2.65297e-07 2.02637e-07 1.55211e-07 1.19108e-07 9.15034e-08 7.03328e-08 5.40642e-08 4.15485e-08 3.19151e-08 2.44998e-08 1.8793e-08 1.44027e-08 1.10269e-08 8.43266e-09 6.44033e-09 4.91141e-09 3.73916e-09 2.84136e-09 2.15464e-09 1.63017e-09 1.23035e-09 9.26175e-10 6.953e-10 5.20507e-10 3.88535e-10 2.89182e-10 2.14612e-10 1.58817e-10 1.172e-10 8.62546e-11 6.33159e-11 4.6363e-11 3.38702e-11 2.46896e-11 1.79606e-11 1.30407e-11 9.45171e-12 6.8392e-12 4.94122e-12 3.56484e-12 2.56838e-12 1.84808e-12 1.32815e-12 9.53347e-13 6.83508e-13 4.89471e-13 3.50105e-13 2.50122e-13 1.78475e-13 1.27192e-13 9.05293e-14 6.43495e-14 4.56788e-14 3.23803e-14 2.29207e-14 1.62011e-14 1.14346e-14 8.05826e-15 5.67026e-15 3.98381e-15 2.79463e-15 1.95741e-15 1.3689e-15 9.55861e-16 6.66438e-16 4.63953e-16 3.22513e-16 2.23866e-16 1.55172e-16 1.07408e-16 7.42453e-17 5.12544e-17 3.53378e-17 2.43339e-17 1.67366e-17 1.1498e-17 7.89039e-18 5.40897e-18 3.70416e-18 2.53422e-18 1.73219e-18 
8.04989e-19 1.17439e-18 1.71111e-18 2.48993e-18 3.61862e-18 5.25235e-18 7.61425e-18 1.1025e-17 1.59449e-17 2.30344e-17 3.32406e-17 4.79205e-17 6.90186e-17 9.93194e-17 1.42811e-16 2.05202e-16 2.94672e-16 4.22932e-16 6.06764e-16 8.70213e-16 1.24776e-15 1.78884e-15 2.56439e-15 3.67622e-15 5.27049e-15 7.55712e-15 1.08376e-14 1.5545e-14 2.23014e-14 3.20002e-14 4.59243e-14 6.59145e-14 9.46115e-14 1.358e-13 1.949e-13 2.79665e-13 4.01176e-13 5.75248e-13 8.24424e-13 1.18079e-12 1.68994e-12 2.41657e-12 3.45234e-12 4.92684e-12 7.02302e-12 9.99867e-12 1.42164e-11 2.01851e-11 2.8618e-11 4.05123e-11 5.72594e-11 8.0797e-11 1.13817e-10 1.6005e-10 2.24657e-10 3.14751e-10 4.40119e-10 6.14183e-10 8.55293e-10 1.18846e-09 1.64767e-09 2.27892e-09 3.14428e-09 4.32718e-09 5.93936e-09 8.12995e-09 1.10972e-08 1.51037e-08 2.04961e-08 2.77301e-08 3.74029e-08 5.02939e-08 6.74167e-08 9.00839e-08 1.19988e-07 1.59302e-07 2.10802e-07 2.78013e-07 3.65391e-07 4.78537e-07 6.24455e-07 8.11868e-07 1.05162e-06 1.35718e-06 1.74539e-06 2.23746e-06 2.86048e-06 3.64971e-06 4.65194e-06 5.93059e-06 7.5731e-06 9.70158e-06 1.24875e-05 1.61721e-05 2.10922e-05 2.77143e-05 3.66746e-05 4.88257e-05 6.52852e-05 8.74816e-05 0.000117186 0.000156516 0.000207897 0.000273954 0.000357328 0.000460409 0.000584984 0.000731862 0.000900506 0.0010888 0.00129305 0.00150834 0.00172949 0.00195273 0.00217844 0.00241497 0.00268394 0.00302702 0.00351508 0.00426118 0.00544044 0.00732204 0.0103208 0.0150783 0.0225861 0.0343596 0.0526588 0.0807036 0.122689 0.183071 0.263876 0.358077 0.439827 0.467425 0.421683 0.332192 0.239682 0.164524 0.110166 0.0732746 0.0492453 0.0341754 0.0252841 0.0208274 0.0199149 0.0223719 0.0286874 0.0400459 0.0584163 0.08662 0.128212 0.1869 0.265261 0.363022 0.474275 0.573881 0.594969 0.515044 0.413622 0.338017 0.288466 0.250697 0.21368 0.176561 0.145104 0.125311 0.121419 0.137364 0.178879 0.254687 0.373693 0.521057 0.574085 0.452405 0.312626 0.215816 0.159814 0.134843 0.133426 0.150973 0.184948 0.233759 0.294609 0.358927 0.40751 0.417906 0.387215 0.335011 0.283 0.245047 0.22856 0.237889 0.276768 0.347985 0.444748 0.521991 0.497365 0.391059 0.28449 0.20733 0.160448 0.138896 0.13786 0.152569 0.175938 0.196321 0.200452 0.183431 0.153012 0.120726 0.0936464 0.0738107 0.0605785 0.0524742 0.0480861 0.0463991 0.0468365 0.0491379 0.0531518 0.0586244 0.0650693 0.0717592 0.0778272 0.0824465 0.0850839 0.0857956 0.0853844 0.0851945 0.0865685 0.0902644 0.0961198 0.103094 0.109706 0.114759 0.118031 0.120512 0.124007 0.130301 0.140261 0.153113 0.16614 0.175258 0.176771 0.169529 0.155614 0.138912 0.123146 0.110893 0.103709 0.102626 0.108456 0.1216 0.141348 0.164948 0.187246 0.202215 0.206587 0.202964 0.199102 0.204318 0.226368 0.269058 0.327511 0.380836 0.400239 0.386093 0.370224 0.37884 0.420765 0.48674 0.540161 0.535303 0.4818 0.425003 0.393126 0.400042 0.458908 0.588508 0.793524 0.812705 0.57851 0.412309 0.321825 0.283869 0.277587 0.2839 0.286236 0.275248 0.251136 0.219489 0.185991 0.154188 0.125663 0.101079 0.0809617 0.0658713 0.0563289 0.0528952 0.0564603 0.0686351 0.0920827 0.130464 0.187051 0.25952 0.327949 0.351212 0.314262 0.254214 0.204547 0.17423 0.159564 0.15306 0.147653 0.139002 0.126022 0.109845 0.0924604 0.0758935 0.0618352 0.0515236 0.0458215 0.0454372 0.0511885 0.0642118 0.0860188 0.118265 0.16203 0.216427 0.276734 0.332741 0.368498 0.367513 0.327885 0.268467 0.211386 0.168558 0.142821 0.132482 0.133844 0.142044 0.151705 0.158584 0.161986 0.16607 0.17884 0.210228 0.270901 0.370743 0.511014 0.655021 0.706878 0.655159 0.572453 0.480541 0.385058 0.298051 0.228122 0.176202 0.138844 0.111723 0.0913405 0.0754066 0.0625834 0.0521022 0.0434703 0.0363195 0.0303543 0.0253448 0.0211249 0.0175772 0.0146115 0.0121463 0.010102 0.00840378 0.00698774 0.00580487 0.00482063 0.00401109 0.00335787 0.00284388 0.00245073 0.00215792 0.00194335 0.00178464 0.00166076 0.00155366 0.00144955 0.00133959 0.0012199 0.00109084 0.00095582 0.000819886 0.000688411 0.000566078 0.000456285 0.000360944 0.000280588 0.000214656 0.000161843 0.000120434 8.85795e-05 6.44859e-05 4.65324e-05 3.33286e-05 2.37289e-05 1.68181e-05 1.18846e-05 8.38691e-06 5.92038e-06 4.18757e-06 2.97275e-06 2.12134e-06 1.52369e-06 1.10271e-06 8.04603e-07 5.92022e-07 4.39169e-07 3.28247e-07 2.46981e-07 1.86882e-07 1.42047e-07 1.08342e-07 8.28406e-08 6.34468e-08 4.86412e-08 3.73074e-08 2.86159e-08 2.19437e-08 1.68194e-08 1.28835e-08 9.86087e-09 7.54055e-09 5.7602e-09 4.39499e-09 3.34884e-09 2.54784e-09 1.93516e-09 1.46705e-09 1.10988e-09 8.37807e-10 6.30923e-10 4.73934e-10 3.55077e-10 2.65312e-10 1.97699e-10 1.46911e-10 1.08872e-10 8.04647e-11 5.93132e-11 4.36106e-11 3.19868e-11 2.34066e-11 1.70902e-11 1.24525e-11 9.05562e-12 6.57339e-12 4.76346e-12 3.44639e-12 2.48977e-12 1.79615e-12 1.29404e-12 9.31105e-13 6.69136e-13 4.80293e-13 3.44336e-13 2.46571e-13 1.76354e-13 1.2598e-13 8.98845e-14 6.40501e-14 4.55821e-14 3.23962e-14 2.29934e-14 1.6297e-14 1.15344e-14 8.15179e-15 5.75269e-15 4.05359e-15 2.85202e-15 2.00357e-15 1.40539e-15 9.84288e-16 6.88316e-16 4.80614e-16 3.35083e-16 2.33274e-16 1.6216e-16 1.12564e-16 7.80265e-17 5.40118e-17 3.73381e-17 2.5778e-17 1.77744e-17 1.22408e-17 8.41996e-18 5.78513e-18 3.97044e-18 2.7221e-18 1.86436e-18 1.27565e-18 
5.85707e-19 8.53346e-19 1.24173e-18 1.80464e-18 2.61953e-18 3.7978e-18 5.4996e-18 7.95494e-18 1.14939e-17 1.659e-17 2.39219e-17 3.44625e-17 4.96053e-17 7.13466e-17 1.02546e-16 1.47299e-16 2.11474e-16 3.03479e-16 4.35365e-16 6.24408e-16 8.95388e-16 1.28385e-15 1.84082e-15 2.63951e-15 3.7851e-15 5.42858e-15 7.78681e-15 1.11712e-14 1.6029e-14 2.30021e-14 3.30116e-14 4.73781e-14 6.79946e-14 9.75713e-14 1.39985e-13 2.00776e-13 2.87852e-13 4.12482e-13 5.90711e-13 8.45342e-13 1.20873e-12 1.72673e-12 2.46419e-12 3.51267e-12 5.00124e-12 7.11146e-12 1.00983e-11 1.43192e-11 2.02739e-11 2.86603e-11 4.04504e-11 5.6995e-11 8.01676e-11 1.1256e-10 1.57747e-10 2.20651e-10 3.08024e-10 4.2911e-10 5.96514e-10 8.27382e-10 1.14495e-09 1.58061e-09 2.17661e-09 2.98962e-09 4.09541e-09 5.59484e-09 7.62181e-09 1.03533e-08 1.40227e-08 1.8936e-08 2.54939e-08 3.42185e-08 4.57877e-08 6.10781e-08 8.12188e-08 1.07657e-07 1.42241e-07 1.87317e-07 2.45851e-07 3.21577e-07 4.1918e-07 5.44522e-07 7.04939e-07 9.09642e-07 1.17026e-06 1.50165e-06 1.92302e-06 2.45966e-06 3.14541e-06 4.02631e-06 5.16578e-06 6.65182e-06 8.60694e-06 1.12013e-05 1.46692e-05 1.93305e-05 2.56143e-05 3.4086e-05 4.54746e-05 6.06951e-05 8.08613e-05 0.00010728 0.000141416 0.000184822 0.000239023 0.000305354 0.000384774 0.000477661 0.000583653 0.000701576 0.000829546 0.000965342 0.00110716 0.00125488 0.00141202 0.0015885 0.00180446 0.00209551 0.00252011 0.00317028 0.00418802 0.00579051 0.00830861 0.0122431 0.0183423 0.0276962 0.0418251 0.0626889 0.0924474 0.132633 0.182252 0.234755 0.276021 0.289116 0.267424 0.221447 0.168686 0.121519 0.0847003 0.0582266 0.0402526 0.0286971 0.0218913 0.0187592 0.0188324 0.0222486 0.0298011 0.0430618 0.0645646 0.0979522 0.147789 0.21829 0.309601 0.411258 0.499552 0.548023 0.538942 0.481686 0.415449 0.367413 0.336764 0.306938 0.265268 0.215741 0.170968 0.140064 0.126874 0.133119 0.160743 0.21173 0.28306 0.352723 0.371992 0.321471 0.245489 0.182442 0.143193 0.127066 0.13148 0.154957 0.197713 0.261214 0.345844 0.443743 0.526345 0.550195 0.506028 0.427211 0.34723 0.285429 0.249868 0.242015 0.260076 0.298904 0.345436 0.373452 0.356821 0.301127 0.235423 0.180445 0.143139 0.123546 0.119314 0.126791 0.140349 0.151921 0.153409 0.141831 0.121261 0.0985796 0.078774 0.0638184 0.0537061 0.0476421 0.0447734 0.0445127 0.0466019 0.0510135 0.0577595 0.0666787 0.0772734 0.0886283 0.0994072 0.107965 0.112761 0.113159 0.110095 0.105824 0.102798 0.102573 0.105359 0.110213 0.115649 0.120426 0.124237 0.127943 0.133232 0.141835 0.154575 0.170476 0.186309 0.197183 0.198697 0.189603 0.172606 0.152496 0.133636 0.118787 0.109335 0.105998 0.10928 0.119374 0.135564 0.155444 0.174704 0.188384 0.193667 0.192174 0.189406 0.191951 0.204841 0.229704 0.262827 0.294512 0.314956 0.325192 0.337834 0.36652 0.417863 0.484826 0.538018 0.541288 0.498045 0.442829 0.405033 0.404863 0.460659 0.595835 0.831464 0.863562 0.597044 0.428249 0.344024 0.317914 0.327052 0.346012 0.347614 0.319227 0.271146 0.219727 0.174104 0.13674 0.107156 0.0842015 0.0669731 0.0550194 0.0483121 0.0472746 0.0529641 0.0673898 0.0938707 0.137155 0.202322 0.289315 0.37652 0.407483 0.359258 0.286761 0.232232 0.203456 0.193728 0.192187 0.188771 0.177992 0.159744 0.136869 0.112698 0.0900736 0.0710642 0.056918 0.0482452 0.0453623 0.0486398 0.0587488 0.0767604 0.104058 0.141993 0.191159 0.249989 0.311807 0.359997 0.369872 0.332681 0.270432 0.209875 0.163886 0.134637 0.119769 0.115462 0.11754 0.122153 0.126803 0.131556 0.139661 0.157181 0.192146 0.253674 0.349921 0.480238 0.614261 0.688585 0.691173 0.651286 0.56504 0.447577 0.336026 0.24881 0.18616 0.142106 0.110557 0.0871312 0.069153 0.0550936 0.0440336 0.0353342 0.0284912 0.0230898 0.0187975 0.0153601 0.01259 0.0103484 0.00852902 0.007047 0.00583348 0.00483412 0.00400798 0.0033256 0.00276598 0.00231326 0.00195385 0.00167459 0.00146187 0.00130168 0.0011801 0.00108422 0.00100287 0.000927378 0.00085191 0.000773451 0.000691455 0.000607217 0.000523116 0.000441893 0.000366069 0.00029757 0.000237565 0.000186471 0.000144078 0.000109721 8.24618e-05 6.12413e-05 4.50018e-05 3.27621e-05 2.36611e-05 1.69745e-05 1.21129e-05 8.60995e-06 6.10518e-06 4.32519e-06 3.06622e-06 2.17858e-06 1.55371e-06 1.11376e-06 8.03405e-07 5.83661e-07 4.27243e-07 3.15147e-07 2.34179e-07 1.75194e-07 1.31847e-07 9.97212e-08 7.57259e-08 5.76807e-08 4.40325e-08 3.36632e-08 2.57582e-08 1.97171e-08 1.50931e-08 1.15505e-08 8.83511e-09 6.75368e-09 5.15848e-09 3.93638e-09 3.00058e-09 2.28447e-09 1.73687e-09 1.31852e-09 9.99232e-10 7.5585e-10 5.7059e-10 4.29801e-10 3.23003e-10 2.42155e-10 1.81089e-10 1.35074e-10 1.0049e-10 7.45652e-11 5.51855e-11 4.07385e-11 2.99989e-11 2.20375e-11 1.61515e-11 1.18116e-11 8.61977e-12 6.27806e-12 4.56402e-12 3.31217e-12 2.39975e-12 1.736e-12 1.25401e-12 9.04597e-13 6.51684e-13 4.68887e-13 3.36949e-13 2.41844e-13 1.73375e-13 1.24142e-13 8.87819e-14 6.34163e-14 4.52415e-14 3.22345e-14 2.29372e-14 1.62998e-14 1.15673e-14 8.19745e-15 5.80106e-15 4.09929e-15 2.89249e-15 2.03794e-15 1.4337e-15 1.0071e-15 7.06364e-16 4.94685e-16 3.45919e-16 2.41529e-16 1.68391e-16 1.17229e-16 8.14929e-17 5.65703e-17 3.9215e-17 2.71472e-17 1.87681e-17 1.29584e-17 8.93592e-18 6.15457e-18 4.23393e-18 2.90935e-18 1.99697e-18 1.36927e-18 9.37918e-19 
4.2554e-19 6.19207e-19 8.99924e-19 1.30634e-18 1.89409e-18 2.74313e-18 3.96836e-18 5.73472e-18 8.27887e-18 1.19402e-17 1.72053e-17 2.47714e-17 3.56377e-17 5.12355e-17 7.36158e-17 1.05717e-16 1.51752e-16 2.17756e-16 3.12384e-16 4.48052e-16 6.42567e-16 9.21484e-16 1.32149e-15 1.89523e-15 2.71833e-15 3.89935e-15 5.59416e-15 8.02654e-15 1.15176e-14 1.65281e-14 2.37185e-14 3.40352e-14 4.88332e-14 7.00505e-14 1.00456e-13 1.44003e-13 2.06324e-13 2.9544e-13 4.22749e-13 6.04431e-13 8.63415e-13 1.23214e-12 1.7564e-12 2.5008e-12 3.55622e-12 5.05033e-12 7.16212e-12 1.01421e-11 1.43399e-11 2.02429e-11 2.85287e-11 4.01373e-11 5.63698e-11 7.90223e-11 1.10568e-10 1.54403e-10 2.15179e-10 2.99246e-10 4.15248e-10 5.74912e-10 7.94099e-10 1.09419e-09 1.50389e-09 2.06164e-09 2.81873e-09 3.84329e-09 5.22564e-09 7.08494e-09 9.57799e-09 1.29103e-08 1.73504e-08 2.32476e-08 3.10551e-08 4.13582e-08 5.49098e-08 7.26747e-08 9.58836e-08 1.261e-07 1.65305e-07 2.15994e-07 2.81313e-07 3.65221e-07 4.72708e-07 6.10097e-07 7.85458e-07 1.00921e-06 1.29496e-06 1.66077e-06 2.13094e-06 2.73854e-06 3.52895e-06 4.56477e-06 5.93229e-06 7.7499e-06 1.01786e-05 1.34349e-05 1.78049e-05 2.36598e-05 3.14705e-05 4.18181e-05 5.53979e-05 7.30112e-05 9.55398e-05 0.0001239 0.000158971 0.000201507 0.000252035 0.000310754 0.000377479 0.000451648 0.000532461 0.000619202 0.000711826 0.000811908 0.000924052 0.00105792 0.00123105 0.0014729 0.00183048 0.0023768 0.00322318 0.00453749 0.00657008 0.00968856 0.0144195 0.0214877 0.0318257 0.046498 0.0664327 0.0918212 0.121113 0.149946 0.171204 0.177755 0.167072 0.143253 0.113928 0.085712 0.0621865 0.0443313 0.0317096 0.0234138 0.0186001 0.0167374 0.0177227 0.0219724 0.0305566 0.0454192 0.0697029 0.108126 0.167137 0.253843 0.370564 0.498387 0.580066 0.5769 0.52481 0.464305 0.417014 0.391042 0.378067 0.355992 0.309191 0.247295 0.190164 0.149236 0.127291 0.123658 0.136997 0.165052 0.201652 0.232738 0.239821 0.217211 0.179274 0.143983 0.121237 0.114363 0.124357 0.152474 0.201401 0.275345 0.377953 0.504185 0.622148 0.671724 0.628911 0.528426 0.417639 0.328842 0.272989 0.248455 0.248718 0.264563 0.283449 0.290425 0.275021 0.239459 0.195846 0.15594 0.126101 0.108091 0.101014 0.102335 0.108059 0.11309 0.112808 0.105432 0.0927944 0.0785043 0.0655969 0.055588 0.0487648 0.0448368 0.0434504 0.0444593 0.0479867 0.0543381 0.063827 0.0765669 0.0922715 0.110041 0.128067 0.143374 0.152328 0.15259 0.145245 0.134467 0.124858 0.119257 0.118253 0.120796 0.125121 0.129698 0.133973 0.138653 0.145411 0.156085 0.171605 0.190873 0.210027 0.22304 0.224427 0.212767 0.191695 0.16727 0.144656 0.126744 0.114617 0.108551 0.108661 0.114916 0.12666 0.142035 0.157868 0.170568 0.17792 0.180477 0.181232 0.183976 0.19174 0.205815 0.225099 0.246402 0.266906 0.28745 0.312832 0.348787 0.398216 0.456089 0.504398 0.519942 0.495917 0.448487 0.404965 0.38998 0.419607 0.498693 0.595439 0.598614 0.492015 0.392368 0.343799 0.346699 0.389126 0.442267 0.453652 0.397365 0.311208 0.232222 0.17117 0.126704 0.0949223 0.0724124 0.0568412 0.0468662 0.0419488 0.0422689 0.0487904 0.0634584 0.089429 0.131029 0.192466 0.272472 0.350493 0.379714 0.342691 0.284134 0.242026 0.225303 0.227701 0.236416 0.238248 0.226534 0.2028 0.172121 0.13949 0.108992 0.083476 0.0643744 0.0520234 0.0462532 0.0469036 0.0541417 0.0686014 0.0913768 0.123851 0.167204 0.221089 0.280292 0.32912 0.342726 0.311098 0.254434 0.198124 0.154419 0.125359 0.10877 0.101318 0.0996578 0.101015 0.103835 0.10845 0.117405 0.135254 0.168005 0.222207 0.302793 0.407732 0.520494 0.616906 0.690178 0.720831 0.64555 0.497665 0.360725 0.259582 0.18979 0.14184 0.107902 0.0828922 0.063895 0.0492831 0.0380536 0.0294773 0.022963 0.0180213 0.0142593 0.0113746 0.00914221 0.00739846 0.00602388 0.00493035 0.00405221 0.00334073 0.00276035 0.00228564 0.00189844 0.00158532 0.00133546 0.0011392 0.000987285 0.000870641 0.000780526 0.000708898 0.000648822 0.000594815 0.000543031 0.000491257 0.000438723 0.000385767 0.000333432 0.000283066 0.000235988 0.000193259 0.000155562 0.000123182 9.60519e-05 7.38321e-05 5.60091e-05 4.19809e-05 3.11267e-05 2.28569e-05 1.66427e-05 1.20305e-05 8.64455e-06 6.18245e-06 4.40683e-06 3.1351e-06 2.22928e-06 1.58675e-06 1.13216e-06 8.10879e-07 5.83683e-07 4.22662e-07 3.08105e-07 2.26172e-07 1.67189e-07 1.24413e-07 9.31449e-08 7.01056e-08 5.29997e-08 4.02103e-08 3.059e-08 2.33168e-08 1.7796e-08 1.35927e-08 1.03856e-08 7.93496e-09 6.06086e-09 4.62709e-09 3.53012e-09 2.691e-09 2.04937e-09 1.55901e-09 1.1845e-09 8.9871e-10 6.8082e-10 5.14881e-10 3.88668e-10 2.92809e-10 2.20124e-10 1.65112e-10 1.23559e-10 9.22414e-11 6.86926e-11 5.10288e-11 3.78133e-11 2.79515e-11 2.06118e-11 1.51636e-11 1.11302e-11 8.15175e-12 5.95787e-12 4.34578e-12 3.16393e-12 2.29939e-12 1.66829e-12 1.20849e-12 8.74103e-13 6.31345e-13 4.55389e-13 3.28045e-13 2.36013e-13 1.69592e-13 1.21716e-13 8.72501e-14 6.24685e-14 4.46712e-14 3.19051e-14 2.27587e-14 1.62136e-14 1.15357e-14 8.19648e-15 5.81593e-15 4.12104e-15 2.91594e-15 2.06027e-15 1.45357e-15 1.02402e-15 7.20335e-16 5.05954e-16 3.54844e-16 2.48492e-16 1.73756e-16 1.21318e-16 8.45808e-17 5.88828e-17 4.0934e-17 2.84164e-17 1.96995e-17 1.36381e-17 9.42934e-18 6.51105e-18 4.49034e-18 3.09301e-18 2.12802e-18 1.46244e-18 1.00393e-18 6.88451e-19 
3.08754e-19 4.48734e-19 6.51417e-19 9.44567e-19 1.36811e-18 1.97944e-18 2.86094e-18 4.13091e-18 5.95899e-18 8.5885e-18 1.23682e-17 1.7798e-17 2.55942e-17 3.67836e-17 5.28373e-17 7.58642e-17 1.08887e-16 1.56242e-16 2.24144e-16 3.21513e-16 4.61147e-16 6.61411e-16 9.48672e-16 1.36078e-15 1.95206e-15 2.80052e-15 4.0181e-15 5.76542e-15 8.27287e-15 1.18707e-14 1.7032e-14 2.4434e-14 3.50452e-14 5.02497e-14 7.20223e-14 1.03178e-13 1.47726e-13 2.11361e-13 3.02172e-13 4.3162e-13 6.15923e-13 8.7799e-13 1.25013e-12 1.77781e-12 2.52494e-12 3.58112e-12 5.07178e-12 7.17212e-12 1.01264e-11 1.42742e-11 2.00871e-11 2.82179e-11 3.95682e-11 5.53804e-11 7.73616e-11 1.07851e-10 1.50045e-10 2.08299e-10 2.88527e-10 3.98737e-10 5.49735e-10 7.56056e-10 1.03718e-09 1.41914e-09 1.9366e-09 2.63554e-09 3.57678e-09 4.84048e-09 6.53193e-09 8.78895e-09 1.17913e-08 1.57728e-08 2.10361e-08 2.7972e-08 3.70826e-08 4.90114e-08 6.45793e-08 8.48305e-08 1.11089e-07 1.45031e-07 1.88776e-07 2.45008e-07 3.17136e-07 4.09516e-07 5.27759e-07 6.7917e-07 8.73373e-07 1.1232e-06 1.44594e-06 1.8651e-06 2.41282e-06 3.13306e-06 4.08583e-06 5.35256e-06 7.04257e-06 9.30079e-06 1.23162e-05 1.63301e-05 2.16443e-05 2.86253e-05 3.77045e-05 4.93711e-05 6.41543e-05 8.25951e-05 0.000105205 0.000132416 0.000164532 0.000201683 0.000243819 0.000290753 0.000342293 0.000398507 0.000460176 0.00052949 0.000611081 0.000713505 0.000851338 0.00104815 0.00134075 0.00178531 0.00246603 0.00350727 0.00508946 0.00746804 0.0109918 0.0161107 0.0233534 0.0332388 0.0460744 0.0616064 0.0785708 0.0944043 0.105598 0.109022 0.103634 0.0911524 0.0750068 0.0585858 0.0441397 0.0326545 0.0242507 0.0186535 0.0155412 0.0147629 0.0164845 0.021326 0.030552 0.0463675 0.0723777 0.114252 0.180545 0.283166 0.434676 0.626461 0.737777 0.656743 0.543823 0.466259 0.42361 0.406503 0.399315 0.378012 0.327281 0.25937 0.196434 0.150215 0.122607 0.111521 0.113905 0.126049 0.142508 0.155506 0.157479 0.146452 0.12785 0.109951 0.0992221 0.0995089 0.113388 0.143671 0.194415 0.271119 0.378971 0.515992 0.658331 0.7538 0.747764 0.632941 0.486003 0.369344 0.295933 0.259059 0.247792 0.250503 0.255395 0.252132 0.23521 0.206216 0.171829 0.139272 0.113279 0.0956712 0.0861221 0.0828975 0.083309 0.0842311 0.0830232 0.0785648 0.0715358 0.063626 0.0564238 0.0508213 0.047057 0.0450718 0.0448641 0.0466938 0.0511095 0.0588474 0.0706701 0.0871933 0.108692 0.134734 0.163348 0.189741 0.206304 0.206841 0.192639 0.171919 0.153185 0.140995 0.136036 0.136662 0.140344 0.144862 0.149231 0.1541 0.161434 0.173591 0.192026 0.21582 0.240329 0.257337 0.258762 0.242619 0.214688 0.183647 0.155911 0.134312 0.119304 0.110496 0.107526 0.110154 0.117891 0.129545 0.143117 0.156302 0.167387 0.175865 0.18226 0.187597 0.193214 0.200729 0.211552 0.226313 0.245086 0.268189 0.296563 0.331534 0.374053 0.422223 0.467338 0.493181 0.484032 0.442027 0.392124 0.360741 0.360381 0.387323 0.417368 0.414091 0.374217 0.33435 0.32547 0.361671 0.446496 0.558227 0.596036 0.490264 0.352586 0.244873 0.170137 0.119927 0.0864423 0.0642086 0.0497485 0.0410443 0.0371408 0.0379344 0.0441189 0.0572263 0.0796324 0.114198 0.16273 0.221737 0.27548 0.298291 0.282755 0.252729 0.233668 0.23521 0.253517 0.27545 0.28522 0.275035 0.247834 0.210323 0.169038 0.129916 0.0971884 0.0726949 0.0564797 0.0478125 0.0459469 0.0505107 0.0616472 0.080007 0.106587 0.142241 0.186393 0.234227 0.273106 0.285232 0.263726 0.221799 0.177739 0.141739 0.116285 0.100205 0.0912248 0.0870521 0.0858788 0.0868104 0.0902633 0.0981498 0.113734 0.141197 0.184849 0.247671 0.329035 0.423749 0.526963 0.636424 0.712888 0.651432 0.495527 0.354305 0.25244 0.183041 0.135582 0.101982 0.0771936 0.0584005 0.0440442 0.0331431 0.024957 0.0188717 0.0143749 0.0110543 0.00859173 0.00675061 0.00535952 0.00429582 0.00347206 0.00282581 0.00231256 0.00190076 0.00156819 0.00129921 0.00108244 0.000909188 0.000772196 0.000664987 0.000581541 0.000516257 0.000464065 0.00042061 0.000382406 0.000346926 0.000312599 0.000278699 0.000245172 0.000212416 0.000181057 0.000151759 0.000125089 0.000101429 8.09587e-05 6.36593e-05 4.93575e-05 3.77716e-05 2.85592e-05 2.13575e-05 1.58143e-05 1.1607e-05 8.45362e-06 6.11677e-06 4.40225e-06 3.15529e-06 2.25515e-06 1.60941e-06 1.14844e-06 8.20524e-07 5.87753e-07 4.22618e-07 3.05358e-07 2.21887e-07 1.62237e-07 1.19388e-07 8.84167e-08 6.58742e-08 4.93468e-08 3.71414e-08 2.80655e-08 2.12744e-08 1.61654e-08 1.23045e-08 9.3765e-09 7.14989e-09 5.45342e-09 4.15921e-09 3.17114e-09 2.41654e-09 1.84023e-09 1.40017e-09 1.06429e-09 8.08077e-10 6.12766e-10 4.64009e-10 3.5082e-10 2.64795e-10 1.99499e-10 1.50011e-10 1.12565e-10 8.42841e-11 6.29663e-11 4.69318e-11 3.48985e-11 2.58892e-11 1.91604e-11 1.41474e-11 1.0422e-11 7.66051e-12 5.61856e-12 4.11234e-12 3.00393e-12 2.19011e-12 1.5939e-12 1.15802e-12 8.39977e-13 6.08351e-13 4.39955e-13 3.1773e-13 2.29155e-13 1.6506e-13 1.18743e-13 8.53185e-14 6.1228e-14 4.38865e-14 3.14185e-14 2.2465e-14 1.60432e-14 1.14427e-14 8.15088e-15 5.79846e-15 4.11945e-15 2.92263e-15 2.07064e-15 1.46494e-15 1.03494e-15 7.30094e-16 5.14287e-16 3.61736e-16 2.54059e-16 1.78169e-16 1.24763e-16 8.72365e-17 6.0908e-17 4.24638e-17 2.95624e-17 2.05516e-17 1.42675e-17 9.89139e-18 6.84834e-18 4.73529e-18 3.27005e-18 2.2554e-18 1.55372e-18 1.06909e-18 7.34794e-19 5.04481e-19 
2.23738e-19 3.24808e-19 4.71009e-19 6.82274e-19 9.87258e-19 1.42712e-18 2.06096e-18 2.97357e-18 4.28658e-18 6.17441e-18 8.88709e-18 1.27831e-17 1.8376e-17 2.64024e-17 3.79178e-17 5.44356e-17 7.81261e-17 1.12102e-16 1.60828e-16 2.30712e-16 3.30946e-16 4.74727e-16 6.80996e-16 9.76938e-16 1.40157e-15 2.01089e-15 2.88521e-15 4.13971e-15 5.93947e-15 8.52094e-15 1.22225e-14 1.75282e-14 2.51295e-14 3.60129e-14 5.1585e-14 7.38481e-14 1.05649e-13 1.51028e-13 2.15713e-13 3.0781e-13 4.38773e-13 6.24755e-13 8.88501e-13 1.26198e-12 1.79002e-12 2.53543e-12 3.58591e-12 5.06381e-12 7.13935e-12 1.00489e-11 1.41198e-11 1.98045e-11 2.77266e-11 3.87439e-11 5.40321e-11 7.51993e-11 1.04438e-10 1.44729e-10 2.00113e-10 2.76046e-10 3.7988e-10 5.2148e-10 7.14046e-10 9.75183e-10 1.32829e-09 1.80435e-09 2.4443e-09 3.30199e-09 4.44806e-09 5.97488e-09 8.00278e-09 1.0688e-08 1.42329e-08 1.88981e-08 2.50191e-08 3.3025e-08 4.34645e-08 5.70359e-08 7.46274e-08 9.73669e-08 1.26688e-07 1.64417e-07 2.12889e-07 2.75112e-07 3.5499e-07 4.57639e-07 5.89835e-07 7.60637e-07 9.82257e-07 1.27125e-06 1.6501e-06 2.14937e-06 2.81032e-06 3.68835e-06 4.85693e-06 6.41219e-06 8.47776e-06 1.12095e-05 1.47992e-05 1.94767e-05 2.55087e-05 3.31928e-05 4.2847e-05 5.47918e-05 6.93279e-05 8.67105e-05 0.000107126 0.000130682 0.000157414 0.000187344 0.000220594 0.000257598 0.000299434 0.000348344 0.000408485 0.000486998 0.000595538 0.000752417 0.000985625 0.00133704 0.00186816 0.00266751 0.00385954 0.00561342 0.00814836 0.0117279 0.016631 0.0230822 0.0311256 0.0404456 0.0501912 0.0589371 0.0649528 0.0668128 0.0640635 0.0574655 0.0486089 0.039213 0.0305893 0.0234734 0.0181341 0.0145873 0.0127994 0.0128492 0.0150651 0.0201741 0.0295093 0.0453296 0.0713202 0.113358 0.180613 0.286865 0.450514 0.679585 0.825898 0.688299 0.551908 0.474756 0.436957 0.417906 0.400778 0.369222 0.315141 0.249082 0.188405 0.14272 0.113466 0.0983255 0.0939421 0.0966615 0.102409 0.10683 0.106482 0.100586 0.0914993 0.0832718 0.0798687 0.084508 0.100043 0.129717 0.177795 0.249682 0.350755 0.482758 0.638086 0.792178 0.853692 0.715957 0.531493 0.39673 0.315602 0.274702 0.259946 0.258216 0.257451 0.248492 0.227751 0.197673 0.16405 0.132552 0.106786 0.0880964 0.0761589 0.0696279 0.0666197 0.0651479 0.0636226 0.0612827 0.0582609 0.0551966 0.0526905 0.0509808 0.0499854 0.0495975 0.0500078 0.0518628 0.0562082 0.0643159 0.0775193 0.0971203 0.124298 0.159695 0.201954 0.244542 0.273495 0.274867 0.250303 0.215917 0.186248 0.16748 0.159694 0.159945 0.164211 0.168943 0.1725 0.175808 0.18181 0.194098 0.215341 0.245461 0.279151 0.304228 0.306474 0.282276 0.242566 0.201367 0.16678 0.140976 0.123208 0.112112 0.10674 0.106673 0.111666 0.12124 0.134519 0.150333 0.167398 0.184205 0.19871 0.20872 0.213571 0.215558 0.218957 0.227462 0.242586 0.263757 0.289402 0.318433 0.351287 0.388694 0.427338 0.454766 0.452183 0.414965 0.363973 0.323412 0.303596 0.30128 0.303972 0.2986 0.284857 0.277193 0.293636 0.349269 0.455048 0.599437 0.65723 0.520382 0.359597 0.24196 0.163496 0.112412 0.0794065 0.0582407 0.0449768 0.0372767 0.033931 0.0345901 0.0396274 0.0500512 0.0673308 0.0928818 0.126775 0.16536 0.19927 0.21718 0.217144 0.210761 0.21261 0.230344 0.261712 0.294673 0.313093 0.308461 0.282962 0.242589 0.194904 0.148421 0.109371 0.0802069 0.0607198 0.0496521 0.0457158 0.0480307 0.056237 0.0704466 0.0910491 0.118232 0.150924 0.185021 0.212027 0.221793 0.210656 0.185366 0.156372 0.130612 0.110512 0.0959705 0.0860243 0.0796161 0.0759182 0.0746014 0.0761069 0.0817947 0.0938689 0.115075 0.148175 0.195185 0.256638 0.331726 0.419147 0.511475 0.570347 0.532445 0.422059 0.310824 0.225396 0.164999 0.12266 0.0921505 0.0693779 0.0520067 0.0387199 0.0286607 0.0211586 0.0156415 0.0116249 0.00871487 0.00660591 0.00506971 0.00394073 0.00310117 0.0024682 0.00198384 0.00160768 0.00131166 0.00107632 0.000888122 0.000737482 0.000617304 0.000522015 0.000446942 0.000387976 0.000341441 0.000304087 0.000273142 0.000246372 0.000222119 0.000199285 0.00017728 0.000155918 0.000135301 0.000115692 9.74098e-05 8.07429e-05 6.58979e-05 5.29767e-05 4.19768e-05 3.28072e-05 2.53122e-05 1.92965e-05 1.45488e-05 1.08592e-05 8.03205e-06 5.89323e-06 4.29377e-06 3.10998e-06 2.24184e-06 1.61026e-06 1.15389e-06 8.25962e-07 5.91352e-07 4.24004e-07 3.04829e-07 2.19976e-07 1.59487e-07 1.16251e-07 8.52275e-08 6.28534e-08 4.66218e-08 3.477e-08 2.60581e-08 1.96117e-08 1.48121e-08 1.12185e-08 8.51488e-09 6.47268e-09 4.92518e-09 3.74973e-09 2.85536e-09 2.17407e-09 1.65476e-09 1.2588e-09 9.56906e-10 7.2678e-10 5.51439e-10 4.17921e-10 3.16326e-10 2.3909e-10 1.80432e-10 1.35937e-10 1.02231e-10 7.6735e-11 5.74817e-11 4.29688e-11 3.20505e-11 2.38535e-11 1.77131e-11 1.31237e-11 9.70151e-12 7.1558e-12 5.2666e-12 3.86795e-12 2.8349e-12 2.07365e-12 1.51394e-12 1.10331e-12 8.02664e-13 5.82986e-13 4.2277e-13 3.06129e-13 2.21354e-13 1.59838e-13 1.15266e-13 8.30171e-14 5.97164e-14 4.29029e-14 3.07859e-14 2.20643e-14 1.57942e-14 1.12921e-14 8.06317e-15 5.75027e-15 4.09553e-15 2.91314e-15 2.06934e-15 1.46794e-15 1.03988e-15 7.3561e-16 5.19626e-16 3.66528e-16 2.58162e-16 1.81569e-16 1.27512e-16 8.94176e-17 6.2612e-17 4.37781e-17 3.05651e-17 2.13094e-17 1.48354e-17 1.03138e-17 7.16041e-18 4.96444e-18 3.43738e-18 2.37697e-18 1.64161e-18 1.13236e-18 7.80148e-19 5.36868e-19 3.69038e-19 
1.61942e-19 2.34849e-19 3.40218e-19 4.92355e-19 7.11816e-19 1.02812e-18 1.48364e-18 2.13917e-18 3.08191e-18 4.43689e-18 6.38339e-18 9.17841e-18 1.31904e-17 1.89477e-17 2.72076e-17 3.90563e-17 5.60519e-17 8.0429e-17 1.15394e-16 1.65548e-16 2.37494e-16 3.40707e-16 4.88787e-16 7.01248e-16 1.00609e-15 1.44346e-15 2.07094e-15 2.97102e-15 4.26186e-15 6.11253e-15 8.76481e-15 1.25641e-14 1.80031e-14 2.57845e-14 3.69082e-14 5.27962e-14 7.5467e-14 1.07782e-13 1.53792e-13 2.1922e-13 3.12141e-13 4.43926e-13 6.30561e-13 8.94475e-13 1.26708e-12 1.7923e-12 2.53136e-12 3.56954e-12 5.02526e-12 7.06262e-12 9.90854e-12 1.3876e-11 1.93955e-11 2.70578e-11 3.76716e-11 5.23399e-11 7.25641e-11 1.00381e-10 1.38544e-10 1.90768e-10 2.62045e-10 3.59061e-10 4.90749e-10 6.68996e-10 9.09579e-10 1.23336e-09 1.66786e-09 2.24923e-09 3.02483e-09 4.05651e-09 5.42479e-09 7.23413e-09 9.61964e-09 1.27555e-08 1.68656e-08 2.22369e-08 2.92364e-08 3.83322e-08 5.01215e-08 6.53657e-08 8.50369e-08 1.10381e-07 1.43001e-07 1.84976e-07 2.3902e-07 3.08707e-07 3.98787e-07 5.15615e-07 6.67743e-07 8.66721e-07 1.12814e-06 1.47301e-06 1.92944e-06 2.53475e-06 3.33787e-06 4.40201e-06 5.80747e-06 7.65413e-06 1.00633e-05 1.31785e-05 1.71639e-05 2.22007e-05 2.84802e-05 3.61942e-05 4.55227e-05 5.66222e-05 6.96175e-05 8.46035e-05 0.000101665 0.000120928 0.000142652 0.000167394 0.000196259 0.000231268 0.000275906 0.000335886 0.000420228 0.000542758 0.000724159 0.000994724 0.00139789 0.00199446 0.00286699 0.00412293 0.00589399 0.00832682 0.0115588 0.0156715 0.0206205 0.026151 0.0317381 0.036609 0.0399032 0.0409515 0.039548 0.0360444 0.0311992 0.025889 0.0208541 0.0165849 0.0133416 0.0112486 0.0104085 0.0110145 0.0134644 0.0184957 0.027375 0.0421783 0.0662056 0.104549 0.164718 0.256664 0.389041 0.547858 0.639546 0.595563 0.526855 0.48949 0.470379 0.445022 0.404544 0.351387 0.289382 0.226153 0.171027 0.129284 0.101357 0.0850469 0.0773414 0.0751649 0.075577 0.0759789 0.074613 0.0711315 0.0667011 0.0634823 0.063943 0.0705228 0.0857468 0.11258 0.154755 0.216804 0.303475 0.418419 0.562274 0.722262 0.805745 0.689536 0.523214 0.402366 0.331161 0.297558 0.288717 0.29146 0.291908 0.279164 0.250748 0.212402 0.172271 0.136322 0.107396 0.086023 0.0714274 0.0622375 0.056918 0.0540638 0.0526338 0.0520897 0.0523374 0.0534524 0.0553306 0.0574965 0.0592464 0.0601042 0.060306 0.0609558 0.0637758 0.0707183 0.0837438 0.104843 0.136151 0.179666 0.235414 0.296195 0.340819 0.343693 0.307031 0.258606 0.219665 0.197161 0.190031 0.193522 0.201115 0.206692 0.207523 0.205707 0.206578 0.21598 0.2384 0.275309 0.321531 0.359624 0.363999 0.327489 0.271177 0.217422 0.175505 0.145923 0.126181 0.113748 0.107062 0.105554 0.109271 0.118477 0.133392 0.153992 0.179595 0.207923 0.234039 0.251155 0.255335 0.250226 0.244715 0.246215 0.256985 0.2746 0.294647 0.314211 0.333961 0.356534 0.38142 0.399692 0.39633 0.36608 0.322445 0.283002 0.256215 0.241391 0.233139 0.226659 0.222565 0.227779 0.252347 0.305901 0.392628 0.492132 0.523128 0.435879 0.314983 0.21676 0.147937 0.102209 0.0725954 0.053801 0.0422299 0.0356052 0.032644 0.0328393 0.0363078 0.0436353 0.0556282 0.0728433 0.0947776 0.118889 0.140486 0.15516 0.163078 0.17026 0.18469 0.211208 0.248043 0.285582 0.310463 0.314294 0.295961 0.258319 0.209105 0.159244 0.116899 0.0851989 0.0638906 0.0514375 0.046217 0.0469792 0.0529328 0.0636764 0.0790231 0.0986396 0.121375 0.144382 0.162852 0.171768 0.169316 0.158243 0.143168 0.127443 0.112536 0.0990254 0.0873633 0.0779501 0.0710302 0.0667977 0.0656697 0.068509 0.0766607 0.0917926 0.115584 0.149327 0.193564 0.247781 0.309192 0.367855 0.399697 0.379805 0.317856 0.246364 0.185276 0.138835 0.104627 0.0791436 0.0597129 0.0446958 0.0331195 0.024319 0.0177491 0.0129283 0.00943858 0.00693443 0.00514397 0.00386214 0.00293915 0.00226817 0.00177419 0.0014051 0.00112495 0.000909044 0.000740444 0.000607516 0.000502151 0.000418531 0.000352283 0.00029994 0.000258609 0.000225814 0.000199424 0.000177647 0.000159037 0.000142499 0.00012728 0.000112928 9.92393e-05 8.61932e-05 7.38792e-05 6.24365e-05 5.20039e-05 4.26864e-05 3.4538e-05 2.75582e-05 2.16973e-05 1.68681e-05 1.29589e-05 9.84642e-06 7.40577e-06 5.51871e-06 4.07837e-06 2.99183e-06 2.18084e-06 1.58125e-06 1.14167e-06 8.21741e-07 5.90329e-07 4.23779e-07 3.04362e-07 2.18955e-07 1.57945e-07 1.14356e-07 8.31679e-08 6.0791e-08 4.46734e-08 3.30076e-08 2.45167e-08 1.82994e-08 1.37188e-08 1.03238e-08 7.79328e-09 5.89772e-09 4.47164e-09 3.39493e-09 2.5797e-09 1.96113e-09 1.49106e-09 1.13349e-09 8.6134e-10 6.54153e-10 4.96434e-10 3.76405e-10 2.85103e-10 2.15697e-10 1.62976e-10 1.22967e-10 9.26364e-11 6.96714e-11 5.23069e-11 3.91967e-11 2.93149e-11 2.18799e-11 1.62964e-11 1.2112e-11 8.9826e-12 6.6474e-12 4.90873e-12 3.61716e-12 2.65989e-12 1.95201e-12 1.42971e-12 1.04519e-12 7.62703e-13 5.55599e-13 4.0406e-13 2.93389e-13 2.12708e-13 1.53991e-13 1.11328e-13 8.03775e-14 5.79562e-14 4.17366e-14 3.0019e-14 2.15647e-14 1.54726e-14 1.1088e-14 7.93619e-15 5.67329e-15 4.05055e-15 2.88829e-15 2.05687e-15 1.46286e-15 1.039e-15 7.36947e-16 5.21984e-16 3.69206e-16 2.60773e-16 1.83922e-16 1.29533e-16 9.10946e-17 6.39696e-17 4.48561e-17 3.14078e-17 2.19597e-17 1.53317e-17 1.0689e-17 7.44169e-18 5.17374e-18 3.59207e-18 2.49059e-18 1.72461e-18 1.19267e-18 8.23771e-19 5.68281e-19 3.91564e-19 2.6949e-19 
1.17089e-19 1.69636e-19 2.45519e-19 3.55001e-19 5.12826e-19 7.40163e-19 1.06739e-18 1.53809e-18 2.21477e-18 3.18709e-18 4.58357e-18 6.58853e-18 9.46624e-18 1.35957e-17 1.95203e-17 2.80196e-17 4.02119e-17 5.77013e-17 8.27897e-17 1.1878e-16 1.70412e-16 2.44486e-16 3.5076e-16 5.0323e-16 7.21967e-16 1.03574e-15 1.48578e-15 2.1311e-15 3.05616e-15 4.38171e-15 6.28023e-15 8.99784e-15 1.28853e-14 1.84421e-14 2.63781e-14 3.77016e-14 5.38416e-14 7.68215e-14 1.09501e-13 1.55913e-13 2.21743e-13 3.14982e-13 4.46844e-13 6.33042e-13 8.95545e-13 1.26501e-12 1.78411e-12 2.51217e-12 3.53142e-12 4.9556e-12 6.94168e-12 9.70572e-12 1.35444e-11 1.8864e-11 2.62192e-11 3.63658e-11 5.03297e-11 6.95e-11 9.57518e-11 1.31608e-10 1.80454e-10 2.46816e-10 3.3673e-10 4.58216e-10 6.21899e-10 8.41815e-10 1.13644e-09 1.53003e-09 2.05432e-09 2.75072e-09 3.67308e-09 4.89123e-09 6.49545e-09 8.60212e-09 1.13609e-08 1.49639e-08 1.96568e-08 2.57544e-08 3.36589e-08 4.38855e-08 5.7095e-08 7.41389e-08 9.61191e-08 1.24471e-07 1.61079e-07 2.08432e-07 2.69842e-07 3.49736e-07 4.54061e-07 5.90802e-07 7.70675e-07 1.00799e-06 1.32172e-06 1.7368e-06 2.28554e-06 3.00921e-06 3.95961e-06 5.20039e-06 6.80795e-06 8.87154e-06 1.14922e-05 1.47804e-05 1.88521e-05 2.38232e-05 2.98043e-05 3.6896e-05 4.51879e-05 5.47664e-05 6.57355e-05 7.82598e-05 9.26392e-05 0.000109429 0.000129623 0.00015492 0.000188109 0.000233605 0.000298191 0.00039203 0.000529997 0.000733389 0.00103197 0.00146618 0.00208894 0.00296611 0.00417378 0.00578988 0.00787704 0.0104549 0.0134633 0.0167258 0.0199332 0.0226713 0.0245074 0.0251196 0.0244118 0.0225523 0.019913 0.0169459 0.014065 0.0115824 0.00970604 0.00858312 0.00836481 0.00928208 0.0117324 0.0163885 0.0243464 0.0373277 0.0579377 0.0899155 0.138111 0.207323 0.297722 0.393926 0.460293 0.482843 0.497574 0.529976 0.552891 0.516785 0.433326 0.344405 0.266442 0.20174 0.150795 0.113414 0.0880789 0.0723611 0.063598 0.0593002 0.0573216 0.0559891 0.0542917 0.0520492 0.0499063 0.049117 0.0512707 0.0581448 0.0717449 0.0944589 0.129187 0.179278 0.248096 0.337904 0.446629 0.555973 0.609062 0.56102 0.469145 0.393143 0.348255 0.33235 0.339088 0.35721 0.367662 0.351556 0.307512 0.250741 0.19596 0.150186 0.114942 0.0892934 0.0715191 0.0598403 0.0527247 0.0490124 0.0479656 0.0492401 0.0527267 0.0582382 0.0651151 0.0719875 0.0770375 0.0789063 0.0777213 0.0753298 0.0745556 0.0782765 0.0890417 0.109254 0.141526 0.18857 0.251292 0.322564 0.377444 0.382785 0.341108 0.287613 0.247261 0.227708 0.227831 0.241557 0.258371 0.266441 0.260611 0.246639 0.23547 0.236413 0.255405 0.294928 0.350386 0.400394 0.407086 0.358837 0.288447 0.225611 0.179384 0.148305 0.128346 0.116045 0.109363 0.10764 0.111248 0.121215 0.138892 0.165548 0.201525 0.244407 0.286274 0.313528 0.316334 0.301031 0.284702 0.279975 0.28911 0.305811 0.320433 0.327422 0.329181 0.33177 0.337549 0.341357 0.333663 0.310295 0.277538 0.245344 0.219729 0.201712 0.189698 0.182299 0.180399 0.187572 0.208739 0.24753 0.30123 0.35131 0.361763 0.316759 0.245135 0.177854 0.126177 0.0900594 0.0661643 0.0510052 0.0417909 0.0365328 0.0339877 0.0335796 0.0352957 0.0395144 0.0467406 0.0572383 0.0705952 0.0854224 0.0996511 0.111809 0.122651 0.135523 0.154697 0.182722 0.217993 0.253811 0.280801 0.291445 0.281552 0.25088 0.206208 0.158897 0.117827 0.0866801 0.065545 0.0530444 0.0475593 0.0476905 0.0523455 0.0606985 0.0721156 0.0860102 0.101554 0.11732 0.131251 0.141383 0.146908 0.148245 0.145816 0.139199 0.128006 0.11328 0.0974316 0.0829138 0.071256 0.063088 0.0586559 0.0582806 0.0625527 0.0722906 0.0883497 0.111354 0.141364 0.177344 0.215974 0.249608 0.266057 0.256013 0.223357 0.181684 0.142305 0.109824 0.084395 0.0646279 0.0491292 0.0369311 0.0274081 0.0201002 0.0146071 0.0105592 0.00762517 0.00552395 0.00403004 0.00297051 0.0022175 0.00167895 0.0012899 0.00100515 0.000793575 0.000633863 0.000511493 0.000416556 0.000342232 0.000283731 0.000237577 0.00020113 0.000172298 0.000149361 0.000130888 0.000115698 0.000102841 9.1593e-05 8.14364e-05 7.204e-05 6.32256e-05 5.49296e-05 4.71638e-05 3.99792e-05 3.34359e-05 2.75831e-05 2.24464e-05 1.80238e-05 1.42868e-05 1.11855e-05 8.65568e-06 6.62496e-06 5.01924e-06 3.76721e-06 2.80347e-06 2.07039e-06 1.51874e-06 1.10766e-06 8.04002e-07 5.81414e-07 4.19337e-07 3.01977e-07 2.17373e-07 1.56583e-07 1.12993e-07 8.17626e-08 5.93769e-08 4.33043e-08 3.17318e-08 2.33674e-08 1.72936e-08 1.28598e-08 9.60513e-09 7.20248e-09 5.41913e-09 4.08873e-09 3.09178e-09 2.34181e-09 1.77583e-09 1.34763e-09 1.02306e-09 7.76708e-10 5.89556e-10 4.4731e-10 3.39179e-10 2.5699e-10 1.94539e-10 1.47109e-10 1.11113e-10 8.38153e-11 6.31344e-11 4.74837e-11 3.56541e-11 2.67251e-11 1.99957e-11 1.49322e-11 1.1129e-11 8.27781e-12 6.14445e-12 4.5515e-12 3.36456e-12 2.48206e-12 1.82734e-12 1.34266e-12 9.84628e-13 7.20721e-13 5.26596e-13 3.8409e-13 2.79682e-13 2.0333e-13 1.47596e-13 1.06982e-13 7.74343e-14 5.59714e-14 4.04043e-14 2.91295e-14 2.09747e-14 1.50842e-14 1.08347e-14 7.77297e-15 5.56963e-15 3.98596e-15 2.84906e-15 2.03388e-15 1.4501e-15 1.03254e-15 7.34248e-16 5.21434e-16 3.69799e-16 2.61898e-16 1.85223e-16 1.3081e-16 9.22509e-17 6.49645e-17 4.56832e-17 3.20782e-17 2.24924e-17 1.57484e-17 1.10107e-17 7.68734e-18 5.35951e-18 3.73137e-18 2.59428e-18 1.80126e-18 1.24899e-18 8.64927e-19 5.98199e-19 4.13211e-19 2.85083e-19 1.96453e-19 
8.4575e-20 1.2242e-19 1.7703e-19 2.5577e-19 3.6921e-19 5.3253e-19 7.67507e-19 1.10539e-18 1.59098e-18 2.28857e-18 3.29031e-18 4.72839e-18 6.79235e-18 9.75405e-18 1.40034e-17 2.00998e-17 2.88457e-17 4.13923e-17 5.93915e-17 8.52133e-17 1.22258e-16 1.75403e-16 2.51644e-16 3.61011e-16 5.17879e-16 7.4284e-16 1.06538e-15 1.52767e-15 2.19001e-15 3.13851e-15 4.49607e-15 6.4378e-15 9.21303e-15 1.31762e-14 1.88307e-14 2.68902e-14 3.83648e-14 5.46829e-14 7.78596e-14 1.10735e-13 1.57301e-13 2.23165e-13 3.16183e-13 4.47341e-13 6.31975e-13 8.91448e-13 1.25545e-12 1.76517e-12 2.47761e-12 3.47144e-12 4.85505e-12 6.77735e-12 9.44236e-12 1.3129e-11 1.82172e-11 2.52237e-11 3.48484e-11 4.80374e-11 6.6065e-11 9.06431e-11 1.24064e-10 1.69388e-10 2.30688e-10 3.1337e-10 4.24583e-10 5.73759e-10 7.733e-10 1.03947e-09 1.39352e-09 1.86316e-09 2.48441e-09 3.30395e-09 4.38214e-09 5.7968e-09 7.64807e-09 1.00646e-08 1.32115e-08 1.73004e-08 2.2603e-08 2.94685e-08 3.83468e-08 4.98204e-08 6.46467e-08 8.38163e-08 1.08633e-07 1.40824e-07 1.82685e-07 2.37283e-07 3.08718e-07 4.0247e-07 5.25838e-07 6.88493e-07 9.03141e-07 1.1863e-06 1.55916e-06 2.04851e-06 2.68755e-06 3.51668e-06 4.58384e-06 5.94446e-06 7.66079e-06 9.80041e-06 1.24342e-05 1.56336e-05 1.94686e-05 2.40069e-05 2.93163e-05 3.54737e-05 4.25843e-05 5.08155e-05 6.04542e-05 7.19947e-05 8.62695e-05 0.000104639 0.000129257 0.000163437 0.000212152 0.000282687 0.000385474 0.000535101 0.000751417 0.00106055 0.00149546 0.00209526 0.00290246 0.00395663 0.0052836 0.00687985 0.00869445 0.0106143 0.012462 0.0140162 0.0150574 0.0154273 0.0150803 0.0140999 0.0126731 0.0110368 0.00942381 0.00802949 0.00700834 0.00649538 0.00664463 0.00767938 0.00995423 0.0140339 0.0207941 0.0315445 0.0481471 0.0730434 0.108955 0.157784 0.218182 0.28298 0.342978 0.401744 0.482514 0.606989 0.725205 0.654917 0.484427 0.346078 0.248426 0.179757 0.131243 0.0975467 0.0750149 0.0607121 0.052157 0.0472919 0.0444928 0.0425985 0.040956 0.0394477 0.0384544 0.0387508 0.0413892 0.0476375 0.0589932 0.077238 0.104453 0.142878 0.194438 0.259544 0.334178 0.404394 0.445368 0.443629 0.417279 0.391523 0.378766 0.384772 0.413831 0.46113 0.497161 0.47685 0.400792 0.310761 0.232702 0.172488 0.12841 0.0971589 0.0756271 0.0613551 0.0525919 0.0482404 0.0477671 0.0510685 0.0582303 0.0690888 0.0825793 0.0961444 0.105976 0.108842 0.104541 0.0964029 0.0892553 0.0872946 0.0934989 0.11015 0.139478 0.183601 0.242615 0.309012 0.360393 0.369287 0.337632 0.2949 0.264643 0.256767 0.273217 0.309035 0.347811 0.36295 0.341765 0.301865 0.267606 0.252306 0.260784 0.2936 0.344836 0.392433 0.398168 0.350189 0.281101 0.220304 0.176523 0.148008 0.130478 0.120212 0.114944 0.113972 0.11799 0.128796 0.148893 0.180904 0.226477 0.283805 0.342818 0.381954 0.382739 0.355816 0.330057 0.324373 0.340666 0.366094 0.379573 0.369618 0.345353 0.322035 0.306335 0.295469 0.282722 0.26393 0.240393 0.216329 0.195145 0.178197 0.165537 0.157177 0.154008 0.157923 0.170962 0.193496 0.221388 0.243446 0.244921 0.220455 0.180201 0.138495 0.103771 0.0783178 0.0612695 0.0506955 0.0445635 0.0411351 0.0391755 0.0380774 0.0378503 0.0389332 0.0418836 0.0470493 0.0543269 0.0631204 0.0726347 0.0825175 0.0935005 0.10745 0.126544 0.151864 0.182017 0.212641 0.237513 0.250431 0.246418 0.224001 0.188218 0.148478 0.112772 0.0850047 0.0658951 0.0546296 0.0499214 0.0504422 0.0549221 0.0621751 0.0711918 0.0812859 0.0921537 0.103763 0.116213 0.129704 0.144359 0.159264 0.171032 0.174017 0.164242 0.143633 0.118605 0.0951513 0.0763525 0.0629218 0.0545429 0.0507846 0.0514671 0.0566768 0.066611 0.0813455 0.10053 0.122946 0.145874 0.164599 0.173299 0.168303 0.151233 0.127842 0.103871 0.0825594 0.0648228 0.0503982 0.0387324 0.0293537 0.0219148 0.016132 0.0117377 0.00847074 0.0060874 0.00437427 0.00315563 0.00229385 0.00168535 0.0012545 0.000947375 0.000726184 0.000564776 0.000445226 0.000355315 0.000286732 0.000233796 0.000192574 0.000160282 0.000134875 0.000114799 9.88288e-05 8.59777e-05 7.54496e-05 6.66116e-05 5.89778e-05 5.21946e-05 4.60242e-05 4.0324e-05 3.50248e-05 3.01074e-05 2.55816e-05 2.14686e-05 1.77879e-05 1.45495e-05 1.17497e-05 9.37125e-06 7.38504e-06 5.75347e-06 4.43404e-06 3.38265e-06 2.55634e-06 1.91522e-06 1.42365e-06 1.05084e-06 7.70905e-07 5.62591e-07 4.08816e-07 2.96102e-07 2.13982e-07 1.54453e-07 1.1147e-07 8.05203e-08 5.82724e-08 4.22873e-08 3.0794e-08 2.25152e-08 1.65349e-08 1.21988e-08 9.04077e-09 6.72943e-09 5.02903e-09 3.7716e-09 2.83713e-09 2.13951e-09 1.61659e-09 1.22326e-09 9.26577e-10 7.02285e-10 5.32437e-10 4.03664e-10 3.05959e-10 2.31796e-10 1.75499e-10 1.3277e-10 1.0035e-10 7.57658e-11 5.71366e-11 4.30318e-11 3.23632e-11 2.43026e-11 1.82202e-11 1.36368e-11 1.01881e-11 7.59756e-12 5.65492e-12 4.20081e-12 3.11447e-12 2.30449e-12 1.70179e-12 1.25425e-12 9.22626e-13 6.77397e-13 4.96432e-13 3.6316e-13 2.65207e-13 1.93351e-13 1.40738e-13 1.02283e-13 7.42257e-14 5.37879e-14 3.8924e-14 2.81301e-14 2.03031e-14 1.46354e-14 1.05368e-14 7.57666e-15 5.44151e-15 3.90331e-15 2.79652e-15 2.0011e-15 1.43015e-15 1.02082e-15 7.27717e-16 5.18101e-16 3.68378e-16 2.61574e-16 1.85484e-16 1.31347e-16 9.28824e-17 6.55897e-17 4.62513e-17 3.25681e-17 2.29003e-17 1.60794e-17 1.12739e-17 7.89335e-18 5.51863e-18 3.85292e-18 2.68623e-18 1.87024e-18 1.30035e-18 9.02905e-19 6.26113e-19 4.33614e-19 2.9992e-19 2.07191e-19 1.4296e-19 
6.10348e-20 8.8272e-20 1.2755e-19 1.84149e-19 2.6565e-19 3.82934e-19 5.51613e-19 7.94087e-19 1.14248e-18 1.64288e-18 2.36137e-18 3.39274e-18 4.87293e-18 6.99695e-18 1.00445e-17 1.44169e-17 2.06898e-17 2.96891e-17 4.25996e-17 6.1121e-17 8.76909e-17 1.25805e-16 1.80475e-16 2.5888e-16 3.71307e-16 5.32478e-16 7.63452e-16 1.09433e-15 1.56811e-15 2.24613e-15 3.21579e-15 4.60154e-15 6.58032e-15 9.40337e-15 1.34269e-14 1.91553e-14 2.73017e-14 3.88725e-14 5.52858e-14 7.85367e-14 1.11426e-13 1.57881e-13 2.23394e-13 3.15634e-13 4.45288e-13 6.27217e-13 8.82038e-13 1.2383e-12 1.73543e-12 2.42778e-12 3.39003e-12 4.72461e-12 6.57162e-12 9.12211e-12 1.2636e-11 1.74659e-11 2.40887e-11 3.31477e-11 4.55077e-11 6.23285e-11 8.51607e-11 1.16071e-10 1.57805e-10 2.14001e-10 2.89469e-10 3.9054e-10 5.25533e-10 7.05345e-10 9.44209e-10 1.26067e-09 1.67881e-09 2.22985e-09 2.95415e-09 3.9038e-09 5.14588e-09 6.76671e-09 8.87725e-09 1.16202e-08 1.51793e-08 1.97916e-08 2.57637e-08 3.34941e-08 4.3503e-08 5.64727e-08 7.33032e-08 9.51864e-08 1.23706e-07 1.60972e-07 2.09792e-07 2.73898e-07 3.58225e-07 4.69258e-07 6.15442e-07 8.0765e-07 1.0597e-06 1.38885e-06 1.81634e-06 2.36767e-06 3.07288e-06 3.96642e-06 5.0867e-06 6.47539e-06 8.17632e-06 1.02345e-05 1.26958e-05 1.56074e-05 1.90223e-05 2.30069e-05 2.76572e-05 3.31251e-05 3.96605e-05 4.76749e-05 5.78334e-05 7.1186e-05 8.93485e-05 0.000114747 0.000150942 0.000203038 0.000278184 0.000386138 0.000539821 0.000755708 0.00105379 0.00145671 0.00198747 0.00266526 0.00349899 0.00447898 0.00556844 0.00669797 0.00776743 0.00865866 0.00925898 0.00948964 0.00932881 0.0088193 0.00805768 0.00717093 0.00629176 0.00554289 0.00503544 0.00488117 0.00521614 0.00623358 0.00822601 0.0116375 0.0171259 0.0256265 0.038391 0.0569364 0.0827911 0.116925 0.15904 0.207842 0.264403 0.338611 0.454005 0.648663 0.967319 0.775592 0.502996 0.333663 0.227042 0.158162 0.112717 0.0825779 0.0628556 0.0503048 0.042587 0.0379597 0.0351476 0.0332903 0.0319194 0.0309343 0.03056 0.0312885 0.0338256 0.0390645 0.048089 0.0621833 0.0827996 0.111409 0.149113 0.195827 0.248853 0.301596 0.345543 0.377322 0.401332 0.421159 0.436998 0.457986 0.504942 0.590681 0.678215 0.651674 0.517361 0.381584 0.276399 0.200089 0.146059 0.108432 0.0826932 0.065632 0.0551796 0.0502148 0.0503786 0.0558913 0.0672717 0.0847617 0.107233 0.130727 0.148073 0.152232 0.142284 0.124662 0.107829 0.0977402 0.0974263 0.108389 0.131702 0.168004 0.215829 0.267905 0.308421 0.321115 0.307041 0.284331 0.271643 0.281567 0.322431 0.396644 0.484987 0.521285 0.462064 0.370224 0.299237 0.260862 0.252955 0.270501 0.304397 0.335357 0.336973 0.301524 0.249418 0.202082 0.167816 0.146274 0.134181 0.128139 0.125755 0.126162 0.130289 0.140721 0.161092 0.19515 0.245406 0.310428 0.379123 0.425386 0.425284 0.393158 0.366751 0.370746 0.409587 0.464109 0.487396 0.450324 0.385381 0.329197 0.291592 0.268063 0.250951 0.234726 0.217574 0.200245 0.184052 0.169786 0.157735 0.148227 0.142071 0.1405 0.144487 0.15359 0.164745 0.172061 0.169293 0.154392 0.131286 0.106506 0.0850983 0.0693488 0.0594077 0.054202 0.0520637 0.051189 0.0501106 0.0481324 0.0454726 0.0429847 0.0416507 0.0421601 0.0447406 0.0492354 0.0553717 0.0631222 0.0729799 0.0859174 0.102929 0.124282 0.148783 0.173506 0.19421 0.20615 0.205205 0.190006 0.163856 0.133361 0.10476 0.0817692 0.0657239 0.0565306 0.0534171 0.055268 0.0607043 0.0681636 0.0762 0.0840109 0.0918754 0.101174 0.114039 0.132868 0.159479 0.192975 0.225936 0.242986 0.231247 0.19552 0.152394 0.114238 0.0853051 0.0652849 0.0525101 0.0454213 0.0429701 0.0445675 0.0498816 0.0585959 0.0701489 0.0834467 0.096602 0.106937 0.111655 0.109184 0.100208 0.0872276 0.0730498 0.0596177 0.0478015 0.0377676 0.0293958 0.0225121 0.0169556 0.0125707 0.0091938 0.00665333 0.00478139 0.00342542 0.00245592 0.00176888 0.00128431 0.000942754 0.000701216 0.000529196 0.00040541 0.000315175 0.000248444 0.000198375 0.0001603 0.000131017 0.000108291 9.05239e-05 7.6539e-05 6.54413e-05 5.65339e-05 4.92679e-05 4.32136e-05 3.80415e-05 3.35088e-05 2.94467e-05 2.57469e-05 2.23481e-05 1.92223e-05 1.63622e-05 1.37706e-05 1.14526e-05 9.40988e-06 7.63825e-06 6.12648e-06 4.8571e-06 3.80788e-06 2.95364e-06 2.26808e-06 1.7253e-06 1.30099e-06 9.73197e-07 7.22736e-07 5.33283e-07 3.9129e-07 2.85749e-07 2.07881e-07 1.50801e-07 1.09188e-07 7.89881e-08 5.71465e-08 4.13877e-08 3.00323e-08 2.18513e-08 1.59521e-08 1.169e-08 8.60194e-09 6.3564e-09 4.71662e-09 3.51367e-09 2.62697e-09 1.97027e-09 1.48174e-09 1.11681e-09 8.43211e-10 6.37459e-10 4.82334e-10 3.65146e-10 2.76486e-10 2.09339e-10 1.58452e-10 1.19876e-10 9.06307e-11 6.84646e-11 5.16707e-11 3.89542e-11 2.93324e-11 2.20584e-11 1.6565e-11 1.24209e-11 9.29878e-12 6.94981e-12 5.18517e-12 3.86165e-12 2.87065e-12 2.12997e-12 1.5774e-12 1.16596e-12 8.60204e-13 6.33436e-13 4.65587e-13 3.41594e-13 2.5018e-13 1.82915e-13 1.33513e-13 9.72967e-14 7.07948e-14 5.14347e-14 3.73152e-14 2.70341e-14 1.95592e-14 1.41327e-14 1.01987e-14 7.35052e-15 5.29125e-15 3.80425e-15 2.73182e-15 1.95934e-15 1.40358e-15 1.00422e-15 7.17603e-16 5.12145e-16 3.65047e-16 2.59861e-16 1.84742e-16 1.31163e-16 9.29968e-17 6.58465e-17 4.65583e-17 3.28742e-17 2.31794e-17 1.63206e-17 1.14751e-17 8.05674e-18 5.64867e-18 3.95476e-18 2.76493e-18 1.93037e-18 1.34586e-18 9.37053e-19 6.51544e-19 4.52426e-19 3.13751e-19 2.17304e-19 1.50317e-19 1.03852e-19 
4.40104e-20 6.36014e-20 9.18366e-20 1.32502e-19 1.91032e-19 2.75228e-19 3.96281e-19 5.70248e-19 8.20161e-19 1.17906e-18 1.69432e-18 2.43392e-18 3.49535e-18 5.01845e-18 7.20384e-18 1.03393e-17 1.48377e-17 2.12912e-17 3.05491e-17 4.38295e-17 6.28789e-17 9.02004e-17 1.2938e-16 1.85554e-16 2.66074e-16 3.81451e-16 5.46714e-16 7.83318e-16 1.12187e-15 1.60601e-15 2.29782e-15 3.2856e-15 4.69473e-15 6.703e-15 9.56216e-15 1.36281e-14 1.94034e-14 2.7596e-14 3.92024e-14 5.56217e-14 7.88159e-14 1.1153e-13 1.57598e-13 2.22365e-13 3.13263e-13 4.40613e-13 6.18707e-13 8.67295e-13 1.21361e-12 1.69511e-12 2.36319e-12 3.28818e-12 4.56609e-12 6.32763e-12 8.75028e-12 1.20743e-11 1.66241e-11 2.28364e-11 3.12975e-11 4.27922e-11 5.83678e-11 7.94184e-11 1.07794e-10 1.45942e-10 1.97092e-10 2.65494e-10 3.56726e-10 4.78087e-10 6.39105e-10 8.52184e-10 1.13344e-09 1.50376e-09 1.99015e-09 2.6275e-09 3.46079e-09 4.548e-09 5.96384e-09 7.80463e-09 1.01948e-08 1.32953e-08 1.73152e-08 2.25271e-08 2.92876e-08 3.80656e-08 4.94799e-08 6.43495e-08 8.37612e-08 1.09157e-07 1.42446e-07 1.86153e-07 2.43591e-07 3.1908e-07 4.18195e-07 5.48052e-07 7.17606e-07 9.37947e-07 1.22257e-06 1.58759e-06 2.05179e-06 2.6366e-06 3.36587e-06 4.26551e-06 5.36308e-06 6.68762e-06 8.27e-06 1.01445e-05 1.23526e-05 1.49498e-05 1.80185e-05 2.16874e-05 2.61619e-05 3.17693e-05 3.90223e-05 4.87084e-05 6.20101e-05 8.06646e-05 0.000107167 0.000145021 0.000199025 0.000275571 0.00038289 0.000531148 0.000732215 0.00099888 0.00134325 0.00177413 0.00229334 0.00289147 0.00354398 0.00420949 0.00483199 0.00534834 0.00570025 0.0058481 0.00578159 0.0055235 0.00512522 0.00465658 0.00419494 0.00381835 0.00360568 0.00364445 0.00404571 0.00496533 0.00663118 0.00937582 0.0136721 0.0201638 0.0296737 0.0431589 0.0615869 0.0857646 0.11635 0.154586 0.204265 0.274379 0.379932 0.533367 0.680752 0.609283 0.429095 0.288991 0.195334 0.13428 0.0944928 0.0685615 0.0518013 0.041164 0.0345724 0.0305679 0.0281336 0.0266049 0.0256176 0.0250685 0.0250772 0.0259518 0.0281645 0.0323424 0.0392687 0.0498798 0.0652342 0.0864197 0.114361 0.149515 0.191586 0.239805 0.294437 0.358202 0.432043 0.501794 0.53927 0.551272 0.588152 0.686308 0.814098 0.783856 0.606028 0.442442 0.318979 0.229387 0.165846 0.121657 0.0914803 0.0714742 0.0592291 0.0535485 0.054222 0.0618407 0.0775479 0.102415 0.135885 0.172882 0.201403 0.207461 0.188728 0.157623 0.128371 0.108718 0.101043 0.10547 0.121587 0.148574 0.184043 0.222156 0.253347 0.26921 0.27015 0.266096 0.270597 0.297552 0.362373 0.483198 0.66796 0.780135 0.609226 0.432336 0.320069 0.259151 0.234629 0.235155 0.249546 0.263248 0.261286 0.239427 0.207427 0.177686 0.156713 0.145351 0.14153 0.142178 0.14438 0.146571 0.149674 0.157237 0.174194 0.205084 0.252275 0.313418 0.376924 0.41924 0.421158 0.396791 0.381972 0.404855 0.478925 0.590753 0.646439 0.558841 0.435464 0.344868 0.28941 0.257508 0.238173 0.224054 0.211624 0.199926 0.188873 0.178184 0.167355 0.156273 0.145706 0.137102 0.131741 0.129744 0.129519 0.1281 0.122598 0.112047 0.0980734 0.0837729 0.0720386 0.0646041 0.0618801 0.0630795 0.0663844 0.0693248 0.0696265 0.066287 0.0600405 0.0527528 0.0463395 0.0420603 0.0404147 0.041393 0.044816 0.0506221 0.0590148 0.070404 0.0851254 0.103015 0.123007 0.142961 0.159815 0.170083 0.170779 0.160895 0.142456 0.119797 0.0975278 0.0789965 0.065974 0.0590172 0.057882 0.0617091 0.0690207 0.0777927 0.0859657 0.0924609 0.0981117 0.105776 0.119726 0.14499 0.186588 0.246816 0.316554 0.361459 0.341311 0.271544 0.196475 0.137167 0.0957643 0.0685607 0.0514674 0.0414232 0.036446 0.0353364 0.0373498 0.0419149 0.0484004 0.0559268 0.0632645 0.0689179 0.0714941 0.0702562 0.0654794 0.0582723 0.0499945 0.0417312 0.0341074 0.027377 0.0215932 0.0167299 0.0127325 0.00952718 0.00702209 0.00511177 0.0036869 0.00264397 0.00189208 0.00135615 0.00097702 0.000709801 0.000521444 0.000388172 0.000293187 0.00022479 0.000174917 0.00013805 0.000110419 8.94452e-05 7.33438e-05 6.08618e-05 5.10974e-05 4.33846e-05 3.72201e-05 3.22174e-05 2.8079e-05 2.45785e-05 2.15479e-05 1.88681e-05 1.64589e-05 1.42708e-05 1.22766e-05 1.04633e-05 8.82628e-06 7.36402e-06 6.07457e-06 4.95361e-06 3.99357e-06 3.18367e-06 2.51054e-06 1.95916e-06 1.51374e-06 1.15867e-06 8.7915e-07 6.61669e-07 4.94306e-07 3.66814e-07 2.70598e-07 1.98602e-07 1.4514e-07 1.0571e-07 7.68017e-08 5.57122e-08 4.03887e-08 2.92885e-08 2.12637e-08 1.54678e-08 1.12814e-08 8.25442e-09 6.06134e-09 4.46797e-09 3.30627e-09 2.45593e-09 1.83081e-09 1.36924e-09 1.02697e-09 7.72109e-10 5.81641e-10 4.38829e-10 3.31452e-10 2.50536e-10 1.89451e-10 1.43278e-10 1.08345e-10 8.19007e-11 6.18782e-11 4.67183e-11 3.52431e-11 2.65608e-11 1.99957e-11 1.50353e-11 1.12908e-11 8.46699e-12 6.34e-12 4.73992e-12 3.53787e-12 2.63618e-12 1.96087e-12 1.45596e-12 1.07909e-12 7.9832e-13 5.89521e-13 4.3454e-13 3.19726e-13 2.3483e-13 1.72177e-13 1.26026e-13 9.20927e-14 6.71887e-14 4.89434e-14 3.55994e-14 2.5856e-14 1.8753e-14 1.35829e-14 9.82518e-15 7.0979e-15 5.12122e-15 3.69045e-15 2.65616e-15 1.90942e-15 1.37096e-15 9.8315e-16 7.04185e-16 5.03757e-16 3.59928e-16 2.56842e-16 1.83047e-16 1.30286e-16 9.26112e-17 6.57436e-17 4.66078e-17 3.29969e-17 2.33287e-17 1.64705e-17 1.16123e-17 8.17556e-18 5.74789e-18 4.03542e-18 2.82916e-18 1.98071e-18 1.38477e-18 9.66799e-19 6.74063e-19 4.69329e-19 3.26343e-19 2.26621e-19 1.57169e-19 1.08863e-19 7.53107e-20 
3.17108e-20 4.57945e-20 6.60818e-20 9.52869e-20 1.37306e-19 1.9773e-19 2.84583e-19 4.09372e-19 5.88608e-19 8.45975e-19 1.21544e-18 1.74575e-18 2.50678e-18 3.59882e-18 5.16569e-18 7.41371e-18 1.06388e-17 1.52653e-17 2.19017e-17 3.14204e-17 4.50714e-17 6.46455e-17 9.27069e-17 1.32925e-16 1.90547e-16 2.73073e-16 3.91209e-16 5.6023e-16 8.01901e-16 1.14721e-15 1.6402e-15 2.34343e-15 3.34562e-15 4.77237e-15 6.80133e-15 9.68325e-15 1.37716e-14 1.95639e-14 2.77589e-14 3.93363e-14 5.56679e-14 7.86697e-14 1.11013e-13 1.56416e-13 2.20041e-13 3.09041e-13 4.33305e-13 6.06476e-13 8.47328e-13 1.18164e-12 1.6447e-12 2.28474e-12 3.16744e-12 4.38209e-12 6.04966e-12 8.33366e-12 1.14544e-11 1.57082e-11 2.14917e-11 2.93354e-11 3.99463e-11 5.42636e-11 7.35322e-11 9.93973e-11 1.34028e-10 1.80274e-10 2.41873e-10 3.23714e-10 4.32173e-10 5.75553e-10 7.64636e-10 1.0134e-09 1.33993e-09 1.76762e-09 2.32666e-09 3.05603e-09 4.00608e-09 5.2419e-09 6.84778e-09 8.93313e-09 1.16404e-08 1.51559e-08 1.97235e-08 2.56646e-08 3.3403e-08 4.34989e-08 5.66935e-08 7.39667e-08 9.66098e-08 1.26318e-07 1.65302e-07 2.16421e-07 2.83336e-07 3.70679e-07 4.84228e-07 6.31079e-07 8.198e-07 1.06054e-06 1.36506e-06 1.74676e-06 2.22053e-06 2.80268e-06 3.51084e-06 4.3642e-06 5.38416e-06 6.59601e-06 8.03217e-06 9.73789e-06 1.17806e-05 1.42642e-05 1.73511e-05 2.12927e-05 2.64734e-05 3.34695e-05 4.31282e-05 5.66685e-05 7.58065e-05 0.000102902 0.000141115 0.000194556 0.000268371 0.000368719 0.000502514 0.000676833 0.000897872 0.00116937 0.00149061 0.00185427 0.00224478 0.0026379 0.00300251 0.0033048 0.00351446 0.00361143 0.00359104 0.00346597 0.00326449 0.00302616 0.00279733 0.00262848 0.00257525 0.00270378 0.00310022 0.00388424 0.00522609 0.00736626 0.0106354 0.0154698 0.0224132 0.0320992 0.045218 0.0625193 0.0849762 0.114274 0.153574 0.207771 0.280951 0.365714 0.421784 0.395769 0.310647 0.22321 0.15562 0.108319 0.0764926 0.0555001 0.0418852 0.0332355 0.0278795 0.024655 0.0227642 0.0216872 0.0211273 0.0209718 0.0212633 0.0221811 0.0240352 0.0272688 0.0324634 0.0403404 0.0517527 0.0676699 0.0891755 0.117547 0.154602 0.203604 0.270837 0.366611 0.5002 0.649021 0.704914 0.657243 0.639065 0.693351 0.773662 0.756059 0.629164 0.483644 0.357049 0.258138 0.185889 0.135247 0.100634 0.0776672 0.0635658 0.0569951 0.0578158 0.0669143 0.0860284 0.117193 0.160949 0.212006 0.25347 0.261923 0.232934 0.18751 0.146434 0.118367 0.104356 0.102979 0.112543 0.13134 0.156908 0.185157 0.210603 0.2288 0.239614 0.248285 0.264176 0.300045 0.37331 0.508947 0.741199 0.955921 0.657975 0.443462 0.316027 0.244942 0.210065 0.198027 0.198209 0.200529 0.196797 0.184651 0.168326 0.154257 0.146802 0.147197 0.154156 0.164434 0.173559 0.177984 0.178166 0.179301 0.188445 0.210986 0.248519 0.29722 0.346036 0.378127 0.383123 0.372305 0.372641 0.410547 0.505963 0.659026 0.749624 0.616732 0.458518 0.353219 0.292265 0.259314 0.241488 0.23069 0.223141 0.217617 0.213179 0.207862 0.199148 0.185645 0.168323 0.150008 0.133639 0.120752 0.111051 0.102988 0.0948826 0.0859857 0.076888 0.0691452 0.0645383 0.0644479 0.0694222 0.0787491 0.0899974 0.099065 0.101652 0.0959027 0.0837283 0.0691988 0.0559644 0.0460451 0.0400323 0.0377513 0.0388134 0.0429298 0.0500158 0.060119 0.0732117 0.0889075 0.106204 0.123361 0.137997 0.147443 0.149443 0.143124 0.129671 0.112045 0.0938587 0.0782386 0.0672793 0.0620356 0.0626917 0.0686081 0.0781925 0.0888861 0.097836 0.10348 0.107096 0.112963 0.127379 0.15802 0.214128 0.305702 0.433558 0.541345 0.496758 0.358705 0.23918 0.156888 0.103888 0.0706577 0.0502063 0.0379981 0.0312507 0.0282959 0.0281059 0.0299649 0.0332435 0.0372559 0.0412038 0.0442334 0.0456137 0.0449623 0.0423745 0.0383447 0.0335307 0.0285181 0.0237059 0.0193119 0.015433 0.0121012 0.009313 0.00704105 0.00523826 0.0038436 0.00278933 0.00200829 0.00143934 0.00103039 0.000739332 0.000533487 0.000388311 0.000285847 0.000213223 0.000161367 0.000123964 9.66582e-05 7.64615e-05 6.13256e-05 4.984e-05 4.10231e-05 3.41806e-05 2.88107e-05 2.45435e-05 2.11017e-05 1.82755e-05 1.5907e-05 1.38792e-05 1.21077e-05 1.05343e-05 9.12093e-06 7.8442e-06 6.69102e-06 5.65438e-06 4.73028e-06 3.91546e-06 3.20602e-06 2.59666e-06 2.08056e-06 1.64955e-06 1.29456e-06 1.00607e-06 7.74647e-07 5.91258e-07 4.47615e-07 3.36325e-07 2.50974e-07 1.86131e-07 1.37293e-07 1.00799e-07 7.37217e-08 5.37563e-08 3.91143e-08 2.84246e-08 2.06483e-08 1.50062e-08 1.09194e-08 7.9612e-09 5.81931e-09 4.26662e-09 3.13877e-09 2.31725e-09 1.71687e-09 1.27646e-09 9.52094e-10 7.12237e-10 5.34169e-10 4.01483e-10 3.02282e-10 2.27898e-10 1.71985e-10 1.2987e-10 9.80998e-11 7.41054e-11 5.59697e-11 4.2256e-11 3.18846e-11 2.40415e-11 1.81122e-11 1.36319e-11 1.02486e-11 7.6958e-12 5.7714e-12 4.32223e-12 3.2322e-12 2.41336e-12 1.79908e-12 1.33894e-12 9.94795e-13 7.37827e-13 5.4628e-13 4.03748e-13 2.97879e-13 2.19385e-13 1.61296e-13 1.18385e-13 8.67452e-14 6.34577e-14 4.63482e-14 3.37995e-14 2.46115e-14 1.78952e-14 1.29934e-14 9.42138e-15 6.82231e-15 4.93385e-15 3.56362e-15 2.57073e-15 1.85221e-15 1.3329e-15 9.58031e-16 6.87762e-16 4.93142e-16 3.53165e-16 2.5261e-16 1.80461e-16 1.28758e-16 9.1751e-17 6.52962e-17 4.64085e-17 3.29407e-17 2.335e-17 1.65292e-17 1.16849e-17 8.24896e-18 5.8153e-18 4.09394e-18 2.87809e-18 2.02052e-18 1.4165e-18 9.91675e-19 6.93302e-19 4.84041e-19 3.37484e-19 2.34986e-19 1.63402e-19 1.13477e-19 7.87046e-20 5.4519e-20 
2.2833e-20 3.29526e-20 4.75231e-20 6.84901e-20 9.86462e-20 1.41999e-19 2.04298e-19 2.93793e-19 4.22319e-19 6.0685e-19 8.71737e-19 1.25191e-18 1.79748e-18 2.5803e-18 3.70347e-18 5.3148e-18 7.62629e-18 1.09418e-17 1.56971e-17 2.25162e-17 3.22933e-17 4.63083e-17 6.63925e-17 9.51647e-17 1.36367e-16 1.9534e-16 2.79706e-16 4.00322e-16 5.72643e-16 8.18644e-16 1.16953e-15 1.66955e-15 2.38138e-15 3.39364e-15 4.83146e-15 6.87125e-15 9.7613e-15 1.38505e-14 1.9628e-14 2.7779e-14 3.92608e-14 5.54084e-14 7.80805e-14 1.09859e-13 1.54322e-13 2.16419e-13 3.02983e-13 4.2342e-13 5.90651e-13 8.22383e-13 1.14282e-12 1.58497e-12 2.19371e-12 3.02992e-12 4.17596e-12 5.74293e-12 7.88031e-12 1.07887e-11 1.47364e-11 2.00816e-11 2.73008e-11 3.70264e-11 5.00957e-11 6.76136e-11 9.10354e-11 1.22272e-10 1.63828e-10 2.18976e-10 2.91984e-10 3.88409e-10 5.15467e-10 6.82518e-10 9.01685e-10 1.18865e-09 1.56371e-09 2.0531e-09 2.69077e-09 3.52073e-09 4.60011e-09 6.00325e-09 7.82717e-09 1.01988e-08 1.32849e-08 1.73047e-08 2.25474e-08 2.93944e-08 3.83487e-08 5.0072e-08 6.54325e-08 8.55623e-08 1.11928e-07 1.46411e-07 1.91403e-07 2.49907e-07 3.25637e-07 4.23121e-07 5.4779e-07 7.06036e-07 9.05255e-07 1.15384e-06 1.4612e-06 1.83772e-06 2.29491e-06 2.84572e-06 3.50531e-06 4.2925e-06 5.23246e-06 6.361e-06 7.73152e-06 9.42525e-06 1.15663e-05 1.43429e-05 1.80363e-05 2.30598e-05 3.0009e-05 3.9724e-05 5.33649e-05 7.24942e-05 9.91597e-05 0.00013596 0.000186062 0.000253137 0.000341147 0.000453937 0.000594583 0.000764487 0.000962308 0.00118292 0.00141673 0.00164974 0.00186473 0.00204357 0.00217044 0.00223519 0.00223593 0.00218003 0.00208363 0.00196995 0.0018675 0.0018095 0.00183508 0.00199298 0.00234765 0.00298774 0.00403662 0.00566409 0.00809786 0.0116324 0.0166328 0.0235339 0.0328454 0.0451916 0.0614244 0.0828076 0.111084 0.14784 0.192098 0.235464 0.259429 0.247994 0.207614 0.158799 0.115754 0.0828741 0.0595258 0.0436355 0.0331556 0.0264551 0.0223284 0.0199125 0.0186062 0.0180082 0.0178722 0.0180763 0.0186047 0.0195428 0.0210855 0.0235505 0.0273901 0.0332011 0.0417402 0.0539679 0.0711674 0.095227 0.129246 0.178694 0.25331 0.369642 0.552631 0.817445 0.902168 0.728658 0.646014 0.652847 0.69549 0.702843 0.638491 0.521305 0.393484 0.285113 0.204273 0.147513 0.108794 0.0830891 0.0671927 0.0595539 0.0599686 0.0693892 0.0897806 0.123626 0.172102 0.230146 0.278659 0.288808 0.254835 0.202805 0.156635 0.124894 0.10762 0.102491 0.107231 0.119966 0.138737 0.160953 0.183446 0.203482 0.220257 0.235969 0.256251 0.290364 0.350848 0.44988 0.578378 0.635424 0.528039 0.387566 0.284525 0.219982 0.183428 0.165198 0.157444 0.153704 0.149477 0.143458 0.137591 0.135329 0.139657 0.152043 0.171823 0.195174 0.214544 0.222002 0.216718 0.207269 0.204696 0.215785 0.241309 0.276333 0.311048 0.334176 0.340797 0.339052 0.34712 0.384414 0.463842 0.573416 0.626581 0.546335 0.43036 0.345173 0.294994 0.269228 0.257201 0.252061 0.251423 0.255165 0.261821 0.266451 0.262134 0.244607 0.215797 0.182266 0.150668 0.124733 0.105075 0.0904723 0.0792932 0.0704812 0.0639538 0.0605044 0.0614484 0.0682028 0.0817515 0.101723 0.124917 0.144219 0.150775 0.140556 0.118224 0.0924882 0.0698603 0.0530524 0.0422936 0.036829 0.0357858 0.0385211 0.0446752 0.0540616 0.066461 0.081377 0.0978277 0.114255 0.128597 0.138557 0.142086 0.13811 0.127204 0.111688 0.0948959 0.0800868 0.0696912 0.0651067 0.0667757 0.0741749 0.0855843 0.0979525 0.10765 0.112557 0.114191 0.117857 0.131167 0.163261 0.225785 0.33453 0.506123 0.697177 0.611993 0.405848 0.257984 0.16386 0.105489 0.0696143 0.0477013 0.0344962 0.0268348 0.0228238 0.0213049 0.0215113 0.0228528 0.0247918 0.0267941 0.0283495 0.0290477 0.0286693 0.0272317 0.0249522 0.0221483 0.0191302 0.0161373 0.013325 0.0107826 0.00855507 0.00665882 0.00508912 0.00382469 0.00283218 0.00207144 0.00150052 0.00107975 0.000774261 0.000555055 0.000399097 0.000288718 0.000210748 0.000155597 0.00011641 8.8356e-05 6.80733e-05 5.32373e-05 4.22483e-05 3.4004e-05 2.77412e-05 2.29249e-05 1.9175e-05 1.62164e-05 1.38469e-05 1.19164e-05 1.03131e-05 8.95476e-06 7.78142e-06 6.75104e-06 5.83509e-06 5.01505e-06 4.27944e-06 3.62129e-06 3.03615e-06 2.52062e-06 2.07139e-06 1.6847e-06 1.35611e-06 1.08055e-06 8.52484e-07 6.66141e-07 5.15781e-07 3.95903e-07 3.01414e-07 2.27737e-07 1.70867e-07 1.27385e-07 9.44297e-08 6.96522e-08 5.11591e-08 3.74465e-08 2.73368e-08 1.99201e-08 1.4501e-08 1.05541e-08 7.68604e-09 5.60467e-09 4.09488e-09 2.99921e-09 2.20304e-09 1.62333e-09 1.20009e-09 8.90116e-10 6.62289e-10 4.94222e-10 3.69778e-10 2.77302e-10 2.08352e-10 1.56787e-10 1.18123e-10 8.90672e-11 6.71931e-11 5.07029e-11 3.82591e-11 2.88625e-11 2.17645e-11 1.64024e-11 1.23522e-11 9.29399e-12 6.98602e-12 5.24543e-12 3.9338e-12 2.94636e-12 2.20376e-12 1.64595e-12 1.22748e-12 9.13968e-13 6.79436e-13 5.04254e-13 3.73613e-13 2.7635e-13 2.0406e-13 1.50425e-13 1.107e-13 8.13297e-14 5.96539e-14 4.36847e-14 3.19401e-14 2.33173e-14 1.69969e-14 1.23718e-14 8.99259e-15 6.52741e-15 4.73171e-15 3.42556e-15 2.47681e-15 1.7886e-15 1.29003e-15 9.29305e-16 6.68643e-16 4.80517e-16 3.44907e-16 2.4727e-16 1.77057e-16 1.26626e-16 9.04474e-17 6.45245e-17 4.59729e-17 3.27131e-17 2.32474e-17 1.64989e-17 1.16939e-17 8.27707e-18 5.85066e-18 4.1299e-18 2.91123e-18 2.04934e-18 1.44063e-18 1.01133e-18 7.08974e-19 4.96333e-19 3.46995e-19 2.42261e-19 1.68913e-19 1.17616e-19 8.17897e-20 5.68031e-20 3.93998e-20 
1.64304e-20 2.36986e-20 3.41592e-20 4.92068e-20 7.08428e-20 1.01939e-19 1.46617e-19 2.10788e-19 3.02933e-19 4.35217e-19 6.25093e-19 8.9759e-19 1.28861e-18 1.84965e-18 2.65453e-18 3.80914e-18 5.46523e-18 7.8403e-18 1.1246e-17 1.61285e-17 2.31267e-17 3.31544e-17 4.75182e-17 6.80849e-17 9.75193e-17 1.39622e-16 1.99809e-16 2.85789e-16 4.0852e-16 5.83566e-16 8.32997e-16 1.18807e-15 1.69299e-15 2.41019e-15 3.42768e-15 4.86936e-15 6.90933e-15 9.79187e-15 1.3859e-14 1.95889e-14 2.76486e-14 3.89669e-14 5.48345e-14 7.70412e-14 1.08064e-13 1.51322e-13 2.11526e-13 2.95152e-13 4.11079e-13 5.71451e-13 7.92839e-13 1.0978e-12 1.51695e-12 2.09174e-12 2.87816e-12 3.95161e-12 5.41338e-12 7.39913e-12 1.00901e-11 1.37279e-11 1.86335e-11 2.52324e-11 3.40871e-11 4.59395e-11 6.17655e-11 8.2846e-11 1.10858e-10 1.47993e-10 1.97109e-10 2.61924e-10 3.47271e-10 4.5942e-10 6.06499e-10 7.9904e-10 1.05068e-09 1.37909e-09 1.8072e-09 2.36475e-09 3.09046e-09 4.0348e-09 5.26376e-09 6.86375e-09 8.94827e-09 1.16665e-08 1.5215e-08 1.98521e-08 2.59173e-08 3.38556e-08 4.42469e-08 5.78434e-08 7.56126e-08 9.87877e-08 1.28924e-07 1.6796e-07 2.18278e-07 2.82761e-07 3.64851e-07 4.68581e-07 5.98614e-07 7.60256e-07 9.59493e-07 1.20305e-06 1.49859e-06 1.855e-06 2.28318e-06 2.79716e-06 3.41624e-06 4.16814e-06 5.094e-06 6.25552e-06 7.74533e-06 9.70112e-06 1.23248e-05 1.59073e-05 2.08601e-05 2.77533e-05 3.73589e-05 5.0696e-05 6.90722e-05 9.41069e-05 0.000127723 0.000172077 0.000229408 0.000301771 0.000390642 0.000496414 0.000617838 0.000751531 0.000891714 0.00103038 0.00115803 0.00126494 0.00134286 0.00138669 0.00139586 0.00137489 0.00133336 0.00128534 0.00124889 0.00124617 0.00130461 0.00145941 0.00175752 0.0022629 0.00306296 0.00427562 0.00605623 0.00860354 0.0121643 0.0170384 0.0235904 0.0322748 0.0436755 0.0585112 0.0774632 0.100556 0.125867 0.148084 0.159216 0.153728 0.133838 0.107438 0.0817876 0.0605769 0.0446149 0.0333156 0.0256848 0.0207638 0.0177702 0.0161115 0.015358 0.0152078 0.0154569 0.0159771 0.0167089 0.0176687 0.0189686 0.0208399 0.023651 0.027923 0.0343567 0.0439033 0.0579251 0.0785196 0.109109 0.155413 0.22684 0.337841 0.505976 0.721127 0.791075 0.674135 0.602178 0.603614 0.649137 0.691413 0.670306 0.563432 0.425841 0.306804 0.218479 0.156817 0.114852 0.0869316 0.0694622 0.0606395 0.0600517 0.0684223 0.0874003 0.118998 0.163787 0.216483 0.259922 0.27005 0.242185 0.197649 0.157125 0.128613 0.112298 0.106049 0.107897 0.116541 0.130972 0.149912 0.171545 0.193734 0.214679 0.233916 0.253477 0.278484 0.315668 0.367473 0.41929 0.432 0.38415 0.308548 0.240414 0.190893 0.158611 0.139078 0.127838 0.121272 0.117057 0.114629 0.115158 0.120902 0.134363 0.157542 0.190727 0.229778 0.262892 0.274501 0.261276 0.238072 0.222291 0.222448 0.238441 0.2644 0.291054 0.309287 0.315484 0.315141 0.320634 0.344551 0.391537 0.446823 0.470313 0.437675 0.378822 0.32858 0.297934 0.284083 0.280685 0.283714 0.293721 0.313157 0.340465 0.365347 0.370954 0.346148 0.296153 0.236982 0.182603 0.139437 0.107994 0.0861146 0.0712378 0.0615234 0.0562256 0.0556632 0.0610286 0.0741243 0.0968634 0.129994 0.170207 0.20608 0.219512 0.20125 0.162327 0.120471 0.085948 0.0613586 0.0457515 0.0373184 0.0344845 0.0361876 0.041826 0.0510728 0.0636273 0.0789517 0.0960598 0.113439 0.129121 0.140852 0.146375 0.144059 0.133883 0.118008 0.100135 0.0840724 0.0726497 0.0674433 0.0689299 0.0765411 0.0884215 0.101236 0.110934 0.11505 0.115087 0.116575 0.127184 0.155512 0.211419 0.30586 0.441875 0.562054 0.512291 0.362805 0.237607 0.152747 0.0984767 0.0645031 0.0434571 0.0305575 0.022826 0.0184355 0.016254 0.0155457 0.0157834 0.016542 0.0174487 0.0181803 0.0184896 0.0182383 0.0174123 0.0161027 0.014461 0.0126492 0.0108055 0.00903137 0.00739379 0.00593307 0.00466947 0.00360762 0.00273973 0.00204869 0.00151163 0.00110321 0.000798485 0.000574779 0.000412717 0.000296515 0.000213802 0.000155177 0.000113674 8.42353e-05 6.32538e-05 4.8187e-05 3.72621e-05 2.92505e-05 2.33029e-05 1.88311e-05 1.54253e-05 1.27969e-05 1.07401e-05 9.10596e-06 7.78563e-06 6.69911e-06 5.78772e-06 5.00889e-06 4.33229e-06 3.73689e-06 3.20851e-06 2.73788e-06 2.31895e-06 1.94769e-06 1.62105e-06 1.33638e-06 1.09097e-06 8.81884e-07 7.05917e-07 5.5965e-07 4.3956e-07 3.42142e-07 2.64034e-07 2.02104e-07 1.53522e-07 1.15793e-07 8.67695e-08 6.46379e-08 4.78993e-08 3.53338e-08 2.59646e-08 1.90209e-08 1.39017e-08 1.01445e-08 7.39697e-09 5.39349e-09 3.93537e-09 2.87531e-09 2.10481e-09 1.54445e-09 1.13635e-09 8.38552e-10 6.20672e-10 4.60785e-10 3.43069e-10 2.56103e-10 1.91637e-10 1.43692e-10 1.07926e-10 8.11719e-11 6.11125e-11 4.60425e-11 3.47031e-11 2.61603e-11 1.97189e-11 1.48594e-11 1.11922e-11 8.42488e-12 6.33693e-12 4.76223e-12 3.57525e-12 2.68118e-12 2.00829e-12 1.50236e-12 1.12236e-12 8.37287e-13 6.23698e-13 4.63885e-13 3.4448e-13 2.554e-13 1.89048e-13 1.39705e-13 1.03071e-13 7.59192e-14 5.58288e-14 4.0989e-14 3.00461e-14 2.19905e-14 1.60702e-14 1.17264e-14 8.54437e-15 6.21705e-15 4.51745e-15 3.2781e-15 2.37567e-15 1.71948e-15 1.24298e-15 8.9742e-16 6.47145e-16 4.66107e-16 3.35312e-16 2.40932e-16 1.7291e-16 1.23943e-16 8.87361e-17 6.34522e-17 4.53166e-17 3.2324e-17 2.30273e-17 1.63834e-17 1.16413e-17 8.26094e-18 5.85439e-18 4.14336e-18 2.92845e-18 2.06697e-18 1.45692e-18 1.02552e-18 7.20874e-19 5.06032e-19 3.54735e-19 2.48335e-19 1.73614e-19 1.21213e-19 8.45155e-20 5.88508e-20 4.09265e-20 2.84251e-20 
1.18164e-20 1.70346e-20 2.4542e-20 3.53381e-20 5.08571e-20 7.31569e-20 1.0519e-19 1.51193e-19 2.17243e-19 3.12055e-19 4.48132e-19 6.43405e-19 9.23589e-19 1.32556e-18 1.90217e-18 2.72919e-18 3.91521e-18 5.61575e-18 8.05351e-18 1.15473e-17 1.6553e-17 2.37224e-17 3.39867e-17 4.8675e-17 6.96827e-17 9.97106e-17 1.42602e-16 2.03823e-16 2.91132e-16 4.15536e-16 5.92621e-16 8.44434e-16 1.20211e-15 1.70955e-15 2.42857e-15 3.44605e-15 4.88389e-15 6.91284e-15 9.77163e-15 1.37934e-14 1.94423e-14 2.73633e-14 3.84512e-14 5.39449e-14 7.55556e-14 1.05642e-13 1.47447e-13 2.05422e-13 2.85656e-13 3.96468e-13 5.49185e-13 7.59198e-13 1.04736e-12 1.44187e-12 1.98074e-12 2.71506e-12 3.71339e-12 5.0674e-12 6.89941e-12 9.37219e-12 1.27018e-11 1.71742e-11 2.31673e-11 3.11789e-11 4.18631e-11 5.60782e-11 7.49475e-11 9.9938e-11 1.32963e-10 1.76512e-10 2.33821e-10 3.09095e-10 4.07786e-10 5.36967e-10 7.05814e-10 9.26232e-10 1.21369e-09 1.58831e-09 2.07632e-09 2.71194e-09 3.53996e-09 4.61909e-09 6.02636e-09 7.86295e-09 1.02617e-08 1.33971e-08 1.74971e-08 2.28591e-08 2.98691e-08 3.9024e-08 5.09593e-08 6.64798e-08 8.65934e-08 1.12548e-07 1.45867e-07 1.88388e-07 2.4229e-07 3.10129e-07 3.94856e-07 4.99854e-07 6.2898e-07 7.86655e-07 9.78041e-07 1.20937e-06 1.48849e-06 1.82587e-06 2.23609e-06 2.74019e-06 3.36913e-06 4.16876e-06 5.20675e-06 6.58195e-06 8.43672e-06 1.09727e-05 1.44699e-05 1.93096e-05 2.59983e-05 3.51922e-05 4.7715e-05 6.45639e-05 8.68915e-05 0.000115951 0.000152993 0.000199097 0.000254943 0.000320533 0.000394909 0.00047592 0.000560143 0.000643035 0.000719368 0.000783939 0.000832454 0.00086242 0.000873849 0.000869655 0.00085574 0.000840911 0.000836868 0.000858556 0.000925115 0.00106159 0.00130147 0.00168996 0.00228795 0.0031763 0.00446012 0.00627292 0.00878038 0.0121849 0.016732 0.0227165 0.0304773 0.0403413 0.0524455 0.0663588 0.0805538 0.092138 0.0976144 0.0948639 0.0847592 0.0705518 0.0557665 0.0427288 0.0323855 0.0247723 0.0195056 0.0160913 0.0140702 0.013066 0.0127884 0.0130173 0.0135845 0.0143602 0.0152547 0.0162346 0.0173529 0.0187797 0.0208239 0.0239494 0.0288018 0.0362755 0.0476591 0.0648965 0.0909912 0.130514 0.189912 0.276386 0.391134 0.507781 0.560207 0.542237 0.526907 0.55175 0.613176 0.679217 0.681257 0.580038 0.439711 0.317397 0.226251 0.162245 0.118396 0.088973 0.0702437 0.0602005 0.0581427 0.0643556 0.0797991 0.105463 0.140787 0.180644 0.21271 0.222403 0.207117 0.179311 0.15264 0.13336 0.121926 0.116861 0.117143 0.122785 0.134295 0.151851 0.174674 0.200697 0.226609 0.248777 0.265362 0.278225 0.29177 0.307826 0.319901 0.314704 0.286034 0.243322 0.200442 0.16503 0.138646 0.12014 0.107737 0.0998724 0.0956136 0.0949442 0.0988554 0.109203 0.128447 0.159203 0.202853 0.255611 0.302127 0.318272 0.297625 0.262763 0.237654 0.232078 0.245212 0.270397 0.297506 0.315895 0.31995 0.313656 0.308187 0.314079 0.334122 0.359397 0.372653 0.363957 0.341141 0.31857 0.304864 0.301471 0.306319 0.31903 0.34422 0.388767 0.45311 0.51921 0.547245 0.507455 0.416527 0.314168 0.226574 0.161313 0.116234 0.0864562 0.0675078 0.0563299 0.0514143 0.0526691 0.0612642 0.0795009 0.110494 0.15691 0.216911 0.275264 0.29905 0.268518 0.20724 0.14675 0.10019 0.0684937 0.0487959 0.0380188 0.0338692 0.0349135 0.0403804 0.0498855 0.0631256 0.0795683 0.0982125 0.117519 0.135502 0.149804 0.157721 0.156761 0.146172 0.128238 0.107538 0.0887547 0.0751229 0.0682129 0.0683079 0.0746314 0.0852099 0.0967393 0.105324 0.108579 0.107758 0.107708 0.114948 0.136055 0.176858 0.240101 0.316443 0.367648 0.346234 0.270228 0.19003 0.127617 0.0843723 0.0559125 0.0376648 0.0261636 0.019053 0.0148046 0.012438 0.0113101 0.0109746 0.0110958 0.0114048 0.0116855 0.0117782 0.0115896 0.0110949 0.0103278 0.00935861 0.00827062 0.00714138 0.00603348 0.00499257 0.00404909 0.00322079 0.00251484 0.00192979 0.00145753 0.00108548 0.000798816 0.00058224 0.000421394 0.000303652 0.000218468 0.000157391 0.00011387 8.29624e-05 6.10226e-05 4.54116e-05 3.4247e-05 2.62018e-05 2.03487e-05 1.60428e-05 1.28362e-05 1.04173e-05 8.56772e-06 7.13314e-06 6.00321e-06 5.09829e-06 4.36054e-06 3.74781e-06 3.22961e-06 2.7841e-06 2.39589e-06 2.05439e-06 1.75239e-06 1.48505e-06 1.24899e-06 1.04171e-06 8.6115e-07 7.0535e-07 5.72342e-07 4.6007e-07 3.66398e-07 2.89155e-07 2.26191e-07 1.75443e-07 1.34985e-07 1.03066e-07 7.81344e-08 5.88424e-08 4.40459e-08 3.27904e-08 2.42934e-08 1.79233e-08 1.31775e-08 9.6616e-09 7.06933e-09 5.16584e-09 3.77269e-09 2.75558e-09 2.01424e-09 1.47434e-09 1.08117e-09 7.94651e-10 5.85556e-10 4.32661e-10 3.20583e-10 2.38191e-10 1.77437e-10 1.32496e-10 9.91487e-11 7.43301e-11 5.58081e-11 4.19514e-11 3.15629e-11 2.37608e-11 1.78931e-11 1.34755e-11 1.01471e-11 7.63828e-12 5.7469e-12 4.32105e-12 3.24643e-12 2.43687e-12 1.82736e-12 1.36878e-12 1.02407e-12 7.65202e-13 5.71008e-13 4.25503e-13 3.16616e-13 2.35241e-13 1.74514e-13 1.29261e-13 9.55924e-14 7.05811e-14 5.20311e-14 3.82957e-14 2.8142e-14 2.06484e-14 1.5127e-14 1.10654e-14 8.08248e-15 5.8952e-15 4.29381e-15 3.12316e-15 2.26864e-15 1.64577e-15 1.1924e-15 8.62834e-16 6.23591e-16 4.50138e-16 3.24541e-16 2.33709e-16 1.68099e-16 1.20765e-16 8.66556e-17 6.21059e-17 4.44574e-17 3.17853e-17 2.26973e-17 1.61875e-17 1.15302e-17 8.20241e-18 5.82752e-18 4.13485e-18 2.92997e-18 2.07342e-18 1.46532e-18 1.03416e-18 7.28885e-19 5.13026e-19 3.60603e-19 2.53122e-19 1.77437e-19 1.24214e-19 8.68392e-20 6.06294e-20 4.22746e-20 2.94381e-20 2.0473e-20 
8.49376e-21 1.22387e-20 1.7625e-20 2.53685e-20 3.6497e-20 5.24848e-20 7.54473e-20 1.08419e-19 1.55753e-19 2.23692e-19 3.2119e-19 4.61086e-19 6.6179e-19 9.4969e-19 1.36261e-18 1.95474e-18 2.80369e-18 4.02059e-18 5.76446e-18 8.26276e-18 1.18406e-17 1.69623e-17 2.42907e-17 3.4771e-17 4.97496e-17 7.11429e-17 1.01675e-16 1.45216e-16 2.07252e-16 2.95553e-16 4.21114e-16 5.99459e-16 8.52484e-16 1.21102e-15 1.7184e-15 2.43546e-15 3.44741e-15 4.87342e-15 6.87984e-15 9.69845e-15 1.36516e-14 1.91864e-14 2.69224e-14 3.77156e-14 5.27463e-14 7.36388e-14 1.02623e-13 1.42751e-13 1.98197e-13 2.74647e-13 3.79834e-13 5.24244e-13 7.22068e-13 9.92452e-13 1.36117e-12 1.86282e-12 2.54373e-12 3.46581e-12 4.71151e-12 6.39043e-12 8.64787e-12 1.1676e-11 1.57284e-11 2.11389e-11 2.83461e-11 3.79247e-11 5.06271e-11 6.74354e-11 8.96304e-11 1.1888e-10 1.57352e-10 2.07866e-10 2.74081e-10 3.60751e-10 4.7405e-10 6.22e-10 8.15041e-10 1.06677e-09 1.39494e-09 1.82273e-09 2.38048e-09 3.10796e-09 4.0573e-09 5.29685e-09 6.91615e-09 9.03226e-09 1.17978e-08 1.54106e-08 2.01261e-08 2.62715e-08 3.42624e-08 4.4622e-08 5.80016e-08 7.52027e-08 9.71996e-08 1.25161e-07 1.60473e-07 2.04758e-07 2.59898e-07 3.28068e-07 4.11783e-07 5.13991e-07 6.38223e-07 7.88873e-07 9.71641e-07 1.19426e-06 1.46761e-06 1.80736e-06 2.23637e-06 2.78807e-06 3.51102e-06 4.475e-06 5.77889e-06 7.56037e-06 1.00075e-05 1.33719e-05 1.79821e-05 2.42551e-05 3.27045e-05 4.39374e-05 5.86379e-05 7.75273e-05 0.000101296 0.000130503 0.000165443 0.000206002 0.000251506 0.000300626 0.000351361 0.000401149 0.000447126 0.000486517 0.00051711 0.000537732 0.000548641 0.000551782 0.000550921 0.000551722 0.000561906 0.000591617 0.000654145 0.000767072 0.000953884 0.00124602 0.0016853 0.0023265 0.00324006 0.00451463 0.00625944 0.00860628 0.0117102 0.0157446 0.0208807 0.0272292 0.0347213 0.0429213 0.0508495 0.0570064 0.0598179 0.0584121 0.0531661 0.0455008 0.0371226 0.0293572 0.0229204 0.0180211 0.0145679 0.0123415 0.0110982 0.0106172 0.0107128 0.0112288 0.012027 0.0129812 0.0139838 0.0149694 0.0159502 0.017051 0.0185327 0.0208049 0.0244438 0.0302416 0.0393081 0.0532361 0.0742989 0.105559 0.150513 0.21138 0.284648 0.355249 0.402811 0.428088 0.455756 0.504946 0.57387 0.63514 0.636316 0.552529 0.429865 0.316398 0.228245 0.164583 0.120095 0.0897417 0.0699741 0.0586906 0.0549037 0.0584134 0.0694563 0.0881094 0.113178 0.14066 0.163261 0.173758 0.171141 0.161556 0.152142 0.14603 0.1425 0.13997 0.138621 0.14077 0.149431 0.166795 0.193322 0.226971 0.262259 0.290554 0.304208 0.302768 0.292997 0.281551 0.269341 0.252752 0.229311 0.201065 0.172368 0.146508 0.124889 0.107782 0.0950224 0.0863609 0.0817144 0.0814179 0.0864162 0.0983541 0.119563 0.15275 0.199578 0.256454 0.307331 0.325995 0.305303 0.27005 0.246115 0.244103 0.26382 0.298869 0.337286 0.362638 0.362944 0.342682 0.318711 0.305303 0.306949 0.319093 0.332256 0.338335 0.335323 0.327204 0.320548 0.320439 0.329358 0.35085 0.393791 0.471528 0.593214 0.738943 0.817526 0.740609 0.57135 0.403415 0.273925 0.184358 0.125653 0.0884367 0.0656858 0.0529283 0.0478597 0.0499625 0.0602836 0.0813569 0.11704 0.171453 0.244622 0.320133 0.352761 0.311827 0.233775 0.161103 0.107436 0.0718085 0.0499309 0.0379288 0.0331077 0.0338551 0.0393462 0.0492153 0.0632067 0.0808218 0.101045 0.122285 0.142519 0.159297 0.169477 0.169631 0.158207 0.137715 0.11378 0.0919881 0.0758601 0.0667985 0.0647601 0.0687002 0.0766067 0.0855047 0.0921211 0.094496 0.0935065 0.0927619 0.097021 0.110585 0.13605 0.172227 0.210246 0.231838 0.221317 0.183816 0.1381 0.0977188 0.0670468 0.0455067 0.0310285 0.0215612 0.0155083 0.0117429 0.00950118 0.00826768 0.00768481 0.00749264 0.00749398 0.00753827 0.00751716 0.00736438 0.00705411 0.00659433 0.00601597 0.00536069 0.00467097 0.0039839 0.00332872 0.00272648 0.00219062 0.00172792 0.00133943 0.00102172 0.000768159 0.000570267 0.000418897 0.00030515 0.000220978 0.000159488 0.00011503 8.3138e-05 6.03781e-05 4.41764e-05 3.26412e-05 2.44052e-05 1.84931e-05 1.42167e-05 1.10936e-05 8.78738e-06 7.06314e-06 5.75672e-06 4.7526e-06 3.96888e-06 3.347e-06 2.84479e-06 2.43182e-06 2.08611e-06 1.79191e-06 1.53802e-06 1.31662e-06 1.12227e-06 9.51206e-07 8.00782e-07 6.69032e-07 5.54375e-07 4.55411e-07 3.70802e-07 2.99212e-07 2.3929e-07 1.89686e-07 1.49075e-07 1.16186e-07 8.98316e-08 6.89292e-08 5.25126e-08 3.97388e-08 2.98869e-08 2.23509e-08 1.66308e-08 1.23195e-08 9.09119e-09 6.68772e-09 4.90753e-09 3.59481e-09 2.63037e-09 1.92389e-09 1.40749e-09 1.03056e-09 7.55592e-10 5.54992e-10 4.08528e-10 3.01439e-10 2.22986e-10 1.65376e-10 1.22958e-10 9.16372e-11 6.84423e-11 5.12161e-11 3.83879e-11 2.88112e-11 2.1646e-11 1.6275e-11 1.22425e-11 9.21135e-12 6.93072e-12 5.21374e-12 3.92066e-12 2.94671e-12 2.21322e-12 1.66098e-12 1.2454e-12 9.32852e-13 6.97976e-13 5.21621e-13 3.89337e-13 2.90218e-13 2.16036e-13 1.60588e-13 1.19196e-13 8.83419e-14 6.5375e-14 4.8305e-14 3.56373e-14 2.62511e-14 1.93075e-14 1.4179e-14 1.03971e-14 7.61271e-15 5.56589e-15 4.0636e-15 2.96267e-15 2.15707e-15 1.56843e-15 1.13894e-15 8.2601e-16 5.98307e-16 4.32842e-16 3.12757e-16 2.25718e-16 1.62707e-16 1.17148e-16 8.42461e-17 6.05134e-17 4.34148e-17 3.11104e-17 2.22664e-17 1.59173e-17 1.13645e-17 8.10394e-18 5.77158e-18 4.10526e-18 2.91628e-18 2.06896e-18 1.46591e-18 1.03726e-18 7.32976e-19 5.17262e-19 3.64543e-19 2.56568e-19 1.80331e-19 1.26577e-19 8.87267e-20 6.21119e-20 4.34229e-20 3.03173e-20 2.11396e-20 1.47211e-20 
6.10247e-21 8.78927e-21 1.26525e-20 1.82051e-20 2.61831e-20 3.76428e-20 5.40991e-20 7.77253e-20 1.11638e-19 1.60308e-19 2.30145e-19 3.30337e-19 4.74056e-19 6.80178e-19 9.75743e-19 1.39948e-18 2.00682e-18 2.8771e-18 4.12375e-18 5.9089e-18 8.46412e-18 1.21198e-17 1.73473e-17 2.48177e-17 3.54864e-17 5.07114e-17 7.24212e-17 1.03351e-16 1.47374e-16 2.09971e-16 2.98882e-16 4.25024e-16 6.03771e-16 8.56739e-16 1.21427e-15 1.71888e-15 2.43004e-15 3.4308e-15 4.83688e-15 6.80928e-15 9.57146e-15 1.34331e-14 1.88221e-14 2.63293e-14 3.67674e-14 5.12532e-14 7.1317e-14 9.90508e-14 1.37308e-13 1.89973e-13 2.62315e-13 3.61472e-13 4.97084e-13 6.82138e-13 9.34091e-13 1.27634e-12 1.74018e-12 2.36736e-12 3.21342e-12 4.35209e-12 5.88104e-12 7.9293e-12 1.0667e-11 1.4318e-11 1.9176e-11 2.56262e-11 3.41721e-11 4.54714e-11 6.03819e-11 8.00207e-11 1.05841e-10 1.39734e-10 1.84156e-10 2.42303e-10 3.18328e-10 4.17639e-10 5.47278e-10 7.16428e-10 9.37083e-10 1.22492e-09 1.60045e-09 2.09053e-09 2.73034e-09 3.56588e-09 4.65723e-09 6.0827e-09 7.94385e-09 1.03719e-08 1.35351e-08 1.76481e-08 2.29818e-08 2.98752e-08 3.87482e-08 5.01152e-08 6.45986e-08 8.29437e-08 1.06033e-07 1.34902e-07 1.70761e-07 2.15021e-07 2.69342e-07 3.35712e-07 4.16575e-07 5.15047e-07 6.35257e-07 7.82877e-07 9.65913e-07 1.19586e-06 1.48931e-06 1.87022e-06 2.37291e-06 3.04593e-06 3.95701e-06 5.19896e-06 6.89659e-06 9.21402e-06 1.23618e-05 1.66027e-05 2.22532e-05 2.968e-05 3.92854e-05 5.14812e-05 6.66453e-05 8.50624e-05 0.00010685 0.000131881 0.000159709 0.00018953 0.000220185 0.00025024 0.000278133 0.000302395 0.000321908 0.000336162 0.000345486 0.000351215 0.00035582 0.000363024 0.000377986 0.000407615 0.000461083 0.000550588 0.000692375 0.000908001 0.0012258 0.00168245 0.00232454 0.00320994 0.00440884 0.00600367 0.00808661 0.0107512 0.0140717 0.0180618 0.0226078 0.0273881 0.0318265 0.0351571 0.0366507 0.0359297 0.0331688 0.0290198 0.0243201 0.019797 0.0159183 0.012892 0.0107419 0.00939207 0.0087283 0.00863128 0.00898788 0.00968879 0.0106215 0.0116679 0.0127146 0.0136796 0.0145495 0.0154154 0.0164949 0.0181408 0.0208489 0.0252862 0.0323508 0.043257 0.0596023 0.0833018 0.116163 0.158787 0.208858 0.260544 0.308596 0.355485 0.410749 0.480226 0.554955 0.606144 0.59783 0.523385 0.416364 0.312887 0.229051 0.166511 0.121684 0.0904268 0.0695303 0.0568838 0.0512587 0.0520387 0.0589167 0.0714616 0.0884963 0.107521 0.124957 0.137968 0.146797 0.154646 0.164407 0.17531 0.18284 0.183045 0.177506 0.172986 0.176913 0.194378 0.227636 0.275454 0.330174 0.374148 0.386484 0.364205 0.325074 0.286134 0.253552 0.226361 0.201928 0.178743 0.156594 0.135829 0.116993 0.100736 0.0876718 0.0782504 0.0728303 0.0718961 0.0762919 0.0873762 0.107036 0.137333 0.179103 0.228434 0.271896 0.290188 0.278943 0.257106 0.246326 0.257669 0.293266 0.348856 0.411174 0.453013 0.447248 0.40233 0.351922 0.318553 0.308266 0.317965 0.339548 0.361181 0.370612 0.364065 0.350524 0.342536 0.34823 0.374051 0.431139 0.538585 0.721946 0.994604 1.19671 1.0028 0.713518 0.475215 0.30892 0.200383 0.131761 0.0893286 0.0639142 0.0499351 0.0444535 0.0465371 0.0569136 0.0778147 0.112728 0.16523 0.234659 0.304825 0.334633 0.297327 0.22478 0.155887 0.104282 0.0696777 0.0482616 0.03643 0.0316429 0.0323866 0.0379141 0.0479307 0.0622441 0.0803925 0.101352 0.123493 0.144778 0.16276 0.174109 0.174855 0.162926 0.140943 0.115141 0.0915635 0.0737768 0.0629611 0.0587924 0.0600548 0.064841 0.070685 0.0751018 0.0766458 0.0758228 0.0749647 0.0771297 0.0848408 0.0990315 0.117917 0.135983 0.145015 0.139153 0.120001 0.0947776 0.0703329 0.0501869 0.0350802 0.0243889 0.0171021 0.012273 0.00915658 0.00721089 0.00605321 0.00541302 0.00509502 0.00495488 0.00488568 0.00481144 0.00468405 0.00448032 0.00419764 0.00384792 0.00345121 0.00303008 0.00260582 0.00219635 0.00181539 0.00147234 0.00117257 0.000917816 0.000706912 0.0005365 0.000401855 0.000297613 0.000218363 0.000159072 0.000115318 8.33984e-05 6.03237e-05 4.37549e-05 3.19085e-05 2.34535e-05 1.74142e-05 1.30864e-05 9.96753e-06 7.7022e-06 6.04081e-06 4.80849e-06 3.88275e-06 3.17755e-06 2.63217e-06 2.20345e-06 1.86058e-06 1.58143e-06 1.35011e-06 1.15523e-06 9.88663e-07 8.44674e-07 7.19225e-07 6.09477e-07 5.13404e-07 4.29508e-07 3.56608e-07 2.93701e-07 2.39869e-07 1.94235e-07 1.55935e-07 1.24123e-07 9.79755e-08 7.67074e-08 5.95847e-08 4.59363e-08 3.51617e-08 2.67336e-08 2.01986e-08 1.51732e-08 1.13384e-08 8.43321e-09 6.24673e-09 4.61105e-09 3.39399e-09 2.49268e-09 1.8279e-09 1.33921e-09 9.80917e-10 7.18716e-10 5.2706e-10 3.87032e-10 2.84701e-10 2.09853e-10 1.5503e-10 1.14799e-10 8.52086e-11 6.33905e-11 4.72603e-11 3.53033e-11 2.64165e-11 1.97953e-11 1.48511e-11 1.11518e-11 8.37921e-12 6.29837e-12 4.735e-12 3.55948e-12 2.67514e-12 2.00969e-12 1.50892e-12 1.13214e-12 8.48756e-13 6.3572e-13 4.75673e-13 3.55528e-13 2.65418e-13 1.97902e-13 1.47368e-13 1.09591e-13 8.13837e-14 6.03506e-14 4.46884e-14 3.30421e-14 2.43947e-14 1.79835e-14 1.32375e-14 9.72955e-15 7.14071e-15 5.2331e-15 3.82962e-15 2.7986e-15 2.04233e-15 1.48842e-15 1.08329e-15 7.87416e-16 5.71623e-16 4.1445e-16 3.00124e-16 2.17072e-16 1.56815e-16 1.13151e-16 8.15485e-17 5.87036e-17 4.22089e-17 3.03132e-17 2.17444e-17 1.55792e-17 1.11487e-17 7.9685e-18 5.68849e-18 4.05583e-18 2.88814e-18 2.05403e-18 1.45895e-18 1.03494e-18 7.33197e-19 5.18749e-19 3.66538e-19 2.58645e-19 1.82268e-19 1.28274e-19 9.0154e-20 6.3278e-20 4.4355e-20 3.10497e-20 2.17071e-20 1.51558e-20 1.0568e-20 
4.38247e-21 6.30948e-21 9.07949e-21 1.30599e-20 1.8778e-20 2.69899e-20 3.87804e-20 5.57056e-20 7.99964e-20 1.14852e-19 1.64859e-19 2.36589e-19 3.39461e-19 4.86967e-19 6.98425e-19 1.00149e-18 1.43572e-18 2.05769e-18 2.94823e-18 4.2228e-18 6.04613e-18 8.65309e-18 1.23783e-17 1.76978e-17 2.52885e-17 3.61115e-17 5.15298e-17 7.34744e-17 1.04676e-16 1.48994e-16 2.11869e-16 3.00968e-16 4.27067e-16 6.053e-16 8.56875e-16 1.21147e-15 1.71051e-15 2.4118e-15 3.3957e-15 4.77385e-15 6.70099e-15 9.3911e-15 1.31396e-14 1.83532e-14 2.5591e-14 3.56195e-14 4.94876e-14 6.86264e-14 9.49853e-14 1.31212e-13 1.80894e-13 2.48883e-13 3.4172e-13 4.68205e-13 6.40147e-13 8.73358e-13 1.18895e-12 1.61505e-12 2.18905e-12 2.96052e-12 3.99507e-12 5.37929e-12 7.22727e-12 9.68902e-12 1.29614e-11 1.73022e-11 2.30487e-11 3.06413e-11 4.06543e-11 5.38364e-11 7.11619e-11 9.3899e-11 1.23698e-10 1.62706e-10 2.13719e-10 2.80377e-10 3.6743e-10 4.81073e-10 6.29398e-10 8.22985e-10 1.07567e-09 1.40554e-09 1.83625e-09 2.39865e-09 3.13291e-09 4.0912e-09 5.34087e-09 6.96853e-09 9.08474e-09 1.18297e-08 1.53794e-08 1.99532e-08 2.58214e-08 3.33136e-08 4.28281e-08 5.48407e-08 6.99158e-08 8.87185e-08 1.12032e-07 1.40782e-07 1.76075e-07 2.19267e-07 2.72059e-07 3.36669e-07 4.16075e-07 5.144e-07 6.37463e-07 7.93565e-07 9.94582e-07 1.25744e-06 1.60604e-06 2.07374e-06 2.70635e-06 3.56576e-06 4.73384e-06 6.31657e-06 8.44766e-06 1.12909e-05 1.50401e-05 1.99147e-05 2.61497e-05 3.39787e-05 4.36069e-05 5.51772e-05 6.87293e-05 8.4158e-05 0.000101179 0.000119314 0.000137899 0.000156135 0.000173179 0.000188261 0.000200833 0.000210711 0.000218214 0.000224276 0.000230549 0.00023952 0.000254664 0.000280686 0.000323876 0.000392606 0.000497971 0.000654563 0.000881337 0.00120252 0.00164844 0.00225615 0.00306946 0.00413791 0.00551333 0.00724199 0.0093494 0.0118152 0.0145398 0.0173133 0.0198107 0.0216413 0.0224585 0.022093 0.0206304 0.0183822 0.0157676 0.0131811 0.0109099 0.009114 0.00784997 0.00710809 0.00684458 0.00700104 0.00751119 0.00829881 0.00927289 0.0103277 0.0113543 0.0122674 0.0130405 0.0137394 0.0145418 0.0157425 0.0177542 0.0211207 0.0265483 0.0349476 0.0474522 0.0653492 0.0898386 0.121596 0.160396 0.205544 0.257669 0.320387 0.398444 0.491123 0.582838 0.637048 0.616919 0.530579 0.42016 0.317559 0.234565 0.171634 0.125492 0.0925647 0.069971 0.0556157 0.0480585 0.0463465 0.0498196 0.057862 0.0696322 0.0839536 0.099684 0.116672 0.136609 0.16244 0.1955 0.230975 0.255782 0.257615 0.240411 0.221447 0.216042 0.232527 0.275076 0.345362 0.437477 0.52071 0.535386 0.471963 0.386616 0.31431 0.260986 0.222704 0.194161 0.171101 0.150734 0.131672 0.113735 0.0975484 0.0839723 0.0737045 0.0672324 0.065022 0.0677373 0.0763654 0.0921662 0.116263 0.14848 0.185138 0.217284 0.234498 0.23569 0.232905 0.241589 0.272179 0.328974 0.410361 0.503709 0.569699 0.554714 0.476275 0.396601 0.345853 0.329525 0.345368 0.386406 0.434582 0.457781 0.438364 0.398962 0.369427 0.3634 0.386371 0.446727 0.561695 0.759629 1.07384 1.37081 1.07357 0.745976 0.490213 0.315266 0.202168 0.13102 0.0871603 0.0609445 0.0464918 0.0406023 0.04203 0.0510463 0.0691402 0.0985394 0.140829 0.193255 0.242037 0.261381 0.23694 0.185955 0.133472 0.091665 0.0624284 0.0438331 0.0334124 0.0292494 0.0301611 0.0355729 0.0452783 0.0591286 0.0766822 0.0969234 0.118233 0.138616 0.155732 0.166443 0.167005 0.15545 0.134236 0.109253 0.086203 0.0684135 0.0569034 0.0512569 0.050286 0.0523381 0.0555026 0.0580069 0.0588371 0.0582119 0.0574684 0.0583787 0.0623159 0.0695598 0.0787994 0.0870543 0.0906027 0.0870216 0.0768212 0.0629063 0.0485479 0.0359179 0.0258753 0.0184036 0.0130922 0.00944081 0.00700069 0.00541664 0.0044234 0.00382718 0.00348647 0.00329725 0.00318338 0.00309094 0.00298473 0.00284553 0.00266704 0.00245238 0.00221047 0.00195289 0.00169146 0.00143679 0.00119745 0.00097965 0.000787256 0.000621932 0.000483493 0.000370327 0.00027986 0.000209001 0.000154516 0.000113305 8.25819e-05 5.99572e-05 4.34654e-05 3.15399e-05 2.29658e-05 1.68224e-05 1.24252e-05 9.2736e-06 7.0064e-06 5.36564e-06 4.16863e-06 3.28659e-06 2.62903e-06 2.13231e-06 1.75157e-06 1.45506e-06 1.22021e-06 1.03091e-06 8.75626e-07 7.46111e-07 6.36474e-07 5.4253e-07 4.6131e-07 3.90705e-07 3.292e-07 2.75674e-07 2.29258e-07 1.89233e-07 1.5497e-07 1.25884e-07 1.01419e-07 8.10387e-08 6.42288e-08 5.05016e-08 3.94019e-08 3.05136e-08 2.34626e-08 1.79197e-08 1.36e-08 1.0261e-08 7.7002e-09 5.75032e-09 4.27561e-09 3.16714e-09 2.3386e-09 1.72237e-09 1.26605e-09 9.2939e-10 6.81755e-10 5.00031e-10 3.66894e-10 2.69446e-10 1.98141e-10 1.45949e-10 1.07711e-10 7.96582e-11 5.90394e-11 4.38524e-11 3.264e-11 2.43416e-11 1.81848e-11 1.3606e-11 1.01931e-11 7.64412e-12 5.73695e-12 4.30787e-12 3.23572e-12 2.4306e-12 1.82559e-12 1.37078e-12 1.02882e-12 7.71705e-13 5.78434e-13 4.33209e-13 3.24144e-13 2.42292e-13 1.80911e-13 1.34923e-13 1.00502e-13 7.47662e-14 5.55473e-14 4.12124e-14 3.05343e-14 2.25908e-14 1.66898e-14 1.23125e-14 9.07004e-15 6.67183e-15 4.90068e-15 3.59459e-15 2.63287e-15 1.92579e-15 1.40667e-15 1.02611e-15 7.47523e-16 5.43868e-16 3.95195e-16 2.86806e-16 2.0789e-16 1.50506e-16 1.08832e-16 7.86043e-17 5.67057e-17 4.08603e-17 2.94083e-17 2.11413e-17 1.51805e-17 1.08876e-17 7.79938e-18 5.58046e-18 3.98801e-18 2.84651e-18 2.02925e-18 1.44482e-18 1.02742e-18 7.29671e-19 5.17547e-19 3.66614e-19 2.5936e-19 1.83242e-19 1.29293e-19 9.11072e-20 6.41142e-20 4.50589e-20 3.16251e-20 2.21673e-20 1.55175e-20 1.08484e-20 7.57439e-21 
3.14595e-21 4.5276e-21 6.5132e-21 9.36583e-21 1.34629e-20 1.93459e-20 2.77912e-20 3.99124e-20 5.73057e-20 8.22595e-20 1.18053e-19 1.69386e-19 2.42987e-19 3.48492e-19 4.99693e-19 7.16316e-19 1.02657e-18 1.47075e-18 2.10641e-18 3.01567e-18 4.31557e-18 6.17286e-18 8.82481e-18 1.26087e-17 1.80034e-17 2.56883e-17 3.66253e-17 5.21757e-17 7.42621e-17 1.05597e-16 1.50001e-16 2.12849e-16 3.01684e-16 4.27084e-16 6.03851e-16 8.52663e-16 1.20235e-15 1.69305e-15 2.38051e-15 3.34203e-15 4.68455e-15 6.55576e-15 9.15915e-15 1.27745e-14 1.77857e-14 2.47182e-14 3.42897e-14 4.74781e-14 6.56127e-14 9.04967e-14 1.2457e-13 1.71124e-13 2.34594e-13 3.20936e-13 4.38131e-13 5.96852e-13 8.1133e-13 1.10051e-12 1.48953e-12 2.01171e-12 2.71109e-12 3.64576e-12 4.8922e-12 6.55093e-12 8.75378e-12 1.16734e-11 1.55356e-11 2.06353e-11 2.73573e-11 3.6203e-11 4.78259e-11 6.30768e-11 8.30639e-11 1.0923e-10 1.43456e-10 1.88192e-10 2.46638e-10 3.22966e-10 4.22629e-10 5.52752e-10 7.2264e-10 9.44446e-10 1.23402e-09 1.61198e-09 2.1051e-09 2.74797e-09 3.58513e-09 4.67354e-09 6.08558e-09 7.91255e-09 1.02687e-08 1.32954e-08 1.71667e-08 2.2094e-08 2.83321e-08 3.6186e-08 4.60182e-08 5.82586e-08 7.34182e-08 9.21095e-08 1.15079e-07 1.43255e-07 1.77831e-07 2.20381e-07 2.73043e-07 3.38787e-07 4.21789e-07 5.27971e-07 6.65715e-07 8.46822e-07 1.08775e-06 1.41112e-06 1.84763e-06 2.43806e-06 3.23563e-06 4.30815e-06 5.7398e-06 7.63193e-06 1.01022e-05 1.32812e-05 1.73055e-05 2.23068e-05 2.83959e-05 3.56434e-05 4.40573e-05 5.35614e-05 6.39798e-05 7.50307e-05 8.63381e-05 9.74617e-05 0.00010795 0.000117407 0.000125579 0.000132433 0.000138246 0.000143677 0.000149847 0.000158432 0.000171781 0.000193092 0.000226649 0.000278139 0.000355053 0.000467143 0.000626928 0.000850181 0.00115632 0.00156853 0.00211342 0.00281964 0.00371484 0.00481971 0.0061383 0.00764417 0.00926501 0.0108723 0.0122865 0.0133073 0.0137668 0.0135871 0.0128126 0.0115977 0.0101569 0.00870497 0.00741366 0.00639448 0.00570377 0.00535765 0.00534695 0.00564681 0.00621925 0.00701069 0.00794844 0.00894201 0.00989477 0.0107277 0.0114107 0.0119912 0.0126107 0.0135086 0.0150204 0.0175835 0.0217558 0.0282439 0.0379244 0.0518371 0.0711426 0.0970955 0.1312 0.175752 0.234617 0.313146 0.415332 0.536931 0.655468 0.721337 0.683956 0.569814 0.443418 0.335028 0.249334 0.183484 0.13392 0.09767 0.0722462 0.0555432 0.0458609 0.0419134 0.0427726 0.0477679 0.0564173 0.0685161 0.0845182 0.106191 0.137168 0.182588 0.246275 0.322262 0.380549 0.380489 0.332929 0.28479 0.263186 0.276364 0.328086 0.424563 0.573267 0.751255 0.779705 0.616832 0.462542 0.354199 0.281901 0.233599 0.200004 0.174499 0.152827 0.132843 0.114085 0.0970955 0.0826751 0.0714392 0.063767 0.0599799 0.0605209 0.0660144 0.0771578 0.0943551 0.116967 0.142318 0.165572 0.182426 0.193959 0.208193 0.236086 0.286688 0.364277 0.465964 0.576502 0.65166 0.627372 0.52943 0.434849 0.376019 0.359259 0.386579 0.458193 0.55626 0.607775 0.551129 0.459787 0.396814 0.373468 0.38739 0.438732 0.533988 0.682191 0.868558 0.973754 0.85986 0.640824 0.438761 0.289118 0.187891 0.122383 0.0812214 0.0562551 0.0422413 0.0361593 0.0366301 0.0434868 0.0573894 0.0792292 0.108882 0.142869 0.17182 0.182559 0.168776 0.1381 0.103633 0.073984 0.0520223 0.0375032 0.0292184 0.0260159 0.0271297 0.0321848 0.0410477 0.0535805 0.0693454 0.0873695 0.106132 0.123776 0.138191 0.146763 0.146611 0.136378 0.118115 0.0965267 0.076279 0.0602058 0.0492349 0.0430471 0.0406631 0.0407814 0.0420025 0.043105 0.0433849 0.042879 0.0422745 0.0425145 0.0443041 0.0477091 0.0519509 0.0555108 0.0566694 0.054348 0.0486976 0.04093 0.0325864 0.0248757 0.0184352 0.0134222 0.00971279 0.00706995 0.00524389 0.00401705 0.00321617 0.00270918 0.00239735 0.00220744 0.00208577 0.0019941 0.00190683 0.00180879 0.00169313 0.0015592 0.00141037 0.00125227 0.00109122 0.000933294 0.000783664 0.000646273 0.000523732 0.000417362 0.000327347 0.000252962 0.000192836 0.000145217 0.000108198 7.98982e-05 5.85839e-05 4.27382e-05 3.10872e-05 2.25976e-05 1.64547e-05 1.20311e-05 8.85413e-06 6.57326e-06 4.93262e-06 3.74757e-06 2.88615e-06 2.25467e-06 1.78694e-06 1.43627e-06 1.16972e-06 9.64001e-07 8.0261e-07 6.73803e-07 5.69203e-07 4.82831e-07 4.10418e-07 3.4892e-07 2.9617e-07 2.50618e-07 2.11145e-07 1.76926e-07 1.47325e-07 1.21832e-07 1.00011e-07 8.14708e-08 6.58487e-08 5.28028e-08 4.20093e-08 3.31637e-08 2.59829e-08 2.02079e-08 1.5606e-08 1.19713e-08 9.12492e-09 6.91409e-09 5.21013e-09 3.90637e-09 2.91559e-09 2.16738e-09 1.60561e-09 1.186e-09 8.7403e-10 6.43006e-10 4.72505e-10 3.47012e-10 2.54839e-10 1.87235e-10 1.37689e-10 1.01384e-10 7.47699e-11 5.52419e-11 4.08935e-11 3.03325e-11 2.25436e-11 1.67865e-11 1.25215e-11 9.35484e-12 6.99849e-12 5.24156e-12 3.92918e-12 2.94731e-12 2.21174e-12 1.6601e-12 1.24605e-12 9.35116e-13 7.01533e-13 5.26042e-13 3.94209e-13 2.95198e-13 2.2087e-13 1.65103e-13 1.23291e-13 9.1968e-14 6.85237e-14 5.0994e-14 3.7901e-14 2.81331e-14 2.08547e-14 1.54383e-14 1.14128e-14 8.42521e-15 6.21094e-15 4.57218e-15 3.36108e-15 2.46734e-15 1.80875e-15 1.32414e-15 9.6806e-16 7.06798e-16 5.15372e-16 3.75309e-16 2.72967e-16 1.98286e-16 1.43861e-16 1.04249e-16 7.54545e-17 5.45491e-17 3.93898e-17 2.84103e-17 2.04675e-17 1.47283e-17 1.05862e-17 7.60009e-18 5.44992e-18 3.90346e-18 2.7925e-18 1.99532e-18 1.42399e-18 1.015e-18 7.22583e-19 5.13765e-19 3.64831e-19 2.5874e-19 1.83264e-19 1.29637e-19 9.15827e-20 6.46145e-20 4.55279e-20 3.20372e-20 2.25144e-20 1.58015e-20 1.10756e-20 7.75307e-21 5.42024e-21 
2.25742e-21 3.24776e-21 4.67065e-21 6.71444e-21 9.64927e-21 1.38626e-20 1.99099e-20 2.85878e-20 4.10377e-20 5.88958e-20 8.45055e-20 1.21224e-19 1.73855e-19 2.49277e-19 3.57325e-19 5.1206e-19 7.33572e-19 1.05054e-18 1.50389e-18 2.15196e-18 3.07782e-18 4.3997e-18 6.28564e-18 8.97425e-18 1.28039e-17 1.82541e-17 2.60028e-17 3.70083e-17 5.26221e-17 7.47485e-17 1.06066e-16 1.50335e-16 2.12831e-16 3.00935e-16 4.24962e-16 5.99298e-16 8.43974e-16 1.18682e-15 1.66645e-15 2.33629e-15 3.27017e-15 4.56983e-15 6.37528e-15 8.87865e-15 1.23432e-14 1.71285e-14 2.37251e-14 3.28001e-14 4.52592e-14 6.23286e-14 8.5665e-14 1.17501e-13 1.60839e-13 2.19705e-13 2.99491e-13 4.07391e-13 5.52994e-13 7.49043e-13 1.01244e-12 1.36556e-12 1.83796e-12 2.46858e-12 3.30868e-12 4.4256e-12 5.90762e-12 7.87036e-12 1.0465e-11 1.3889e-11 1.84001e-11 2.43345e-11 3.21301e-11 4.23578e-11 5.57616e-11 7.33111e-11 9.62701e-11 1.26287e-10 1.65514e-10 2.16759e-10 2.83688e-10 3.71087e-10 4.85202e-10 6.34171e-10 8.28581e-10 1.08217e-09 1.41271e-09 1.84309e-09 2.40263e-09 3.12868e-09 4.0685e-09 5.28144e-09 6.8414e-09 8.83966e-09 1.1388e-08 1.46222e-08 1.87057e-08 2.38346e-08 3.0243e-08 3.82106e-08 4.80735e-08 6.02407e-08 7.52184e-08 9.36482e-08 1.16366e-07 1.44487e-07 1.79537e-07 2.23633e-07 2.79743e-07 3.52037e-07 4.46362e-07 5.70852e-07 7.36706e-07 9.5913e-07 1.25845e-06 1.66133e-06 2.20204e-06 2.92363e-06 3.87868e-06 5.12948e-06 6.74707e-06 8.80871e-06 1.13934e-05 1.45752e-05 1.84136e-05 2.29429e-05 2.81601e-05 3.40139e-05 4.03974e-05 4.71476e-05 5.40533e-05 6.08744e-05 6.73726e-05 7.33513e-05 7.87036e-05 8.34617e-05 8.78493e-05 9.23333e-05 9.76808e-05 0.000105026 0.00011596 0.000132646 0.000157979 0.000195788 0.000251069 0.000330264 0.00044153 0.000594986 0.000802839 0.00107931 0.0014401 0.00190122 0.00247661 0.00317426 0.00399043 0.0049026 0.00586283 0.00679518 0.00760152 0.00817859 0.00844382 0.00836104 0.00795441 0.00730312 0.00651976 0.00572271 0.0050139 0.00446769 0.0041301 0.00402385 0.00415444 0.00451374 0.00507996 0.00581494 0.00666167 0.00754634 0.00838869 0.00912206 0.00971873 0.0102132 0.0107159 0.011417 0.0125854 0.0145736 0.0178344 0.0229514 0.030681 0.0420119 0.0582639 0.0812879 0.113863 0.160328 0.227198 0.322721 0.452836 0.609013 0.749991 0.808263 0.74504 0.610654 0.476764 0.366381 0.277404 0.205592 0.14916 0.10689 0.0769175 0.0569581 0.0448404 0.0388203 0.0376614 0.0406155 0.047436 0.0585363 0.0753846 0.101162 0.141602 0.205711 0.305203 0.446364 0.584403 0.570446 0.44758 0.351927 0.310223 0.319035 0.375996 0.487142 0.67137 0.963191 1.03168 0.720687 0.519966 0.391746 0.309189 0.255061 0.217471 0.188305 0.162886 0.139408 0.11785 0.0988566 0.0830083 0.0705759 0.0616214 0.0562122 0.0545538 0.0569805 0.0638153 0.0751058 0.0902511 0.107727 0.125476 0.142529 0.161192 0.187798 0.231064 0.298941 0.393923 0.506026 0.608016 0.659582 0.628922 0.542907 0.457604 0.401749 0.386161 0.42043 0.516704 0.675402 0.781437 0.65486 0.502565 0.410923 0.373544 0.377282 0.413376 0.477074 0.562232 0.646347 0.677081 0.614065 0.487085 0.352723 0.242318 0.162107 0.107593 0.0721253 0.0500216 0.0372499 0.0312933 0.0308291 0.0353971 0.0450356 0.0597539 0.0786778 0.0989145 0.114988 0.120651 0.113217 0.0959322 0.075105 0.0558934 0.0408195 0.0304438 0.0244289 0.0222449 0.0234893 0.0279561 0.0355566 0.0461423 0.0592841 0.0741025 0.0892703 0.103187 0.114104 0.120074 0.119236 0.110912 0.096651 0.0797471 0.0635696 0.0503153 0.0408159 0.0349248 0.0319519 0.0309629 0.0309843 0.0311931 0.0310993 0.030646 0.0301457 0.0300624 0.030739 0.0321802 0.0339664 0.0353457 0.03551 0.0339554 0.0307155 0.0263097 0.0214646 0.0168223 0.0127872 0.00952104 0.0070143 0.0051673 0.00385031 0.00293745 0.00232113 0.00191527 0.00165344 0.00148541 0.00137398 0.00129232 0.00122204 0.0011516 0.00107491 0.000989927 0.000897432 0.00079989 0.000700543 0.000602744 0.000509512 0.000423262 0.000345684 0.000277728 0.000219662 0.000171193 0.000131607 9.99247e-05 7.50348e-05 5.58098e-05 4.11849e-05 3.02085e-05 2.20663e-05 1.60858e-05 1.1728e-05 8.5717e-06 6.29477e-06 4.65529e-06 3.47448e-06 2.6219e-06 2.00345e-06 1.55177e-06 1.21894e-06 9.71014e-07 7.83982e-07 6.40853e-07 5.29589e-07 4.41643e-07 3.70934e-07 3.13126e-07 2.65127e-07 2.2473e-07 1.90359e-07 1.60883e-07 1.35484e-07 1.1356e-07 9.46503e-08 7.83929e-08 6.4485e-08 5.26631e-08 4.26892e-08 3.43431e-08 2.74196e-08 2.17275e-08 1.70901e-08 1.33457e-08 1.03494e-08 7.97231e-09 6.10229e-09 4.64302e-09 3.51301e-09 2.64432e-09 1.9811e-09 1.47797e-09 1.09853e-09 8.13906e-10 6.01438e-10 4.43509e-10 3.26549e-10 2.40197e-10 1.766e-10 1.29847e-10 9.55194e-11 7.03301e-11 5.18476e-11 3.82797e-11 2.83101e-11 2.09748e-11 1.55687e-11 1.15769e-11 8.62337e-12 6.4335e-12 4.80648e-12 3.59524e-12 2.69188e-12 2.01705e-12 1.51221e-12 1.1341e-12 8.50645e-13 6.38003e-13 4.7841e-13 3.58604e-13 2.68661e-13 2.01149e-13 1.5049e-13 1.12493e-13 8.40115e-14 6.26776e-14 4.67106e-14 3.47714e-14 2.5853e-14 1.91982e-14 1.42383e-14 1.05459e-14 7.80069e-15 5.76229e-15 4.25076e-15 3.13143e-15 2.3037e-15 1.69245e-15 1.2417e-15 9.09775e-16 6.65693e-16 4.86457e-16 3.5502e-16 2.58767e-16 1.88374e-16 1.36961e-16 9.94597e-17 7.214e-17 5.22626e-17 3.78179e-17 2.73339e-17 1.97335e-17 1.42301e-17 1.02497e-17 7.37429e-18 5.29941e-18 3.80393e-18 2.72729e-18 1.95308e-18 1.397e-18 9.98046e-19 7.12165e-19 5.07551e-19 3.61279e-19 2.56841e-19 1.82364e-19 1.29319e-19 9.15862e-20 6.47798e-20 4.57601e-20 3.22828e-20 2.27452e-20 1.60045e-20 1.12469e-20 7.89323e-21 5.53243e-21 3.87273e-21 
1.61923e-21 2.32886e-21 3.34821e-21 4.81205e-21 6.91368e-21 9.93022e-21 1.4259e-20 2.04694e-20 2.93775e-20 4.21519e-20 6.04667e-20 8.67176e-20 1.24333e-19 1.78216e-19 2.55376e-19 3.65825e-19 5.23856e-19 7.4986e-19 1.0729e-18 1.53438e-18 2.19318e-18 3.13302e-18 4.47276e-18 6.38099e-18 9.09649e-18 1.29571e-17 1.84402e-17 2.62191e-17 3.72428e-17 5.2846e-17 7.49035e-17 1.06044e-16 1.49949e-16 2.11762e-16 2.9866e-16 4.20638e-16 5.91588e-16 8.30787e-16 1.16493e-15 1.63089e-15 2.27956e-15 3.18094e-15 4.43119e-15 6.1621e-15 8.55386e-15 1.18523e-14 1.63923e-14 2.26283e-14 3.11765e-14 4.28699e-14 5.88322e-14 8.05756e-14 1.10131e-13 1.50218e-13 2.04473e-13 2.77746e-13 3.76489e-13 5.09272e-13 6.8745e-13 9.2604e-13 1.24486e-12 1.67003e-12 2.23588e-12 2.98751e-12 3.98403e-12 5.30286e-12 7.0452e-12 9.34331e-12 1.23698e-11 1.63499e-11 2.15774e-11 2.8435e-11 3.74222e-11 4.91899e-11 6.45872e-11 8.47218e-11 1.11039e-10 1.45425e-10 1.9034e-10 2.48993e-10 3.25562e-10 4.25484e-10 5.55809e-10 7.25662e-10 9.46803e-10 1.23432e-09 1.60747e-09 2.09068e-09 2.71472e-09 3.5181e-09 4.5486e-09 5.86505e-09 7.53935e-09 9.65875e-09 1.23285e-08 1.56752e-08 1.98507e-08 2.50384e-08 3.14611e-08 3.93935e-08 4.91812e-08 6.12686e-08 7.6241e-08 9.48866e-08 1.18285e-07 1.47932e-07 1.85914e-07 2.35138e-07 2.99637e-07 3.84959e-07 4.98651e-07 6.50831e-07 8.54847e-07 1.12798e-06 1.49214e-06 1.97444e-06 2.60753e-06 3.42946e-06 4.4829e-06 5.8134e-06 7.46651e-06 9.48368e-06 1.18969e-05 1.47226e-05 1.79551e-05 2.15615e-05 2.54784e-05 2.96123e-05 3.38463e-05 3.80513e-05 4.21043e-05 4.59124e-05 4.94406e-05 5.27419e-05 5.59907e-05 5.95173e-05 6.38475e-05 6.97507e-05 7.8301e-05 9.09556e-05 0.000109657 0.000136953 0.000176145 0.000231434 0.000308068 0.000412438 0.000552094 0.000735566 0.000971904 0.00126974 0.00163569 0.00207193 0.00257306 0.00312259 0.00369035 0.00423246 0.00469559 0.00502624 0.00518339 0.00515034 0.00494092 0.00459723 0.00417996 0.00375548 0.00338464 0.00311606 0.00298418 0.00301033 0.00320449 0.00356583 0.00408147 0.00472398 0.00544974 0.0062012 0.00691567 0.0075409 0.00805472 0.00848294 0.0089107 0.00948685 0.0104259 0.0120153 0.0146346 0.0187928 0.0251913 0.0348289 0.0491831 0.0705308 0.102488 0.15082 0.224423 0.335792 0.498174 0.707723 0.881935 0.886411 0.774127 0.637932 0.518755 0.417858 0.325595 0.242 0.172756 0.120504 0.0838402 0.0596424 0.0447799 0.0367913 0.0340066 0.0355026 0.041096 0.0514878 0.0686385 0.0964526 0.141874 0.216591 0.33968 0.541227 0.853982 0.777983 0.530416 0.397078 0.345825 0.35511 0.413876 0.519217 0.671872 0.843174 0.865716 0.702837 0.54009 0.421404 0.341278 0.287706 0.248658 0.215098 0.183041 0.152647 0.125498 0.1027 0.0844663 0.0704381 0.0601274 0.0532177 0.0496477 0.0495264 0.0529682 0.0599135 0.0699901 0.0825492 0.0971073 0.114312 0.137063 0.171033 0.22402 0.303631 0.411249 0.529591 0.616365 0.638167 0.602234 0.537739 0.47247 0.423171 0.403281 0.428064 0.511748 0.650672 0.736937 0.627226 0.486206 0.397556 0.35879 0.356373 0.378088 0.413636 0.45266 0.480397 0.476923 0.430718 0.352779 0.266815 0.190904 0.132027 0.0898661 0.0612915 0.0428743 0.031851 0.0263223 0.0251533 0.0277658 0.0338647 0.043066 0.054412 0.065919 0.0746082 0.0775457 0.0735564 0.0640468 0.0519962 0.040245 0.0305596 0.0236563 0.0196239 0.0183151 0.0195727 0.0233041 0.0294421 0.0378283 0.0480661 0.0594143 0.0708035 0.0809703 0.0885888 0.0923456 0.0911826 0.0848799 0.0745312 0.0622508 0.0502591 0.0401173 0.0325156 0.0274506 0.0245003 0.0230496 0.0224545 0.0221723 0.0218634 0.0214371 0.0210107 0.0207932 0.0209406 0.0214424 0.022083 0.0224951 0.0222943 0.0212381 0.0193259 0.0167844 0.0139582 0.0111804 0.00868886 0.00660447 0.00495213 0.00369664 0.00277486 0.00211739 0.00166022 0.00134937 0.0011416 0.0010034 0.00090948 0.00084132 0.000785928 0.000734794 0.000682956 0.00062815 0.000570026 0.000509464 0.00044801 0.000387443 0.000329464 0.000275507 0.000226626 0.00018346 0.000146252 0.000114903 8.9052e-05 6.8156e-05 5.15756e-05 3.86411e-05 2.87055e-05 2.11784e-05 1.55453e-05 1.13737e-05 8.31164e-06 6.07964e-06 4.46106e-06 3.29106e-06 2.4463e-06 1.83582e-06 1.39329e-06 1.07083e-06 8.34144e-07 6.58765e-07 5.27329e-07 4.27515e-07 3.50586e-07 2.90342e-07 2.42373e-07 2.03541e-07 1.71608e-07 1.44977e-07 1.22506e-07 1.03373e-07 8.69857e-08 7.29058e-08 6.08035e-08 5.04211e-08 4.15484e-08 3.40067e-08 2.76385e-08 2.23012e-08 1.78636e-08 1.4205e-08 1.12145e-08 8.7913e-09 6.84451e-09 5.29367e-09 4.06838e-09 3.10796e-09 2.3609e-09 1.784e-09 1.34156e-09 1.00442e-09 7.49062e-10 5.5671e-10 4.12543e-10 3.04977e-10 2.25035e-10 1.65823e-10 1.22089e-10 8.98583e-11 6.61436e-11 4.87132e-11 3.5908e-11 2.65003e-11 1.95852e-11 1.44973e-11 1.07491e-11 7.9834e-12 5.93907e-12 4.42511e-12 3.30175e-12 2.46664e-12 1.84471e-12 1.38077e-12 1.03418e-12 7.74938e-13 5.80822e-13 4.35358e-13 3.26288e-13 2.44477e-13 1.83104e-13 1.37063e-13 1.02531e-13 7.66407e-14 5.7239e-14 4.27088e-14 3.18349e-14 2.37041e-14 1.763e-14 1.30969e-14 9.7175e-15 7.20107e-15 5.32946e-15 3.93915e-15 2.90771e-15 2.14349e-15 1.57802e-15 1.16019e-15 8.51853e-16 6.24638e-16 4.5743e-16 3.34549e-16 2.44365e-16 1.78267e-16 1.29887e-16 9.45204e-17 6.87009e-17 4.98749e-17 3.61652e-17 2.61935e-17 1.89494e-17 1.3693e-17 9.88346e-18 7.12565e-18 5.13152e-18 3.69124e-18 2.65217e-18 1.90341e-18 1.36445e-18 9.76961e-19 6.98689e-19 4.99084e-19 3.56074e-19 2.53734e-19 1.80586e-19 1.28366e-19 9.11324e-20 6.46172e-20 4.57585e-20 3.23624e-20 2.28587e-20 1.61252e-20 1.13604e-20 7.99329e-21 5.61688e-21 3.9419e-21 2.76285e-21 
1.16104e-21 1.66936e-21 2.39938e-21 3.44751e-21 4.95197e-21 7.11091e-21 1.02083e-20 1.46511e-20 2.10221e-20 3.01558e-20 4.32467e-20 6.20037e-20 8.88708e-20 1.27341e-19 1.82403e-19 2.6118e-19 3.73831e-19 5.34834e-19 7.6481e-19 1.0931e-18 1.56139e-18 2.22889e-18 3.17957e-18 4.53236e-18 6.45555e-18 9.18689e-18 1.30619e-17 1.85532e-17 2.6326e-17 3.73144e-17 5.28289e-17 7.47043e-17 1.05505e-16 1.48812e-16 2.0961e-16 2.94832e-16 4.14101e-16 5.80745e-16 8.13192e-16 1.13687e-15 1.58678e-15 2.21103e-15 3.07559e-15 4.27069e-15 5.91956e-15 8.19004e-15 1.13103e-14 1.55897e-14 2.14469e-14 2.94472e-14 4.03519e-14 5.51843e-14 7.53164e-14 1.02584e-13 1.39439e-13 1.89145e-13 2.56044e-13 3.45894e-13 4.66319e-13 6.27393e-13 8.42406e-13 1.12886e-12 1.50974e-12 2.01526e-12 2.68499e-12 3.57075e-12 4.7403e-12 6.2822e-12 8.31206e-12 1.09808e-11 1.44852e-11 1.90822e-11 2.51065e-11 3.29951e-11 4.33177e-11 5.68177e-11 7.44647e-11 9.7523e-11 1.2764e-10 1.66963e-10 2.1828e-10 2.8521e-10 3.72438e-10 4.86005e-10 6.33669e-10 8.25351e-10 1.07366e-09 1.39454e-09 1.80799e-09 2.33896e-09 3.0183e-09 3.88396e-09 4.98222e-09 6.36929e-09 8.11315e-09 1.02958e-08 1.30166e-08 1.63963e-08 2.05835e-08 2.57642e-08 3.21749e-08 4.01238e-08 5.00203e-08 6.2418e-08 7.80758e-08 9.80417e-08 1.23767e-07 1.57259e-07 2.01271e-07 2.59554e-07 3.37145e-07 4.40721e-07 5.78977e-07 7.63031e-07 1.00679e-06 1.32723e-06 1.7445e-06 2.28175e-06 2.96448e-06 3.81947e-06 4.87294e-06 6.14809e-06 7.66211e-06 9.42271e-06 1.14249e-05 1.36481e-05 1.60554e-05 1.85942e-05 2.12005e-05 2.38063e-05 2.63505e-05 2.87928e-05 3.11309e-05 3.34191e-05 3.57892e-05 3.84738e-05 4.18334e-05 4.6389e-05 5.28633e-05 6.22317e-05 7.5786e-05 9.52086e-05 0.000122654 0.000160832 0.000213074 0.000283361 0.000376282 0.000496861 0.000650187 0.000840756 0.00107145 0.00134215 0.00164803 0.00197794 0.00231353 0.0026298 0.00289786 0.00308991 0.0031855 0.00317712 0.0030731 0.00289663 0.00268137 0.00246537 0.00228533 0.00217282 0.00215244 0.00224144 0.00244968 0.00277886 0.00322097 0.00375625 0.00435227 0.00496615 0.00555141 0.00606973 0.00650532 0.00687829 0.00725407 0.00774865 0.00853341 0.00984533 0.0120095 0.0154817 0.0209223 0.0293227 0.0422198 0.0620586 0.0927847 0.140769 0.216162 0.334714 0.519727 0.801033 1.13007 0.966867 0.779897 0.660854 0.583623 0.507277 0.405234 0.295757 0.203923 0.136992 0.0917894 0.0627746 0.0451168 0.0353412 0.0312239 0.0315741 0.0361174 0.0455554 0.0618462 0.0887516 0.132712 0.204053 0.318001 0.490911 0.690492 0.666516 0.502174 0.397217 0.362232 0.38344 0.447555 0.542258 0.651635 0.739929 0.747344 0.66454 0.551003 0.452443 0.382531 0.335974 0.298981 0.259779 0.216351 0.173837 0.137216 0.108277 0.0864622 0.0703615 0.0586534 0.0504836 0.0454673 0.0435112 0.0446071 0.0486883 0.055594 0.0651967 0.0777697 0.0945988 0.118661 0.155041 0.210681 0.292542 0.401491 0.517899 0.593806 0.602458 0.572578 0.532523 0.488334 0.442295 0.409269 0.40882 0.449982 0.516358 0.547652 0.498171 0.41818 0.358441 0.329734 0.32608 0.337327 0.353105 0.364413 0.363688 0.344838 0.306165 0.25333 0.196644 0.145127 0.103394 0.0721942 0.0502229 0.0355659 0.0264609 0.0215698 0.0199952 0.0211732 0.0246995 0.0301041 0.0366079 0.0429684 0.0476033 0.0491104 0.0469527 0.041757 0.0349414 0.0280148 0.0220843 0.0177481 0.0152304 0.014565 0.0157273 0.0186861 0.0233844 0.029668 0.0371974 0.0453916 0.0534499 0.0604517 0.0654716 0.0676845 0.066539 0.0620357 0.0549092 0.0464517 0.0380426 0.0307176 0.0250009 0.0209656 0.0183861 0.0168879 0.016065 0.0155687 0.0151675 0.0147703 0.0144035 0.0141494 0.0140718 0.0141579 0.0142982 0.0143144 0.0140219 0.0133021 0.012147 0.010657 0.00899656 0.0073367 0.00581146 0.00450014 0.00343104 0.00259598 0.00196625 0.00150515 0.00117596 0.000945899 0.000787661 0.000679446 0.000604433 0.000550059 0.00050731 0.000470068 0.000434525 0.000398652 0.000361709 0.000323831 0.000285668 0.000248109 0.000212081 0.000178404 0.000147713 0.00012042 9.67077e-05 7.65597e-05 5.97955e-05 4.61187e-05 3.51635e-05 2.6536e-05 1.98464e-05 1.4732e-05 1.08708e-05 7.98785e-06 5.85555e-06 4.29078e-06 3.14947e-06 2.32062e-06 1.72014e-06 1.28533e-06 9.69976e-07 7.40427e-07 5.72365e-07 4.48345e-07 3.55907e-07 2.86182e-07 2.32863e-07 1.9147e-07 1.58818e-07 1.32638e-07 1.11314e-07 9.3694e-08 7.89511e-08 6.64925e-08 5.58887e-08 4.68244e-08 3.9063e-08 3.2422e-08 2.67552e-08 2.19408e-08 1.78739e-08 1.44611e-08 1.16185e-08 9.26913e-09 7.34325e-09 5.77751e-09 4.51506e-09 3.50548e-09 2.70458e-09 2.07418e-09 1.5817e-09 1.19974e-09 9.05532e-10 6.80376e-10 5.09111e-10 3.79569e-10 2.82093e-10 2.09087e-10 1.54636e-10 1.14173e-10 8.41974e-11 6.20475e-11 4.57129e-11 3.36842e-11 2.48341e-11 1.83251e-11 1.35375e-11 1.0014e-11 7.41846e-12 5.50411e-12 4.09006e-12 3.04383e-12 2.2684e-12 1.69266e-12 1.26445e-12 9.45439e-13 7.07436e-13 5.29636e-13 3.96662e-13 2.97124e-13 2.22564e-13 1.66686e-13 1.24798e-13 9.33946e-14 6.98536e-14 5.22109e-14 3.89939e-14 2.90977e-14 2.16926e-14 1.61557e-14 1.20193e-14 8.93195e-15 6.62992e-15 4.91529e-15 3.63961e-15 2.69164e-15 1.98803e-15 1.46647e-15 1.08033e-15 7.94839e-16 5.84033e-16 4.28582e-16 3.14103e-16 2.2991e-16 1.68072e-16 1.22713e-16 8.94858e-17 6.51763e-17 4.74138e-17 3.44513e-17 2.50034e-17 1.81255e-17 1.31245e-17 9.49249e-18 6.85784e-18 4.94884e-18 3.56723e-18 2.56843e-18 1.8472e-18 1.32698e-18 9.52181e-19 6.82454e-19 4.88565e-19 3.4935e-19 2.49508e-19 1.77987e-19 1.26814e-19 9.02432e-20 6.41397e-20 4.55301e-20 3.22795e-20 2.28563e-20 1.61635e-20 1.14159e-20 8.05252e-21 5.67279e-21 3.99121e-21 2.80451e-21 1.96813e-21 
8.32193e-22 1.1962e-21 1.71883e-21 2.46904e-21 3.54562e-21 5.09019e-21 7.30562e-21 1.04825e-20 1.50368e-20 2.15639e-20 3.09156e-20 4.43099e-20 6.34872e-20 9.09335e-20 1.30197e-19 1.86339e-19 2.66571e-19 3.81164e-19 5.44728e-19 7.78032e-19 1.11056e-18 1.58412e-18 2.25795e-18 3.21586e-18 4.57626e-18 6.50625e-18 9.2413e-18 1.31127e-17 1.8586e-17 2.63142e-17 3.72117e-17 5.25573e-17 7.41358e-17 1.04434e-16 1.46911e-16 2.06369e-16 2.89463e-16 4.05394e-16 5.66869e-16 7.91384e-16 1.103e-15 1.53472e-15 2.13173e-15 2.95574e-15 4.09091e-15 5.65167e-15 7.79333e-15 1.07262e-14 1.47345e-14 2.02013e-14 2.76419e-14 3.77481e-14 5.14462e-14 6.99742e-14 9.4983e-14 1.2867e-13 1.73952e-13 2.34697e-13 3.16021e-13 4.24681e-13 5.69582e-13 7.62447e-13 1.01868e-12 1.35849e-12 1.80838e-12 2.40302e-12 3.18778e-12 4.22195e-12 5.58295e-12 7.37185e-12 9.72056e-12 1.28012e-11 1.68382e-11 2.21245e-11 2.9042e-11 3.8089e-11 4.99147e-11 6.53652e-11 8.55418e-11 1.11876e-10 1.46225e-10 1.90992e-10 2.49281e-10 3.25079e-10 4.23493e-10 5.51027e-10 7.15924e-10 9.28561e-10 1.20193e-09 1.55216e-09 1.9992e-09 2.56751e-09 3.28695e-09 4.19383e-09 5.33218e-09 6.75549e-09 8.52892e-09 1.07326e-08 1.34663e-08 1.68561e-08 2.10647e-08 2.63055e-08 3.28639e-08 4.11269e-08 5.16236e-08 6.50823e-08 8.2504e-08 1.0526e-07 1.35217e-07 1.74885e-07 2.27602e-07 2.97738e-07 3.90918e-07 5.14246e-07 6.76495e-07 8.88236e-07 1.16185e-06 1.51135e-06 1.95194e-06 2.49934e-06 3.1686e-06 3.97276e-06 4.92104e-06 6.01708e-06 7.25715e-06 8.62895e-06 1.01113e-05 1.16751e-05 1.3286e-05 1.49092e-05 1.65159e-05 1.8092e-05 1.96481e-05 2.12316e-05 2.294e-05 2.49361e-05 2.74663e-05 3.08822e-05 3.56677e-05 4.24714e-05 5.21455e-05 6.57897e-05 8.47966e-05 0.000110893 0.000146169 0.000193069 0.000254341 0.000332892 0.000431516 0.000552473 0.00069686 0.000863833 0.00104974 0.00124742 0.00144595 0.00163123 0.00178767 0.0019008 0.00196047 0.00196353 0.0019152 0.00182877 0.00172344 0.00162153 0.00154549 0.00151577 0.00154942 0.00165935 0.0018536 0.00213429 0.00249615 0.00292507 0.0033977 0.00388335 0.00434923 0.00476882 0.00513217 0.00545569 0.00578992 0.00622538 0.00689941 0.00800843 0.00983195 0.0127759 0.0174471 0.0247783 0.0362346 0.0541483 0.0822462 0.126448 0.196003 0.304917 0.472905 0.719124 0.962069 0.86554 0.729722 0.678241 0.689677 0.666789 0.525575 0.361048 0.235901 0.151939 0.0982807 0.0650005 0.0450665 0.0339163 0.0287825 0.0281911 0.0316887 0.0397799 0.0540528 0.077459 0.114638 0.171864 0.255004 0.360249 0.44965 0.457881 0.404212 0.361341 0.360783 0.404789 0.483594 0.580774 0.676788 0.745815 0.753974 0.689698 0.588373 0.496695 0.436836 0.403742 0.374044 0.326524 0.263694 0.201897 0.151535 0.114352 0.0880549 0.0696171 0.0566176 0.0475407 0.0416267 0.038575 0.0382797 0.0406778 0.045731 0.0535475 0.0646551 0.0804039 0.103403 0.13779 0.188968 0.261869 0.355607 0.452779 0.517674 0.534787 0.529403 0.520304 0.497658 0.451837 0.401985 0.374037 0.375773 0.393689 0.399897 0.377673 0.340265 0.308835 0.292567 0.289883 0.294078 0.297357 0.293668 0.279919 0.255562 0.222162 0.18338 0.144068 0.108483 0.0790754 0.0564479 0.0400177 0.0287132 0.0214363 0.0172777 0.0155651 0.0158174 0.0176467 0.020635 0.0242212 0.0276565 0.0300986 0.0308577 0.0296751 0.0268379 0.0230321 0.0190504 0.0155488 0.0129519 0.011481 0.011229 0.0122258 0.0144669 0.0179025 0.0223972 0.027682 0.0333292 0.0387758 0.0433936 0.0465767 0.0478318 0.0468864 0.0438131 0.0390864 0.0334762 0.0278102 0.0227431 0.0186446 0.0156095 0.013534 0.0122051 0.0113787 0.010837 0.0104261 0.0100699 0.00975793 0.00951454 0.00936069 0.00928415 0.0092291 0.0091084 0.00883272 0.00834326 0.00763282 0.00674631 0.00576275 0.00476939 0.00383988 0.00302279 0.00234048 0.00179437 0.00137245 0.00105603 0.000824672 0.000659022 0.000542266 0.000460551 0.000402917 0.000360997 0.00032865 0.000301577 0.000276973 0.000253192 0.000229452 0.000205572 0.000181757 0.000158412 0.000136016 0.000115023 9.58022e-05 7.86064e-05 6.35629e-05 5.0682e-05 3.98757e-05 3.09832e-05 2.37967e-05 1.80861e-05 1.36183e-05 1.01721e-05 7.54801e-06 5.57262e-06 4.10038e-06 3.01242e-06 2.21398e-06 1.63109e-06 1.20707e-06 8.99136e-07 6.75461e-07 5.12627e-07 3.93575e-07 3.05975e-07 2.40966e-07 1.92209e-07 1.55184e-07 1.2667e-07 1.04374e-07 8.66621e-08 7.23711e-08 6.06694e-08 5.09624e-08 4.28226e-08 3.59407e-08 3.00899e-08 2.51015e-08 2.08462e-08 1.72222e-08 1.41463e-08 1.15479e-08 9.36574e-09 7.54543e-09 6.03792e-09 4.79896e-09 3.78869e-09 2.97141e-09 2.31547e-09 1.79313e-09 1.38035e-09 1.05657e-09 8.04394e-10 6.09338e-10 4.59438e-10 3.44944e-10 2.57992e-10 1.92305e-10 1.42923e-10 1.05961e-10 7.84009e-11 5.79215e-11 4.27467e-11 3.15285e-11 2.32502e-11 1.7149e-11 1.26558e-11 9.34775e-12 6.91177e-12 5.11698e-12 3.79339e-12 2.81613e-12 2.09358e-12 1.55853e-12 1.16168e-12 8.66855e-13 6.47488e-13 4.84024e-13 3.62056e-13 2.70944e-13 2.02815e-13 1.51832e-13 1.13658e-13 8.50631e-14 6.36401e-14 4.75897e-14 3.55662e-14 2.6562e-14 1.98217e-14 1.4779e-14 1.10089e-14 8.19225e-15 6.08983e-15 4.52195e-15 3.3539e-15 2.48462e-15 1.83843e-15 1.35862e-15 1.00279e-15 7.39217e-16 5.44234e-16 4.00175e-16 2.93876e-16 2.15541e-16 1.5789e-16 1.15515e-16 8.44085e-17 6.16037e-17 4.49062e-17 3.26956e-17 2.37773e-17 1.72715e-17 1.25314e-17 9.08186e-18 6.57445e-18 4.75396e-18 3.43372e-18 2.47736e-18 1.78537e-18 1.28523e-18 9.24159e-19 6.63774e-19 4.76212e-19 3.41257e-19 2.44264e-19 1.74635e-19 1.24707e-19 8.8947e-20 6.3365e-20 4.50859e-20 3.20405e-20 2.27416e-20 1.61214e-20 1.1414e-20 8.07103e-21 5.69993e-21 4.02031e-21 2.83203e-21 1.99244e-21 1.39997e-21 
5.96269e-22 8.56836e-22 1.23087e-21 1.76763e-21 2.53772e-21 3.64228e-21 5.22614e-21 7.49666e-21 1.07506e-20 1.54123e-20 2.20888e-20 3.16473e-20 4.5326e-20 6.48927e-20 9.28679e-20 1.32844e-19 1.89935e-19 2.71419e-19 3.87634e-19 5.53264e-19 7.89128e-19 1.12472e-18 1.60178e-18 2.27926e-18 3.24039e-18 4.60243e-18 6.53043e-18 9.25626e-18 1.31053e-17 1.85332e-17 2.61774e-17 3.69276e-17 5.20239e-17 7.31918e-17 1.02827e-16 1.44252e-16 2.02061e-16 2.826e-16 3.94613e-16 5.5013e-16 7.6566e-16 1.06382e-15 1.47551e-15 2.04289e-15 2.82336e-15 3.89484e-15 5.36293e-15 7.37045e-15 1.01101e-14 1.38412e-14 1.89123e-14 2.57905e-14 3.51008e-14 4.76772e-14 6.4631e-14 8.74394e-14 1.18062e-13 1.59096e-13 2.13973e-13 2.87221e-13 3.84807e-13 5.14583e-13 6.86859e-13 9.15167e-13 1.21724e-12 1.61628e-12 2.14265e-12 2.83604e-12 3.74827e-12 4.94704e-12 6.52066e-12 8.58443e-12 1.12887e-11 1.48296e-11 1.9463e-11 2.55221e-11 3.34411e-11 4.3785e-11 5.72883e-11 7.49036e-11 9.78645e-11 1.27763e-10 1.6665e-10 2.17151e-10 2.82618e-10 3.67308e-10 4.76597e-10 6.17232e-10 7.97634e-10 1.02825e-09 1.32195e-09 1.69454e-09 2.16533e-09 2.75782e-09 3.50068e-09 4.42891e-09 5.58554e-09 7.02399e-09 8.81147e-09 1.10339e-08 1.3803e-08 1.72665e-08 2.16225e-08 2.71399e-08 3.41852e-08 4.326e-08 5.50493e-08 7.0483e-08 9.0814e-08 1.17711e-07 1.53368e-07 2.00627e-07 2.63103e-07 3.45306e-07 4.52744e-07 5.91968e-07 7.70551e-07 9.9695e-07 1.28022e-06 1.62955e-06 2.05362e-06 2.55976e-06 3.15296e-06 3.83494e-06 4.60322e-06 5.45065e-06 6.36533e-06 7.33149e-06 8.33124e-06 9.34749e-06 1.0368e-05 1.13907e-05 1.24298e-05 1.35235e-05 1.47426e-05 1.62003e-05 1.80641e-05 2.05703e-05 2.40409e-05 2.89043e-05 3.57182e-05 4.51946e-05 5.82246e-05 7.58974e-05 9.95071e-05 0.000130538 0.000170611 0.00022138 0.000284349 0.0003606 0.000450439 0.000552962 0.000665634 0.000783997 0.000901656 0.00101073 0.00110283 0.00117047 0.00120865 0.00121627 0.00119674 0.00115791 0.00111109 0.00106964 0.00104751 0.0010579 0.00111242 0.00122022 0.00138728 0.00161534 0.00190082 0.00223381 0.00259802 0.00297234 0.00333461 0.00366754 0.00396581 0.00424331 0.00453946 0.00492518 0.00551055 0.00645773 0.00800389 0.0105011 0.0144824 0.0207694 0.030641 0.0460912 0.0701981 0.107598 0.164921 0.250573 0.371427 0.518099 0.630185 0.641749 0.622574 0.663741 0.810862 0.943931 0.648544 0.40681 0.253453 0.158446 0.10017 0.0648271 0.0438555 0.0320369 0.0262942 0.0249697 0.0274338 0.0339161 0.0454837 0.0640706 0.0923702 0.133134 0.186888 0.246946 0.295104 0.313474 0.310289 0.31395 0.346559 0.415706 0.51567 0.63087 0.745476 0.841467 0.871908 0.792198 0.65891 0.551088 0.496376 0.483523 0.469208 0.40925 0.316996 0.2301 0.164165 0.118515 0.0879491 0.0674935 0.0535873 0.044071 0.0378218 0.0343406 0.0334289 0.0350086 0.0390794 0.0457965 0.0556527 0.0697402 0.0900152 0.119403 0.161399 0.218482 0.288385 0.359191 0.41244 0.442442 0.462651 0.479328 0.473938 0.431386 0.373565 0.3299 0.309457 0.304505 0.301157 0.290761 0.275405 0.262035 0.254716 0.252634 0.251749 0.247296 0.236066 0.217409 0.192676 0.164147 0.134395 0.105908 0.0806465 0.059718 0.0433706 0.0312447 0.0226896 0.0170057 0.0135783 0.011919 0.0116481 0.012444 0.0139804 0.0158755 0.0176826 0.0189461 0.0193141 0.0186553 0.017103 0.0149951 0.0127484 0.0107404 0.00924863 0.0084456 0.00842497 0.009229 0.0108614 0.0132805 0.0163772 0.0199518 0.0237061 0.0272635 0.0302158 0.0321849 0.0328847 0.0321842 0.0301609 0.0271115 0.0234884 0.0197787 0.0163838 0.0135505 0.0113656 0.00979076 0.00871286 0.00799092 0.00749307 0.0071201 0.00681451 0.00655542 0.00634326 0.00618063 0.00605705 0.00594315 0.0057958 0.00557125 0.00524007 0.00479719 0.00426286 0.00367527 0.00307883 0.00251336 0.00200737 0.00157623 0.0012237 0.000945381 0.000732081 0.000572696 0.000456072 0.000372081 0.000312098 0.000269117 0.000237664 0.000213628 0.000194052 0.000176929 0.000161004 0.000145591 0.000130414 0.000115468 0.000100911 8.69722e-05 7.38904e-05 6.18724e-05 5.10676e-05 4.1558e-05 3.33592e-05 2.6429e-05 2.06805e-05 1.5996e-05 1.22418e-05 9.27934e-06 6.97481e-06 5.20532e-06 3.86251e-06 2.85407e-06 2.10354e-06 1.5492e-06 1.14223e-06 8.4479e-07 6.28004e-07 4.70157e-07 3.55121e-07 2.71041e-07 2.09282e-07 1.63598e-07 1.29494e-07 1.03751e-07 8.40677e-08 6.88008e-08 5.67792e-08 4.71673e-08 3.93679e-08 3.29535e-08 2.76172e-08 2.31367e-08 1.93498e-08 1.61361e-08 1.34043e-08 1.10833e-08 9.11595e-09 7.4548e-09 6.05925e-09 4.89382e-09 3.92701e-09 3.13066e-09 2.47957e-09 1.95127e-09 1.52585e-09 1.18587e-09 9.16192e-10 7.03832e-10 5.37783e-10 4.08826e-10 3.09321e-10 2.33013e-10 1.74832e-10 1.30709e-10 9.74144e-11 7.24041e-11 5.36934e-11 3.97459e-11 2.93814e-11 2.16995e-11 1.6018e-11 1.18226e-11 8.72819e-12 6.4472e-12 4.76616e-12 3.527e-12 2.61305e-12 1.93836e-12 1.43973e-12 1.07074e-12 7.9729e-13 5.94344e-13 4.435e-13 3.31224e-13 2.47544e-13 1.85102e-13 1.38461e-13 1.03592e-13 7.75069e-14 5.79832e-14 4.33663e-14 3.24215e-14 2.42267e-14 1.8092e-14 1.35012e-14 1.00673e-14 7.50025e-15 5.58252e-15 4.15098e-15 3.08331e-15 2.28775e-15 1.69554e-15 1.25517e-15 9.28078e-16 6.85395e-16 5.05554e-16 3.72443e-16 2.74041e-16 2.01388e-16 1.47814e-16 1.08358e-16 7.93377e-17 5.80189e-17 4.23777e-17 3.09164e-17 2.25284e-17 1.6397e-17 1.19207e-17 8.65646e-18 6.27898e-18 4.54937e-18 3.29252e-18 2.38025e-18 1.71885e-18 1.23985e-18 8.93351e-19 6.42971e-19 4.62248e-19 3.31949e-19 2.38109e-19 1.70602e-19 1.22094e-19 8.72765e-20 6.23148e-20 4.44396e-20 3.16541e-20 2.25198e-20 1.60018e-20 1.13564e-20 8.04966e-21 5.69865e-21 4.02925e-21 2.84532e-21 2.00674e-21 1.41353e-21 9.9442e-22 
4.27069e-22 6.13523e-22 8.81101e-22 1.26499e-21 1.81561e-21 2.60514e-21 3.73692e-21 5.35881e-21 7.68231e-21 1.10098e-20 1.57732e-20 2.25895e-20 3.2339e-20 4.6277e-20 6.61925e-20 9.46323e-20 1.35219e-19 1.93102e-19 2.75591e-19 3.93051e-19 5.60168e-19 7.97718e-19 1.13506e-18 1.61364e-18 2.29184e-18 3.25186e-18 4.60919e-18 6.52592e-18 9.22909e-18 1.30363e-17 1.83911e-17 2.59118e-17 3.64587e-17 5.12273e-17 7.18749e-17 1.00695e-16 1.40858e-16 1.96731e-16 2.74327e-16 3.81902e-16 5.3077e-16 7.36405e-16 1.01992e-15 1.41009e-15 1.94599e-15 2.68064e-15 3.68575e-15 5.05819e-15 6.92847e-15 9.47205e-15 1.29244e-14 1.76007e-14 2.39221e-14 3.24503e-14 4.39327e-14 5.93619e-14 8.00541e-14 1.07751e-13 1.44753e-13 1.94096e-13 2.59776e-13 3.47049e-13 4.62816e-13 6.16132e-13 8.18861e-13 1.08653e-12 1.43946e-12 1.90419e-12 2.51543e-12 3.31846e-12 4.37241e-12 5.75442e-12 7.56515e-12 9.93578e-12 1.30373e-11 1.70925e-11 2.23911e-11 2.93097e-11 3.8337e-11 5.01057e-11 6.5433e-11 8.53714e-11 1.11272e-10 1.4486e-10 1.88331e-10 2.44467e-10 3.16767e-10 4.09613e-10 5.28463e-10 6.80075e-10 8.72776e-10 1.11678e-09 1.4246e-09 1.81152e-09 2.29625e-09 2.90183e-09 3.6568e-09 4.59692e-09 5.76762e-09 7.2275e-09 9.05331e-09 1.1347e-08 1.42456e-08 1.79346e-08 2.26663e-08 2.87835e-08 3.67513e-08 4.71952e-08 6.09505e-08 7.91182e-08 1.03131e-07 1.34825e-07 1.7651e-07 2.31036e-07 3.01842e-07 3.92973e-07 5.09046e-07 6.55153e-07 8.36673e-07 1.05899e-06 1.32711e-06 1.64516e-06 2.0159e-06 2.44015e-06 2.91641e-06 3.44063e-06 4.0063e-06 4.60512e-06 5.22812e-06 5.86748e-06 6.5191e-06 7.18583e-06 7.8814e-06 8.63516e-06 9.49757e-06 1.05467e-05 1.1896e-05 1.37033e-05 1.61816e-05 1.96117e-05 2.43555e-05 3.08702e-05 3.97204e-05 5.1586e-05 6.72602e-05 8.76327e-05 0.000113649 0.000146234 0.000186178 0.000233975 0.000289612 0.000352349 0.000420517 0.000491405 0.000561322 0.000625897 0.000680638 0.000721698 0.0007467 0.000755425 0.000750183 0.000735763 0.000718995 0.00070805 0.000711662 0.000738392 0.000795975 0.000890698 0.00102672 0.0012053 0.00142396 0.00167589 0.0019501 0.00223257 0.00250896 0.00276866 0.00300972 0.00324409 0.00350279 0.00384149 0.00434802 0.0051544 0.00645697 0.00854963 0.0118767 0.0171145 0.0252906 0.0379484 0.0573415 0.0865884 0.129549 0.189787 0.267251 0.351523 0.41909 0.457142 0.492896 0.573458 0.732475 0.843742 0.607128 0.386035 0.241523 0.151066 0.0952811 0.0613018 0.0410142 0.0294252 0.023555 0.0217496 0.0232809 0.0281345 0.0368981 0.0506537 0.0707189 0.0979884 0.131626 0.16747 0.198471 0.220347 0.238709 0.267633 0.321351 0.407769 0.524983 0.662946 0.814401 0.972382 1.06319 0.933597 0.729439 0.590548 0.534206 0.539274 0.54288 0.470519 0.351084 0.244918 0.168581 0.117792 0.0848687 0.0634907 0.0493816 0.0399772 0.0339095 0.0305327 0.029573 0.0309242 0.0345697 0.0406066 0.0493503 0.0614968 0.0782791 0.101473 0.132993 0.173745 0.221666 0.270389 0.312283 0.345861 0.375956 0.400594 0.402571 0.370295 0.320728 0.278138 0.252244 0.240295 0.235136 0.231268 0.227184 0.223709 0.221248 0.218654 0.213713 0.204283 0.189393 0.169662 0.146822 0.122889 0.0996231 0.0783602 0.0599675 0.0448424 0.0329709 0.0240514 0.0176393 0.0132655 0.0105068 0.0090123 0.00849569 0.0087099 0.00941592 0.0103605 0.011276 0.0119094 0.0120744 0.0116999 0.0108479 0.00968762 0.00843903 0.00731637 0.00649219 0.00608683 0.00617418 0.00679124 0.00794222 0.00959384 0.0116644 0.0140136 0.0164421 0.0187073 0.0205539 0.0217532 0.0221423 0.0216589 0.0203636 0.0184371 0.0161429 0.0137648 0.0115437 0.00963855 0.00811754 0.00697339 0.00614973 0.00556842 0.00515199 0.00483833 0.00458705 0.00437783 0.00420319 0.00405901 0.00393683 0.00382051 0.00368819 0.00351806 0.00329521 0.00301636 0.0026907 0.00233677 0.00197712 0.00163307 0.0013209 0.00105038 0.00082508 0.000643744 0.000502028 0.000394028 0.000313431 0.000254252 0.000211216 0.000179921 0.000156844 0.000139277 0.000125225 0.000113286 0.000102543 9.24462e-05 8.27227e-05 7.32875e-05 6.41747e-05 5.54812e-05 4.73251e-05 3.98168e-05 3.30406e-05 2.7046e-05 2.18463e-05 1.74211e-05 1.37233e-05 1.06867e-05 8.23355e-06 6.28196e-06 4.75138e-06 3.56665e-06 2.66052e-06 1.97487e-06 1.46094e-06 1.07884e-06 7.96677e-07 5.89399e-07 4.37696e-07 3.26895e-07 2.4599e-07 1.86819e-07 1.43388e-07 1.11331e-07 8.74861e-08 6.95762e-08 5.59674e-08 4.54895e-08 3.73063e-08 3.08199e-08 2.5603e-08 2.13492e-08 1.78386e-08 1.49121e-08 1.24539e-08 1.03783e-08 8.62092e-09 7.132e-09 5.87221e-09 4.8094e-09 3.91654e-09 3.17038e-09 2.55056e-09 2.03905e-09 1.61987e-09 1.2788e-09 1.00332e-09 7.82434e-10 6.06607e-10 4.67641e-10 3.58569e-10 2.73533e-10 2.07662e-10 1.56951e-10 1.18135e-10 8.85879e-11 6.62092e-11 4.93389e-11 3.66753e-11 2.72054e-11 2.01475e-11 1.49024e-11 1.10138e-11 8.13637e-12 6.01031e-12 4.44094e-12 3.28311e-12 2.42902e-12 1.79883e-12 1.33357e-12 9.89789e-13 7.35498e-13 5.47171e-13 4.07513e-13 3.03805e-13 2.2669e-13 1.69275e-13 1.26476e-13 9.45403e-14 7.06878e-14 5.28598e-14 3.9527e-14 2.95522e-14 2.20879e-14 1.65019e-14 1.23221e-14 9.19517e-15 6.85679e-15 5.10897e-15 3.80335e-15 2.82873e-15 2.10178e-15 1.56002e-15 1.15666e-15 8.56639e-16 6.33714e-16 4.68255e-16 3.45587e-16 2.5475e-16 1.87563e-16 1.37929e-16 1.01307e-16 7.43188e-17 5.44549e-17 3.98525e-17 2.91313e-17 2.12694e-17 1.55111e-17 1.12988e-17 8.22098e-18 5.97482e-18 4.33749e-18 3.14535e-18 2.27834e-18 1.64851e-18 1.19148e-18 8.60212e-19 6.20366e-19 4.46902e-19 3.21587e-19 2.31154e-19 1.65966e-19 1.19028e-19 8.52682e-20 6.10135e-20 4.36077e-20 3.1131e-20 2.21978e-20 1.58093e-20 1.12458e-20 7.98994e-21 5.66979e-21 4.01843e-21 2.84453e-21 2.01106e-21 1.42003e-21 1.00145e-21 7.0537e-22 
3.05765e-22 4.39133e-22 6.30475e-22 9.04913e-22 1.29842e-21 1.86249e-21 2.67079e-21 3.82869e-21 5.4868e-21 7.86031e-21 1.12565e-20 1.61137e-20 2.3057e-20 3.29773e-20 4.71425e-20 6.73564e-20 9.61822e-20 1.37259e-19 1.95746e-19 2.78955e-19 3.97229e-19 5.65183e-19 8.03449e-19 1.1411e-18 1.61907e-18 2.29486e-18 3.24922e-18 4.59524e-18 6.49117e-18 9.15805e-18 1.29041e-17 1.81582e-17 2.55167e-17 3.58064e-17 5.01722e-17 7.01962e-17 9.80606e-17 1.36769e-16 1.9045e-16 2.64762e-16 3.67449e-16 5.09085e-16 7.04083e-16 9.72038e-16 1.33955e-15 1.84262e-15 2.52993e-15 3.46709e-15 4.74243e-15 6.47452e-15 8.82229e-15 1.19983e-14 1.62861e-14 2.20637e-14 2.98335e-14 4.02621e-14 5.42327e-14 7.29134e-14 9.78462e-14 1.31064e-13 1.75243e-13 2.339e-13 3.11654e-13 4.14562e-13 5.5056e-13 7.30036e-13 9.66578e-13 1.27795e-12 1.68735e-12 2.22508e-12 2.93068e-12 3.85575e-12 5.06755e-12 6.65377e-12 8.72857e-12 1.14405e-11 1.49827e-11 1.96055e-11 2.56335e-11 3.3486e-11 4.37032e-11 5.69791e-11 7.42019e-11 9.65034e-11 1.2532e-10 1.62463e-10 2.10211e-10 2.71407e-10 3.49587e-10 4.49126e-10 5.75414e-10 7.35071e-10 9.36221e-10 1.18884e-09 1.50519e-09 1.90051e-09 2.39378e-09 3.00904e-09 3.77706e-09 4.73784e-09 5.94403e-09 7.46574e-09 9.39725e-09 1.18659e-08 1.5044e-08 1.91644e-08 2.45403e-08 3.159e-08 4.0866e-08 5.30904e-08 6.91933e-08 9.03535e-08 1.1804e-07 1.54044e-07 2.00507e-07 2.59914e-07 3.35076e-07 4.29051e-07 5.45034e-07 6.86182e-07 8.55385e-07 1.055e-06 1.28656e-06 1.5505e-06 1.84597e-06 2.17075e-06 2.52142e-06 2.89376e-06 3.28354e-06 3.68767e-06 4.10578e-06 4.54222e-06 5.0086e-06 5.52671e-06 6.13211e-06 6.87823e-06 7.84131e-06 9.12619e-06 1.08729e-05 1.32641e-05 1.65329e-05 2.09703e-05 2.69308e-05 3.48347e-05 4.51635e-05 5.84449e-05 7.52231e-05 9.60094e-05 0.00012121 0.00015103 0.000185359 0.00022366 0.000264869 0.000307372 0.000349061 0.000387533 0.000420403 0.000445725 0.000462422 0.000470647 0.000471982 0.000469429 0.000467206 0.000470391 0.000484509 0.000515088 0.000567222 0.000645114 0.000751558 0.000887373 0.00105087 0.00123751 0.00144008 0.00164961 0.00185721 0.00205685 0.00224875 0.00244323 0.00266479 0.00295701 0.0033892 0.00406664 0.00514684 0.00686498 0.00957223 0.0137909 0.0202879 0.0301594 0.044899 0.066368 0.0964921 0.136373 0.18457 0.2354 0.280924 0.319728 0.363493 0.427934 0.50589 0.526924 0.434369 0.306235 0.202425 0.130645 0.0839474 0.0545511 0.0365777 0.0260729 0.0205427 0.0185294 0.0193147 0.0227287 0.0290187 0.0387091 0.0523709 0.0702192 0.0915759 0.114599 0.137157 0.159268 0.185442 0.224293 0.285495 0.37609 0.497625 0.64715 0.821977 1.0087 1.11701 0.962659 0.732973 0.581877 0.519474 0.51975 0.520035 0.45058 0.336584 0.234102 0.159833 0.110262 0.0781834 0.0575246 0.0441071 0.0353704 0.0299012 0.0269998 0.0263547 0.0278347 0.0313844 0.0370009 0.0447781 0.0550084 0.0682924 0.0855396 0.107691 0.135047 0.166422 0.198992 0.229895 0.258483 0.285071 0.305242 0.308161 0.288118 0.254814 0.223462 0.202338 0.191901 0.188917 0.189839 0.192138 0.194016 0.193805 0.190023 0.181786 0.169001 0.152336 0.133068 0.112767 0.0928913 0.0745319 0.058364 0.044708 0.0336089 0.0249116 0.0183359 0.0135473 0.0102119 0.00803024 0.00674943 0.00615858 0.00607537 0.00633044 0.00675719 0.00719284 0.00749286 0.00755414 0.00733582 0.00686625 0.00623083 0.00554639 0.00493341 0.00449595 0.00431238 0.00443448 0.00488923 0.00567914 0.00677912 0.00813123 0.00964097 0.0111796 0.0125952 0.0137325 0.0144559 0.0146738 0.0143563 0.013545 0.0123475 0.0109163 0.0094156 0.00798839 0.0067343 0.00570258 0.0048982 0.00429522 0.00385201 0.00352433 0.00327444 0.00307543 0.00291118 0.00277307 0.00265549 0.0025519 0.00245301 0.00234734 0.00222377 0.00207458 0.00189775 0.00169739 0.00148254 0.00126466 0.00105504 0.00086281 0.000693903 0.000550986 0.000433994 0.000340945 0.000268758 0.000213916 0.000172933 0.000142633 0.000120292 0.000103677 9.10302e-05 8.10269e-05 7.27103e-05 6.54271e-05 5.8764e-05 5.2488e-05 4.64948e-05 4.07649e-05 3.53283e-05 3.02372e-05 2.55467e-05 2.13019e-05 1.75311e-05 1.42429e-05 1.14275e-05 9.05903e-06 7.10007e-06 5.50563e-06 4.22741e-06 3.21712e-06 2.42905e-06 1.82168e-06 1.35869e-06 1.0092e-06 7.47641e-07 5.53312e-07 4.09788e-07 3.04265e-07 2.2691e-07 1.70279e-07 1.28801e-07 9.83518e-08 7.59031e-08 5.92481e-08 4.67881e-08 3.73705e-08 3.01666e-08 2.45822e-08 2.01918e-08 1.66904e-08 1.38595e-08 1.1542e-08 9.62427e-09 8.02377e-09 6.6797e-09 5.54658e-09 4.5897e-09 3.78187e-09 3.10122e-09 2.52966e-09 2.05184e-09 1.65453e-09 1.32615e-09 1.05649e-09 8.36549e-10 6.58405e-10 5.15129e-10 4.00704e-10 3.09953e-10 2.38468e-10 1.8253e-10 1.39037e-10 1.05426e-10 7.9604e-11 5.98741e-11 4.48767e-11 3.35311e-11 2.49858e-11 1.85752e-11 1.3783e-11 1.02118e-11 7.55761e-12 5.58925e-12 4.13206e-12 3.0547e-12 2.25885e-12 1.67122e-12 1.23735e-12 9.16941e-13 6.80175e-13 5.05079e-13 3.75459e-13 2.79396e-13 2.08115e-13 1.55157e-13 1.15765e-13 8.64291e-14 6.45595e-14 4.82406e-14 3.60539e-14 2.69474e-14 2.01393e-14 1.5048e-14 1.124e-14 8.39185e-15 6.26191e-15 4.66954e-15 3.47954e-15 2.59071e-15 1.92724e-15 1.43234e-15 1.06348e-15 7.88796e-16 5.84437e-16 4.32547e-16 3.19772e-16 2.3613e-16 1.74164e-16 1.28309e-16 9.44153e-17 6.93929e-17 5.09418e-17 3.73527e-17 2.73564e-17 2.00119e-17 1.46222e-17 1.06719e-17 7.77986e-18 5.66516e-18 4.12065e-18 2.99389e-18 2.17284e-18 1.57522e-18 1.14073e-18 8.25185e-19 5.96277e-19 4.304e-19 3.10331e-19 2.23513e-19 1.60807e-19 1.15566e-19 8.29605e-20 5.94876e-20 4.2608e-20 3.04833e-20 2.17837e-20 1.55488e-20 1.10855e-20 7.894e-21 5.61464e-21 3.98862e-21 2.83008e-21 2.0056e-21 1.41957e-21 1.00354e-21 7.08556e-22 4.99663e-22 
2.18828e-22 3.14184e-22 4.50949e-22 6.47047e-22 9.28132e-22 1.33091e-21 1.90785e-21 2.73399e-21 3.91649e-21 5.60835e-21 8.02788e-21 1.14863e-20 1.64272e-20 2.34816e-20 3.35476e-20 4.79011e-20 6.83533e-20 9.74727e-20 1.38898e-19 1.97778e-19 2.81388e-19 3.99997e-19 5.6808e-19 8.06014e-19 1.14244e-18 1.61756e-18 2.2877e-18 3.23171e-18 4.55971e-18 6.42531e-18 9.04237e-18 1.27082e-17 1.78352e-17 2.49946e-17 3.49762e-17 4.88696e-17 6.81757e-17 9.49571e-17 1.32044e-16 1.8331e-16 2.54049e-16 3.51479e-16 4.85422e-16 6.69216e-16 9.20935e-16 1.26502e-15 1.73446e-15 2.37367e-15 3.24236e-15 4.42059e-15 6.01556e-15 8.17045e-15 1.10762e-14 1.49868e-14 2.02398e-14 2.72828e-14 3.67081e-14 4.92986e-14 6.60874e-14 8.84358e-14 1.18135e-13 1.57538e-13 2.09735e-13 2.78776e-13 3.69969e-13 4.90261e-13 6.48735e-13 8.57267e-13 1.13137e-12 1.49129e-12 1.96347e-12 2.58236e-12 3.39289e-12 4.45355e-12 5.84048e-12 7.65258e-12 1.00183e-11 1.31038e-11 1.71243e-11 2.23569e-11 2.9158e-11 3.79843e-11 4.94187e-11 6.42021e-11 8.3272e-11 1.07809e-10 1.39292e-10 1.79568e-10 2.30926e-10 2.96202e-10 3.78889e-10 4.83287e-10 6.14689e-10 7.79621e-10 9.86168e-10 1.24441e-09 1.56706e-09 1.97029e-09 2.47497e-09 3.10838e-09 3.90655e-09 4.91756e-09 6.20591e-09 7.85849e-09 9.9923e-09 1.27644e-08 1.63845e-08 2.113e-08 2.73647e-08 3.5559e-08 4.63133e-08 6.03811e-08 7.86915e-08 1.02367e-07 1.32735e-07 1.71319e-07 2.19826e-07 2.80091e-07 3.54012e-07 4.43443e-07 5.50062e-07 6.75225e-07 8.19805e-07 9.8406e-07 1.16755e-06 1.36911e-06 1.58703e-06 1.81931e-06 2.06414e-06 2.32072e-06 2.59016e-06 2.87681e-06 3.18981e-06 3.54496e-06 3.96698e-06 4.49217e-06 5.17146e-06 6.07403e-06 7.29132e-06 8.94134e-06 1.11731e-05 1.41702e-05 1.81535e-05 2.33806e-05 3.01411e-05 3.87448e-05 4.95021e-05 6.26914e-05 7.85162e-05 9.70496e-05 0.000118174 0.000141521 0.000166434 0.000191966 0.000216927 0.000240008 0.00025996 0.000275824 0.000287158 0.000294235 0.000298148 0.000300818 0.000304895 0.000313578 0.000330377 0.000358855 0.000402329 0.000463554 0.000544358 0.000645258 0.000765127 0.000901026 0.00104838 0.00120163 0.00135555 0.00150706 0.00165764 0.00181607 0.00200169 0.00224831 0.00260974 0.00316786 0.00404483 0.00542102 0.00756054 0.0108446 0.0158104 0.0231845 0.0338844 0.0489337 0.0692044 0.0949114 0.124967 0.156833 0.187946 0.218545 0.25242 0.29152 0.325227 0.327355 0.284236 0.217256 0.153307 0.103654 0.0688002 0.0457039 0.0310479 0.02221 0.0173733 0.015397 0.0156605 0.017934 0.0222701 0.0288897 0.0380304 0.0497534 0.0637841 0.0796026 0.0970513 0.117415 0.14431 0.183555 0.241893 0.325128 0.436578 0.576697 0.738888 0.886513 0.930703 0.81666 0.645057 0.51642 0.45188 0.432594 0.415432 0.361105 0.278737 0.199728 0.138855 0.0964875 0.0683494 0.0500048 0.0381104 0.0304951 0.0259016 0.0236783 0.0235216 0.0252909 0.0288922 0.0342215 0.0411699 0.0496932 0.0599205 0.0722061 0.0869998 0.104498 0.124269 0.14525 0.166342 0.186863 0.205614 0.218937 0.221295 0.210509 0.191529 0.172597 0.159446 0.153713 0.154321 0.159065 0.165324 0.170212 0.170995 0.166047 0.155456 0.140603 0.123263 0.105049 0.0872441 0.0707671 0.0561776 0.0437274 0.0334401 0.025189 0.0187575 0.013887 0.0103112 0.00778095 0.00607808 0.00501844 0.00444807 0.00423505 0.00426112 0.00441643 0.0046001 0.00472683 0.0047371 0.00460596 0.00434553 0.00399906 0.00362877 0.003302 0.00308009 0.00301184 0.00313094 0.00345514 0.0039853 0.00470335 0.00556993 0.0065235 0.00748305 0.00835567 0.00904844 0.00948242 0.00960602 0.00940477 0.00890509 0.00817014 0.00728755 0.00635192 0.00544743 0.00463542 0.00394963 0.00339832 0.00297088 0.00264601 0.00239916 0.00220803 0.00205544 0.00192983 0.00182391 0.00173261 0.0016511 0.00157376 0.00149433 0.00140695 0.00130752 0.00119477 0.00107054 0.000939189 0.000806545 0.000678554 0.00056025 0.000455125 0.000364974 0.000290074 0.000229564 0.000181858 0.000145021 0.000117048 9.60514e-05 8.03658e-05 6.8594e-05 5.96127e-05 5.25542e-05 4.67763e-05 4.18263e-05 3.74038e-05 3.33261e-05 2.94962e-05 2.58765e-05 2.24657e-05 1.92821e-05 1.63503e-05 1.36926e-05 1.1324e-05 9.24939e-06 7.46347e-06 5.95195e-06 4.69349e-06 3.66205e-06 2.82918e-06 2.16603e-06 1.64488e-06 1.24028e-06 9.29624e-07 6.9349e-07 5.15597e-07 3.82615e-07 2.83853e-07 2.10882e-07 1.57172e-07 1.17726e-07 8.87736e-08 6.7499e-08 5.18187e-08 4.02042e-08 3.15412e-08 2.50218e-08 2.00627e-08 1.62441e-08 1.32644e-08 1.09072e-08 9.01692e-09 7.48174e-09 6.22087e-09 5.17559e-09 4.30281e-09 3.57047e-09 2.95429e-09 2.43547e-09 1.99907e-09 1.6329e-09 1.32681e-09 1.07214e-09 8.61388e-10 6.88026e-10 5.46323e-10 4.31262e-10 3.3846e-10 2.64119e-10 2.04968e-10 1.58214e-10 1.215e-10 9.28506e-11 7.06307e-11 5.34974e-11 4.03591e-11 3.03366e-11 2.27283e-11 1.69786e-11 1.26514e-11 9.40681e-12 6.9821e-12 5.17531e-12 3.83226e-12 2.83595e-12 2.09803e-12 1.55212e-12 1.14857e-12 8.50373e-13 6.30025e-13 4.67159e-13 3.46712e-13 2.57568e-13 1.91529e-13 1.42556e-13 1.06198e-13 7.91745e-14 5.90672e-14 4.40905e-14 3.29247e-14 2.45933e-14 1.83726e-14 1.37253e-14 1.02521e-14 7.65584e-15 5.71493e-15 4.26403e-15 3.17964e-15 2.36945e-15 1.76439e-15 1.31276e-15 9.75886e-16 7.24781e-16 5.37762e-16 3.98594e-16 2.9513e-16 2.18286e-16 1.61272e-16 1.19016e-16 8.77311e-17 6.45959e-17 4.75067e-17 3.48981e-17 2.56063e-17 1.87668e-17 1.37383e-17 1.00457e-17 7.3373e-18 5.35304e-18 3.90104e-18 2.83973e-18 2.06488e-18 1.49982e-18 1.0882e-18 7.887e-19 5.71011e-19 4.12963e-19 2.98339e-19 2.15299e-19 1.55205e-19 1.11763e-19 8.03928e-20 5.77646e-20 4.14597e-20 2.9724e-20 2.12864e-20 1.52266e-20 1.08795e-20 7.76443e-21 5.53485e-21 3.94086e-21 2.8026e-21 1.99073e-21 1.41234e-21 1.00079e-21 7.08294e-22 5.00674e-22 3.53479e-22 
1.56545e-22 2.24691e-22 3.224e-22 4.62449e-22 6.63121e-22 9.50556e-22 1.36211e-21 1.95116e-21 2.79388e-21 3.99897e-21 5.72138e-21 8.18185e-21 1.16946e-20 1.67066e-20 2.38529e-20 3.40349e-20 4.8531e-20 6.91521e-20 9.84605e-20 1.40077e-19 1.99114e-19 2.82776e-19 4.01206e-19 5.68664e-19 8.05166e-19 1.13877e-18 1.60874e-18 2.26994e-18 3.19891e-18 4.50224e-18 6.32815e-18 8.88233e-18 1.24497e-17 1.74245e-17 2.43506e-17 3.39776e-17 4.73362e-17 6.5841e-17 9.14296e-17 1.26751e-16 1.7542e-16 2.42356e-16 3.34248e-16 4.6016e-16 6.32366e-16 8.67435e-16 1.1877e-15 1.62321e-15 2.21428e-15 3.01494e-15 4.09742e-15 5.55812e-15 7.52544e-15 1.01701e-14 1.37187e-14 1.84715e-14 2.48256e-14 3.33057e-14 4.46034e-14 5.963e-14 7.95838e-14 1.06039e-13 1.41062e-13 1.87361e-13 2.48484e-13 3.29073e-13 4.352e-13 5.748e-13 7.58238e-13 9.99039e-13 1.31485e-12 1.72867e-12 2.27046e-12 2.9792e-12 3.90555e-12 5.1153e-12 6.69366e-12 8.75083e-12 1.1429e-11 1.49112e-11 1.94319e-11 2.52913e-11 3.28711e-11 4.26555e-11 5.52558e-11 7.14401e-11 9.21696e-11 1.18641e-10 1.52341e-10 1.95107e-10 2.49207e-10 3.17442e-10 4.0327e-10 5.10977e-10 6.45903e-10 8.14757e-10 1.02605e-09 1.29069e-09 1.62284e-09 2.04108e-09 2.57e-09 3.24241e-09 4.10226e-09 5.2085e-09 6.64006e-09 8.50224e-09 1.09345e-08 1.412e-08 1.82965e-08 2.37691e-08 3.09233e-08 4.02386e-08 5.23004e-08 6.78095e-08 8.75854e-08 1.12562e-07 1.43772e-07 1.82318e-07 2.29328e-07 2.85893e-07 3.52994e-07 4.3142e-07 5.21682e-07 6.23952e-07 7.38028e-07 8.63356e-07 9.99128e-07 1.14449e-06 1.29887e-06 1.46245e-06 1.63675e-06 1.82553e-06 2.03565e-06 2.27836e-06 2.57067e-06 2.93704e-06 3.41128e-06 4.03874e-06 4.87873e-06 6.00698e-06 7.518e-06 9.5269e-06 1.21701e-05 1.56043e-05 2.00021e-05 2.55441e-05 3.24055e-05 4.0736e-05 5.06348e-05 6.2119e-05 7.50914e-05 8.93127e-05 0.000104386 0.000119763 0.00013478 0.000148735 0.000160984 0.000171074 0.000178865 0.000184635 0.000189144 0.000193637 0.000199803 0.000209671 0.000225481 0.00024952 0.00028393 0.000330492 0.000390381 0.000463923 0.000550394 0.000647947 0.00075377 0.000864567 0.000977428 0.0010911 0.00120763 0.00133438 0.00148642 0.00168968 0.00198512 0.00243471 0.00313004 0.00420412 0.00584692 0.00832356 0.0119916 0.0173077 0.0248069 0.0350256 0.0483413 0.0647378 0.0836107 0.103883 0.124641 0.145875 0.168076 0.189765 0.204544 0.202811 0.180737 0.145564 0.108546 0.0769522 0.0530431 0.0362683 0.0251464 0.0181909 0.0142323 0.0124682 0.0124201 0.0138669 0.016775 0.0212249 0.0273284 0.0351539 0.0447106 0.0560858 0.0698004 0.087307 0.111354 0.145914 0.195574 0.264569 0.355688 0.468346 0.591366 0.6874 0.70109 0.624092 0.511725 0.417539 0.359623 0.329011 0.302952 0.26264 0.209167 0.155724 0.111673 0.079211 0.0567381 0.0417029 0.0318651 0.0256367 0.0220406 0.0205464 0.020896 0.0229559 0.0266052 0.0316614 0.0378639 0.0449321 0.0526896 0.0611739 0.0706177 0.0812625 0.0931272 0.105934 0.119222 0.132356 0.144093 0.152154 0.153977 0.1489 0.139444 0.129881 0.123747 0.122656 0.126471 0.133802 0.142246 0.148615 0.149802 0.144221 0.132569 0.117068 0.100082 0.0833469 0.0678928 0.0542426 0.0425893 0.0329175 0.0250866 0.0188902 0.0140954 0.0104694 0.00779545 0.00588189 0.00456573 0.00371134 0.00320631 0.00295583 0.00287759 0.00289854 0.00295481 0.00299438 0.00298143 0.00289988 0.00275407 0.00256576 0.00236803 0.00219828 0.002092 0.0020786 0.00217889 0.00240379 0.0027531 0.00321429 0.0037615 0.00435569 0.00494695 0.00547937 0.00589812 0.00615761 0.00622884 0.00610459 0.0058009 0.00535431 0.00481492 0.00423707 0.00366999 0.00315101 0.0027024 0.00233203 0.00203647 0.00180533 0.00162539 0.00148381 0.00137 0.00127619 0.00119696 0.00112837 0.00106696 0.00100923 0.000951626 0.000890939 0.000824917 0.000752746 0.000675196 0.000594384 0.00051324 0.000434881 0.000362047 0.000296746 0.00024011 0.000192446 0.0001534 0.000122168 9.76921e-05 7.88315e-05 6.44752e-05 5.36171e-05 4.53928e-05 3.90925e-05 3.41556e-05 3.01579e-05 2.67913e-05 2.3844e-05 2.11796e-05 1.87183e-05 1.64207e-05 1.42732e-05 1.22778e-05 1.04432e-05 8.77921e-06 7.29271e-06 5.98594e-06 4.85579e-06 3.89408e-06 3.08855e-06 2.42407e-06 1.88387e-06 1.45074e-06 1.10795e-06 8.39933e-07 6.32709e-07 4.74121e-07 3.53866e-07 2.63416e-07 1.95858e-07 1.45687e-07 1.08595e-07 8.12557e-08 6.11353e-08 4.63261e-08 3.54059e-08 2.73234e-08 2.13073e-08 1.67951e-08 1.3379e-08 1.07639e-08 8.73719e-09 7.14582e-09 5.87966e-09 4.85938e-09 4.02764e-09 3.34283e-09 2.77446e-09 2.29995e-09 1.90232e-09 1.56854e-09 1.28836e-09 1.05357e-09 8.5738e-10 6.94102e-10 5.58867e-10 4.47467e-10 3.5624e-10 2.81999e-10 2.21967e-10 1.73741e-10 1.35251e-10 1.04731e-10 8.06843e-11 6.18554e-11 4.72007e-11 3.5861e-11 2.71347e-11 2.04548e-11 1.53666e-11 1.15085e-11 8.59571e-12 6.40503e-12 4.76321e-12 3.53654e-12 2.62249e-12 1.94295e-12 1.43868e-12 1.06502e-12 7.88429e-13 5.83828e-13 4.32529e-13 3.20644e-13 2.37882e-13 1.7663e-13 1.31264e-13 9.76354e-14 7.26829e-14 5.41492e-14 4.03691e-14 3.01132e-14 2.24731e-14 1.67769e-14 1.25271e-14 9.35438e-15 6.98482e-15 5.21455e-15 3.89178e-15 2.90338e-15 2.16491e-15 1.6133e-15 1.20143e-15 8.94033e-16 6.64742e-16 4.93825e-16 3.66513e-16 2.7176e-16 2.01299e-16 1.48953e-16 1.10101e-16 8.12942e-17 5.99582e-17 4.41726e-17 3.25063e-17 2.38942e-17 1.75438e-17 1.28665e-17 9.42562e-18 6.89714e-18 5.04128e-18 3.6807e-18 2.68435e-18 1.95556e-18 1.42308e-18 1.03447e-18 7.51165e-19 5.44866e-19 3.94802e-19 2.85764e-19 2.0662e-19 1.49236e-19 1.07675e-19 7.76048e-20 5.58723e-20 4.01823e-20 2.88669e-20 2.07152e-20 1.4849e-20 1.06321e-20 7.60418e-21 5.43239e-21 3.87642e-21 2.76291e-21 1.96696e-21 1.39866e-21 9.93374e-22 7.04683e-22 4.99289e-22 3.53334e-22 2.49742e-22 
1.1194e-22 1.60618e-22 2.30387e-22 3.30352e-22 4.73533e-22 6.78531e-22 9.71919e-22 1.39163e-21 1.99176e-21 2.84946e-21 4.0746e-21 5.82358e-21 8.31882e-21 1.18764e-20 1.69448e-20 2.41603e-20 3.44241e-20 4.90111e-20 6.97236e-20 9.91053e-20 1.40742e-19 1.99683e-19 2.83026e-19 4.00736e-19 5.66784e-19 8.00724e-19 1.12988e-18 1.5924e-18 2.24139e-18 3.15072e-18 4.42296e-18 6.20025e-18 8.67921e-18 1.21314e-17 1.6931e-17 2.35929e-17 3.28242e-17 4.55936e-17 6.32264e-17 8.75317e-17 1.20974e-16 1.66904e-16 2.2987e-16 3.16028e-16 4.33701e-16 5.94112e-16 8.12371e-16 1.10877e-15 1.51054e-15 2.05408e-15 2.78804e-15 3.77728e-15 5.1081e-15 6.89514e-15 9.29048e-15 1.24954e-14 1.67761e-14 2.24839e-14 3.00818e-14 4.01796e-14 5.35787e-14 7.13319e-14 9.48202e-14 1.25854e-13 1.66803e-13 2.2077e-13 2.91811e-13 3.85223e-13 5.07926e-13 6.68947e-13 8.80056e-13 1.15658e-12 1.51849e-12 1.9917e-12 2.60991e-12 3.41675e-12 4.4687e-12 5.83866e-12 7.62049e-12 9.93469e-12 1.29355e-11 1.68195e-11 2.18367e-11 2.83029e-11 3.66164e-11 4.72767e-11 6.09079e-11 7.82869e-11 1.00378e-10 1.28374e-10 1.63753e-10 2.08341e-10 2.64404e-10 3.34767e-10 4.22967e-10 5.3348e-10 6.72016e-10 8.45941e-10 1.06485e-09 1.34139e-09 1.69227e-09 2.13981e-09 2.71378e-09 3.45397e-09 4.41334e-09 5.66204e-09 7.29234e-09 9.42439e-09 1.2213e-08 1.58548e-08 2.05964e-08 2.67416e-08 3.4658e-08 4.47816e-08 5.76177e-08 7.37367e-08 9.3764e-08 1.18361e-07 1.482e-07 1.83926e-07 2.26115e-07 2.75233e-07 3.3159e-07 3.95311e-07 4.66326e-07 5.44402e-07 6.29214e-07 7.20481e-07 8.18183e-07 9.22859e-07 1.036e-06 1.16056e-06 1.30159e-06 1.46694e-06 1.66821e-06 1.92175e-06 2.24986e-06 2.6821e-06 3.25667e-06 4.02187e-06 5.03723e-06 6.3744e-06 8.11708e-06 1.03598e-05 1.32049e-05 1.67567e-05 2.11134e-05 2.63546e-05 3.25269e-05 3.96265e-05 4.75829e-05 5.62453e-05 6.53782e-05 7.46692e-05 8.37539e-05 9.22601e-05 9.98672e-05 0.000106376 0.00011178 0.000116319 0.000120519 0.000125198 0.000131438 0.000140536 0.000153921 0.000173058 0.000199319 0.000233843 0.000277382 0.000330145 0.000391686 0.000460887 0.000536081 0.000615401 0.000697369 0.000781766 0.000870772 0.000970392 0.00109224 0.00125586 0.00149174 0.00184558 0.00238387 0.00320128 0.00442931 0.00624517 0.00887749 0.0126027 0.0177227 0.0245126 0.0331348 0.0435408 0.0554212 0.0682922 0.0817145 0.0954168 0.108927 0.120664 0.127366 0.125359 0.113506 0.0946613 0.0736681 0.054467 0.0389711 0.027492 0.019533 0.0143624 0.011304 0.00984429 0.00964817 0.0105378 0.0124573 0.0154332 0.0195364 0.0248622 0.0315554 0.0399163 0.050596 0.0648283 0.0845749 0.112452 0.151373 0.203898 0.271164 0.350585 0.430774 0.48676 0.491788 0.446015 0.37747 0.314296 0.268734 0.238197 0.212518 0.183009 0.148688 0.114335 0.084666 0.0616336 0.0449717 0.0334725 0.0258388 0.0210489 0.0184297 0.0175988 0.0183613 0.0206019 0.024186 0.0288847 0.0343495 0.0401689 0.0460039 0.0517341 0.0574997 0.0635868 0.0702354 0.0775011 0.0852083 0.0928975 0.0997063 0.104389 0.105827 0.103908 0.0999779 0.0962705 0.094861 0.09695 0.102662 0.111033 0.11998 0.126521 0.127735 0.12225 0.110989 0.0963623 0.0808257 0.0660596 0.0529188 0.0417004 0.0323972 0.0248549 0.0188574 0.0141726 0.0105765 0.00786566 0.005863 0.00441879 0.00340932 0.00273359 0.00230918 0.00206791 0.00195224 0.00191304 0.00190894 0.00190722 0.00188546 0.00183281 0.00175004 0.0016478 0.00154358 0.00145796 0.00141116 0.00142042 0.00149812 0.00165061 0.00187722 0.00216953 0.00251098 0.00287731 0.00323827 0.00356062 0.00381234 0.00396722 0.00400893 0.00393372 0.00375105 0.0034818 0.0031545 0.00280024 0.00244772 0.00211943 0.0018297 0.00158482 0.00138443 0.00122378 0.00109595 0.000993753 0.000910844 0.000842233 0.000784198 0.000733896 0.000688939 0.000647105 0.000606289 0.000564667 0.000520953 0.000474613 0.000425937 0.00037593 0.000326059 0.000277943 0.000233058 0.000192533 0.000157053 0.000126861 0.000101824 8.15338e-05 6.54194e-05 5.28341e-05 4.313e-05 3.57045e-05 3.00283e-05 2.56573e-05 2.2234e-05 1.94813e-05 1.71935e-05 1.52243e-05 1.34755e-05 1.18858e-05 1.04204e-05 9.06327e-06 7.80929e-06 6.65952e-06 5.61706e-06 4.68447e-06 3.86232e-06 3.14848e-06 2.53813e-06 2.0241e-06 1.59756e-06 1.2486e-06 9.66977e-07 7.42594e-07 5.65963e-07 4.28476e-07 3.22559e-07 2.41728e-07 1.80558e-07 1.34607e-07 1.00303e-07 7.4823e-08 5.59681e-08 4.20483e-08 3.17803e-08 2.41999e-08 1.85892e-08 1.44181e-08 1.12976e-08 8.94405e-09 7.15132e-09 5.77035e-09 4.69344e-09 3.84291e-09 3.16271e-09 2.61229e-09 2.16223e-09 1.79101e-09 1.48275e-09 1.22557e-09 1.01043e-09 8.30285e-10 6.79565e-10 5.53729e-10 4.49011e-10 3.62231e-10 2.90667e-10 2.31971e-10 1.84109e-10 1.45319e-10 1.14075e-10 8.90691e-11 6.91806e-11 5.34607e-11 4.11115e-11 3.14678e-11 2.39801e-11 1.81985e-11 1.37576e-11 1.03636e-11 7.78171e-12 5.8262e-12 4.35103e-12 3.24225e-12 2.41159e-12 1.79109e-12 1.32872e-12 9.84917e-13 7.29705e-13 5.40509e-13 4.00384e-13 2.96664e-13 2.19912e-13 1.63114e-13 1.2107e-13 8.99313e-14 6.68544e-14 4.9738e-14 3.70314e-14 2.75896e-14 2.05673e-14 1.53399e-14 1.14454e-14 8.5418e-15 6.37567e-15 4.75889e-15 3.55172e-15 2.65016e-15 1.9768e-15 1.47388e-15 1.09833e-15 8.17969e-16 6.08753e-16 4.52705e-16 3.36383e-16 2.4973e-16 1.85229e-16 1.37255e-16 1.01604e-16 7.51367e-17 5.55053e-17 4.09592e-17 3.01923e-17 2.22313e-17 1.63514e-17 1.20133e-17 8.81627e-18 6.46289e-18 4.73246e-18 3.46153e-18 2.52913e-18 1.84587e-18 1.34573e-18 9.80048e-19 7.12969e-19 5.1812e-19 3.76122e-19 2.72752e-19 1.97583e-19 1.42979e-19 1.03356e-19 7.46355e-20 5.38386e-20 3.87954e-20 2.79257e-20 2.00799e-20 1.44227e-20 1.03481e-20 7.41643e-21 5.30942e-21 3.79676e-21 2.71198e-21 1.93493e-21 1.37893e-21 9.81555e-22 6.97876e-22 4.95597e-22 3.51531e-22 2.49046e-22 1.76228e-22 
8.00078e-23 1.1476e-22 1.64552e-22 2.35865e-22 3.37962e-22 4.84071e-22 6.93075e-22 9.91905e-22 1.41896e-21 2.02891e-21 2.89961e-21 4.14172e-21 5.91252e-21 8.43523e-21 1.20264e-20 1.71344e-20 2.43937e-20 3.4701e-20 4.93221e-20 7.00416e-20 9.93721e-20 1.40847e-19 1.99426e-19 2.82064e-19 3.98499e-19 5.62342e-19 7.92586e-19 1.1157e-18 1.5685e-18 2.20211e-18 3.08742e-18 4.3225e-18 6.04285e-18 8.43531e-18 1.1757e-17 1.63611e-17 2.27321e-17 3.15326e-17 4.36679e-17 6.0372e-17 8.33236e-17 1.14802e-16 1.57897e-16 2.16784e-16 2.97103e-16 4.06449e-16 5.55033e-16 7.56558e-16 1.02937e-15 1.39802e-15 1.89522e-15 2.56458e-15 3.46408e-15 4.67066e-15 6.28631e-15 8.44596e-15 1.13279e-14 1.51673e-14 2.0274e-14 2.70558e-14 3.60486e-14 4.79561e-14 6.3701e-14 8.44928e-14 1.11915e-13 1.48037e-13 1.95569e-13 2.58044e-13 3.40079e-13 4.47693e-13 5.88727e-13 7.73389e-13 1.01495e-12 1.33065e-12 1.74284e-12 2.28043e-12 2.98078e-12 3.89202e-12 5.076e-12 6.61197e-12 8.60111e-12 1.11722e-11 1.44884e-11 1.87558e-11 2.42336e-11 3.12464e-11 4.01997e-11 5.15979e-11 6.60672e-11 8.43844e-11 1.07512e-10 1.36646e-10 1.73276e-10 2.19265e-10 2.76967e-10 3.4937e-10 4.40312e-10 5.54764e-10 6.99227e-10 8.82265e-10 1.11523e-09 1.41321e-09 1.79629e-09 2.29117e-09 2.9332e-09 3.76887e-09 4.8589e-09 6.28173e-09 8.13757e-09 1.05528e-08 1.36844e-08 1.77241e-08 2.29021e-08 2.94889e-08 3.77954e-08 4.81697e-08 6.09903e-08 7.66548e-08 9.55637e-08 1.181e-07 1.44607e-07 1.75363e-07 2.1056e-07 2.50295e-07 2.94567e-07 3.43306e-07 3.96423e-07 4.53905e-07 5.15952e-07 5.83168e-07 6.56814e-07 7.39125e-07 8.33702e-07 9.45984e-07 1.0838e-06 1.258e-06 1.4832e-06 1.77853e-06 2.16848e-06 2.68362e-06 3.36125e-06 4.24566e-06 5.38788e-06 6.84463e-06 8.6761e-06 1.09423e-05 1.36978e-05 1.69845e-05 2.08234e-05 2.52052e-05 3.0082e-05 3.53616e-05 4.09068e-05 4.65423e-05 5.20714e-05 5.73017e-05 6.20801e-05 6.63323e-05 7.0101e-05 7.35791e-05 7.71293e-05 8.12892e-05 8.67578e-05 9.43649e-05 0.000105024 0.000119668 0.000139173 0.000164264 0.000195418 0.000232777 0.000276083 0.000324684 0.000377636 0.000433946 0.000492977 0.000555038 0.000622174 0.000699167 0.000794813 0.000923562 0.00110765 0.00137987 0.00178716 0.00239481 0.00329099 0.00459042 0.00643496 0.00898762 0.0124156 0.0168593 0.0223891 0.0289653 0.0364251 0.0445182 0.0529648 0.0614386 0.0693803 0.0757177 0.0788596 0.077333 0.070805 0.0605248 0.0486735 0.0372827 0.027602 0.0200796 0.0146405 0.0109737 0.00872422 0.00758906 0.00735254 0.00788852 0.00914799 0.011142 0.0139284 0.0176124 0.0223755 0.0285431 0.0366868 0.0477272 0.0629781 0.0840634 0.112652 0.149945 0.195764 0.246903 0.294916 0.326108 0.328785 0.303838 0.264299 0.224465 0.192004 0.16719 0.14612 0.124956 0.102689 0.0808647 0.0615695 0.0460026 0.0343044 0.0259891 0.0203884 0.0169126 0.0151457 0.0148405 0.0158638 0.0181208 0.0214752 0.0256828 0.0303692 0.0350845 0.0394387 0.0432522 0.0466203 0.0498338 0.0532097 0.0569382 0.0609993 0.0651312 0.0688348 0.0714838 0.0726137 0.0722896 0.0712624 0.0707349 0.0718976 0.0755206 0.0816998 0.0896821 0.0977569 0.103466 0.104447 0.0996551 0.0899436 0.0774131 0.0642224 0.0518569 0.0410472 0.0319995 0.0246402 0.018776 0.0141794 0.0106283 0.00792304 0.00589167 0.00439075 0.00330295 0.00253367 0.00200717 0.00166269 0.001451 0.00133159 0.00127094 0.00124169 0.00122264 0.00119926 0.00116399 0.00111605 0.00106041 0.00100616 0.000964489 0.000946738 0.000962772 0.00101974 0.00112116 0.00126626 0.0014495 0.0016605 0.00188444 0.00210319 0.00229721 0.00244789 0.00254023 0.00256499 0.00252016 0.00241115 0.00224982 0.00205231 0.0018364 0.00161875 0.00141278 0.00122759 0.00106776 0.000934031 0.000824434 0.000735493 0.000663272 0.000604082 0.00055483 0.000513074 0.00047688 0.000444641 0.000414931 0.00038647 0.000358183 0.000329306 0.00029948 0.000268784 0.00023768 0.000206894 0.000177257 0.000149554 0.00012441 0.000102226 8.31683e-05 6.71933e-05 5.40964e-05 4.35678e-05 3.52438e-05 2.87484e-05 2.37234e-05 1.98474e-05 1.68451e-05 1.44907e-05 1.26055e-05 1.10537e-05 9.73642e-06 8.58469e-06 7.55331e-06 6.61469e-06 5.7537e-06 4.96336e-06 4.24137e-06 3.58765e-06 3.00252e-06 2.48562e-06 2.03536e-06 1.64878e-06 1.32162e-06 1.04866e-06 8.24053e-07 6.41665e-07 4.95426e-07 3.79565e-07 2.88796e-07 2.18421e-07 1.64376e-07 1.2323e-07 9.21429e-08 6.88122e-08 5.13992e-08 3.84593e-08 2.88728e-08 2.17822e-08 1.65385e-08 1.26547e-08 9.76876e-09 7.61333e-09 5.99238e-09 4.76282e-09 3.82063e-09 3.09042e-09 2.51765e-09 2.06287e-09 1.6975e-09 1.4008e-09 1.15764e-09 9.56837e-10 7.901e-10 6.51143e-10 5.35129e-10 4.38256e-10 3.57473e-10 2.90276e-10 2.34579e-10 1.88612e-10 1.50863e-10 1.20029e-10 9.49869e-11 7.47697e-11 5.85461e-11 4.56064e-11 3.53482e-11 2.72644e-11 2.09313e-11 1.59981e-11 1.21762e-11 9.231e-12 6.97267e-12 5.2492e-12 3.93975e-12 2.94895e-12 2.20208e-12 1.64102e-12 1.22083e-12 9.06984e-13 6.7312e-13 4.99189e-13 3.70036e-13 2.74248e-13 2.03266e-13 1.50694e-13 1.11766e-13 8.29393e-14 6.15869e-14 4.57631e-14 3.40291e-14 2.53214e-14 1.88542e-14 1.40471e-14 1.04709e-14 7.80832e-15 5.82454e-15 4.34557e-15 3.24237e-15 2.41913e-15 1.80462e-15 1.34585e-15 1.00335e-15 7.47658e-16 5.56822e-16 4.14435e-16 3.08242e-16 2.29084e-16 1.70114e-16 1.26214e-16 9.35568e-17 6.92833e-17 5.1257e-17 3.78823e-17 2.79685e-17 2.06274e-17 1.5197e-17 1.11841e-17 8.22188e-18 6.03768e-18 4.42889e-18 3.24524e-18 2.37534e-18 1.73674e-18 1.26846e-18 9.25448e-19 6.74471e-19 4.91036e-19 3.57113e-19 2.59442e-19 1.88287e-19 1.36505e-19 9.88601e-20 7.15224e-20 5.16904e-20 3.73184e-20 2.69142e-20 1.93902e-20 1.39547e-20 1.00322e-20 7.20454e-21 5.16826e-21 3.70345e-21 2.65088e-21 1.89534e-21 1.35362e-21 9.65637e-22 6.8807e-22 4.89722e-22 3.48146e-22 2.47208e-22 1.75329e-22 1.24202e-22 
